1200.11	380.559
1200.43	381.985
1200.76	384.59
1201.08	384.813
1201.4	379.962
1201.73	376.355
1202.05	378.915
1202.37	375.387
1202.7	376.008
1203.02	376.046
1203.34	382.211
1203.67	387.182
1203.99	382.116
1204.32	381.246
1204.64	379.333
1204.96	372.964
1205.29	377.563
1205.61	371.83
1205.93	382.929
1206.26	375.462
1206.58	384.154
1206.9	376.043
1207.23	382.641
1207.55	374.496
1207.87	372.779
1208.2	380.389
1208.52	379.628
1208.84	385.476
1209.16	380.371
1209.49	379.714
1209.81	379.418
1210.13	380.565
1210.46	383.861
1210.78	380.747
1211.1	375.969
1211.42	374.966
1211.75	371.271
1212.07	379.16
1212.39	382.997
1212.72	381.327
1213.04	383.784
1213.36	383.611
1213.69	381.256
1214.01	379.699
1214.33	380.72
1214.65	377.807
1214.98	381.889
1215.3	378.147
1215.62	379.78
1215.95	381.255
1216.27	380.975
1216.59	379.842
1216.91	380.536
1217.24	382.145
1217.56	378.277
1217.88	382.598
1218.2	384.682
1218.53	381.44
1218.85	378.066
1219.17	374.159
1219.5	384.465
1219.82	385.464
1220.14	377.303
1220.46	380.757
1220.78	378.694
1221.11	381.22
1221.43	381.729
1221.75	381.735
1222.07	379.927
1222.4	375.894
1222.72	382.617
1223.04	382.206
1223.36	382.435
1223.69	388.97
1224.01	380.031
1224.33	380.68
1224.65	386.297
1224.97	373.651
1225.3	388.816
1225.62	385.302
1225.94	381.992
1226.26	381.083
1226.58	384.104
1226.91	387.807
1227.23	382.016
1227.55	376.812
1227.87	381.241
1228.2	380.058
1228.52	378.667
1228.84	383.896
1229.16	384.2
1229.48	386.907
1229.81	383.129
1230.13	376.619
1230.45	374.957
1230.77	386.487
1231.09	380.505
1231.41	385.286
1231.74	387.356
1232.06	384.053
1232.38	383.584
1232.7	384.336
1233.02	384.372
1233.35	379.328
1233.67	384.44
1233.99	376.998
1234.31	377.334
1234.63	385.308
1234.95	383.746
1235.28	382.894
1235.6	379.523
1235.92	379.279
1236.24	380
1236.56	387.11
1236.88	385.543
1237.2	390.555
1237.53	383.861
1237.85	380.607
1238.17	379.436
1238.49	383.357
1238.81	382.723
1239.13	387.065
1239.46	380.867
1239.78	385.185
1240.1	381.143
1240.42	385.792
1240.74	389.044
1241.06	384.466
1241.38	388.43
1241.7	382.853
1242.03	383.38
1242.35	384.05
1242.67	381.767
1242.99	382.167
1243.31	383.57
1243.63	380.921
1243.95	380.501
1244.27	386.747
1244.59	383.748
1244.92	381.879
1245.24	385.438
1245.56	384.518
1245.88	382.403
1246.2	378.584
1246.52	382.998
1246.84	386.742
1247.16	380.508
1247.48	376.446
1247.8	384.539
1248.12	385.043
1248.45	384.041
1248.77	383.682
1249.09	380.016
1249.41	388.998
1249.73	385.786
1250.05	386.669
1250.37	385.969
1250.69	377.582
1251.01	384.22
1251.33	377.979
1251.65	381.179
1251.97	378.628
1252.29	385.209
1252.61	379.581
1252.93	383.962
1253.26	378.175
1253.57	384.689
1253.9	393.14
1254.22	384.232
1254.54	380.728
1254.86	378.419
1255.18	380.237
1255.5	381.683
1255.82	382.043
1256.14	372.798
1256.46	382.458
1256.78	383.081
1257.1	378.992
1257.42	378.311
1257.74	384.968
1258.06	385.715
1258.38	382.717
1258.7	381.87
1259.02	385.591
1259.34	384.153
1259.66	385.538
1259.98	386.238
1260.3	390.158
1260.62	382.507
1260.94	387.752
1261.26	383.818
1261.58	387.001
1261.9	384.289
1262.22	375.773
1262.54	381.832
1262.86	382.845
1263.18	380.383
1263.5	386.114
1263.82	382.404
1264.14	381.046
1264.46	380.023
1264.78	383.138
1265.1	376.024
1265.42	382.066
1265.74	382.108
1266.06	380.064
1266.38	380.248
1266.7	379.575
1267.02	382.438
1267.34	380.527
1267.66	378.905
1267.98	383.84
1268.3	386.129
1268.62	373.763
1268.94	382.074
1269.26	382.422
1269.58	379.194
1269.9	384.123
1270.22	384.606
1270.54	386.422
1270.85	381.388
1271.17	380.715
1271.49	384.566
1271.81	376.169
1272.13	376.276
1272.45	381.7
1272.77	383.798
1273.09	381.152
1273.41	386.181
1273.73	378.458
1274.05	384.911
1274.37	378.983
1274.69	378.875
1275.01	383.43
1275.33	379.149
1275.64	383.665
1275.96	384.736
1276.28	384.799
1276.6	381.355
1276.92	382.194
1277.24	385.79
1277.56	386.717
1277.88	377.392
1278.2	381.809
1278.52	380.9
1278.84	383.789
1279.15	378.419
1279.47	382.182
1279.79	375.761
1280.11	376.481
1280.43	381.759
1280.75	384.249
1281.07	377.238
1281.39	387.972
1281.71	385.333
1282.03	382.572
1282.34	379.309
1282.66	381.439
1282.98	382.543
1283.3	391.054
1283.62	383.283
1283.94	384.265
1284.26	378.692
1284.57	379.559
1284.89	384.865
1285.21	381.318
1285.53	382.426
1285.85	388.434
1286.17	376.7
1286.49	378.512
1286.81	389.926
1287.12	387.625
1287.44	384.773
1287.76	392.732
1288.08	392.25
1288.4	388.704
1288.72	387.014
1289.03	378.818
1289.35	377.734
1289.67	381.291
1289.99	384.985
1290.31	384.49
1290.63	382.297
1290.94	382.37
1291.26	381.87
1291.58	379.169
1291.9	381.099
1292.22	382.953
1292.54	385.83
1292.85	386.335
1293.17	384.813
1293.49	385.528
1293.81	389.322
1294.13	388.719
1294.44	387.32
1294.76	391.707
1295.08	390.59
1295.4	380.298
1295.72	385.24
1296.03	387.254
1296.35	385.443
1296.67	386.508
1296.99	385.217
1297.31	388.181
1297.62	388.663
1297.94	388.869
1298.26	382.606
1298.58	389.916
1298.9	386.619
1299.21	387.606
1299.53	387.135
1299.85	387.666
1300.17	392.145
1300.48	394.864
1300.8	385.224
1301.12	392.175
1301.44	400.063
1301.76	388.778
1302.07	382.182
1302.39	390.526
1302.71	395.042
1303.03	390.24
1303.34	392.294
1303.66	391.16
1303.98	392.228
1304.3	383.249
1304.61	385.682
1304.93	386.019
1305.25	393.583
1305.57	388.367
1305.88	392.897
1306.2	395.166
1306.52	388.819
1306.84	389.592
1307.15	393.473
1307.47	390.89
1307.79	392.217
1308.1	380.991
1308.42	392.343
1308.74	387.101
1309.06	388.552
1309.37	391.374
1309.69	391.686
1310.01	387.884
1310.33	386.846
1310.64	390.059
1310.96	390.659
1311.28	391.764
1311.59	393.743
1311.91	394.15
1312.23	393.238
1312.54	390.624
1312.86	387.064
1313.18	388.098
1313.5	396.414
1313.81	394.49
1314.13	394.173
1314.45	392.055
1314.76	393.921
1315.08	396.854
1315.4	402.063
1315.71	397.45
1316.03	388.178
1316.35	396.883
1316.66	393.809
1316.98	387.813
1317.3	395.776
1317.61	395.942
1317.93	391.33
1318.25	393.652
1318.56	394.849
1318.88	389.315
1319.2	391.205
1319.51	402.572
1319.83	387.613
1320.15	393.223
1320.46	392.62
1320.78	394.418
1321.1	397.274
1321.41	392.909
1321.73	391.886
1322.05	406.16
1322.36	401.862
1322.68	398.188
1323	397.593
1323.31	406.228
1323.63	403.533
1323.94	409.71
1324.26	411.066
1324.58	413.279
1324.89	408.937
1325.21	408.82
1325.53	407.311
1325.84	416.759
1326.16	418.51
1326.47	418.317
1326.79	410.323
1327.11	428.079
1327.42	416.126
1327.74	422.753
1328.06	434.398
1328.37	437.916
1328.69	454.064
1329	449.025
1329.32	435.832
1329.64	459.426
1329.95	467.673
1330.27	472.019
1330.58	493.332
1330.9	508.567
1331.22	521.49
1331.53	529.973
1331.85	544.953
1332.16	578.032
1332.48	600.854
1332.79	620.727
1333.11	668.598
1333.43	710.593
1333.74	759.067
1334.06	793.734
1334.37	840.414
1334.69	887.419
1335	926.684
1335.32	944.642
1335.63	948.207
1335.95	955.566
1336.27	931.828
1336.58	889.939
1336.9	842.602
1337.21	789.711
1337.53	744.457
1337.85	703.903
1338.16	669.812
1338.48	639.52
1338.79	602.157
1339.11	577.278
1339.42	547.289
1339.74	526.631
1340.05	508.596
1340.37	482.285
1340.68	468.173
1341	463.627
1341.31	455.313
1341.63	451.881
1341.94	445.23
1342.26	437.22
1342.58	426.209
1342.89	425.008
1343.21	422.957
1343.52	421.05
1343.83	430.379
1344.15	429.132
1344.47	421.829
1344.78	421.915
1345.1	419.965
1345.41	417.295
1345.73	413.609
1346.04	412.807
1346.36	410.351
1346.67	412.181
1346.99	409.159
1347.3	409.36
1347.62	412.716
1347.93	413.333
1348.25	409.42
1348.56	401.605
1348.88	405.833
1349.19	410.467
1349.5	402.617
1349.82	408.24
1350.13	400.909
1350.45	401.132
1350.76	403.555
1351.08	403.17
1351.39	413.553
1351.71	406.559
1352.02	400.958
1352.34	399.183
1352.65	405.093
1352.97	399.63
1353.28	396.002
1353.6	400.932
1353.91	400.555
1354.22	398.487
1354.54	399.58
1354.85	393.491
1355.17	408.188
1355.48	400.802
1355.8	412.329
1356.11	401.914
1356.43	402.264
1356.74	403.43
1357.06	406.963
1357.37	406.843
1357.68	402.188
1358	401.463
1358.31	410.553
1358.63	402.813
1358.94	398.986
1359.26	399.741
1359.57	405.486
1359.88	406.18
1360.2	405.386
1360.51	400.645
1360.83	399.205
1361.14	396.688
1361.45	405.261
1361.77	395.976
1362.08	404.623
1362.4	406.541
1362.71	397.573
1363.02	404.968
1363.34	412.278
1363.65	409.832
1363.97	399.904
1364.28	404.829
1364.59	400.408
1364.91	402.436
1365.22	396.352
1365.54	405.53
1365.85	409.949
1366.16	404.217
1366.48	413.335
1366.79	407.542
1367.11	396.207
1367.42	404.363
1367.73	410.069
1368.05	405.289
1368.36	399.126
1368.67	404.584
1368.99	405.752
1369.3	403.657
1369.61	406.657
1369.93	406.874
1370.24	402.05
1370.55	406.78
1370.87	411.551
1371.18	401.129
1371.5	403.695
1371.81	400.911
1372.12	397.518
1372.17	397.079
1372.48	397.075
1372.8	403.893
1373.12	401.873
1373.43	396.808
1373.75	405.831
1374.06	404.548
1374.38	400.619
1374.69	399.736
1375.01	395.603
1375.32	398.85
1375.64	400.134
1375.96	402.846
1376.27	394.956
1376.59	414.229
1376.9	393.831
1377.22	395.909
1377.53	398.528
1377.85	397.837
1378.16	404.061
1378.48	397.57
1378.79	404.466
1379.11	398.139
1379.42	407.048
1379.74	405.786
1380.05	400.52
1380.37	406.693
1380.69	404.474
1381	402.882
1381.32	404.784
1381.63	408.376
1381.94	404.677
1382.26	400.491
1382.58	401.393
1382.89	400.24
1383.21	400.638
1383.52	398.31
1383.84	397.25
1384.15	412.428
1384.47	404.299
1384.78	415.897
1385.1	399.83
1385.41	409.104
1385.73	399.825
1386.04	413.181
1386.35	401.232
1386.67	395.725
1386.99	405.421
1387.3	409.216
1387.61	405.191
1387.93	395.782
1388.24	400.089
1388.56	398.21
1388.87	395.855
1389.19	411.307
1389.5	407.651
1389.82	399.417
1390.13	407.661
1390.45	414.79
1390.76	404.227
1391.08	396.562
1391.39	407.32
1391.71	411.773
1392.02	396.577
1392.33	405.76
1392.65	396.604
1392.96	414.369
1393.28	404.686
1393.59	406.077
1393.91	412.94
1394.22	399.984
1394.54	402.697
1394.85	408.782
1395.16	401.719
1395.48	391.589
1395.79	394.094
1396.11	396.916
1396.42	402.675
1396.73	404.481
1397.05	400.742
1397.36	394.987
1397.68	399.056
1397.99	405.685
1398.31	409.003
1398.62	402.523
1398.94	402.479
1399.25	402.134
1399.56	399.243
1399.88	399.608
1400.19	406.1
1400.5	402.756
1400.82	404.386
1401.13	407.049
1401.45	409.335
1401.76	402.595
1402.08	403.166
1402.39	403.645
1402.7	408.407
1403.02	400.665
1403.33	407.067
1403.65	407.764
1403.96	399.505
1404.27	401.724
1404.59	406.061
1404.9	401.447
1405.21	401.118
1405.53	409.907
1405.84	409.525
1406.15	401.584
1406.47	405.895
1406.78	405.558
1407.09	404.485
1407.41	406.329
1407.72	408.516
1408.04	399.591
1408.35	402.238
1408.66	407.013
1408.98	406.137
1409.29	402.753
1409.6	402.614
1409.92	409.938
1410.23	413.949
1410.54	399.454
1410.86	405.978
1411.17	401.938
1411.48	401.708
1411.8	410.428
1412.11	408.043
1412.43	405.087
1412.74	400.841
1413.05	406.382
1413.36	410.292
1413.68	409.058
1413.99	409.41
1414.3	410.109
1414.62	412.429
1414.93	402.874
1415.24	399.745
1415.56	405.373
1415.87	399.208
1416.18	405.053
1416.5	407.272
1416.81	408.915
1417.12	404.937
1417.44	406.129
1417.75	405.894
1418.06	409.431
1418.37	409.705
1418.69	406.258
1419	404.103
1419.31	408.936
1419.63	402.981
1419.94	401.473
1420.25	404.836
1420.56	403.824
1420.88	404.979
1421.19	409.384
1421.5	406.999
1421.82	401.668
1422.13	409.304
1422.44	408.983
1422.76	406.631
1423.07	414.024
1423.38	401.318
1423.69	411.513
1424.01	407.547
1424.32	399.572
1424.63	412.742
1424.94	408.349
1425.26	406.125
1425.57	410.238
1425.88	396.557
1426.19	411.541
1426.51	407.355
1426.82	404.513
1427.13	420.57
1427.44	415.95
1427.76	407.453
1428.07	402.882
1428.38	409.873
1428.69	405.08
1429.01	398.367
1429.32	405.37
1429.63	411.638
1429.94	409.615
1430.25	405.615
1430.57	405.501
1430.88	415.691
1431.19	412.936
1431.5	414.129
1431.82	411.643
1432.13	411.206
1432.44	403.447
1432.75	400.668
1433.06	405.317
1433.38	409.452
1433.69	415.834
1434	404.716
1434.31	422.034
1434.62	396.898
1434.94	414.038
1435.25	406.875
1435.56	403.081
1435.87	410.418
1436.18	415.263
1436.5	423.042
1436.81	413.996
1437.12	417.867
1437.43	408.777
1437.74	413.3
1438.06	412.909
1438.37	416.109
1438.68	402.574
1438.99	410.045
1439.3	411.407
1439.61	409.366
1439.93	411.735
1440.24	411.855
1440.55	410.527
1440.86	420.022
1441.17	414.011
1441.48	418.703
1441.8	409.902
1442.11	417.212
1442.42	413.459
1442.73	407.585
1443.04	410.97
1443.35	414.95
1443.67	411.495
1443.98	410.83
1444.29	410.228
1444.6	412.39
1444.91	412.201
1445.22	415.367
1445.53	408.147
1445.85	415.47
1446.16	407.838
1446.47	412.542
1446.78	419.76
1447.09	409.252
1447.4	416.247
1447.71	415.875
1448.02	414.719
1448.33	415.49
1448.65	415.257
1448.96	412.725
1449.27	418.443
1449.58	412.444
1449.89	412.644
1450.2	413.604
1450.51	413.949
1450.82	410.34
1451.14	407.821
1451.45	412.402
1451.76	416.299
1452.07	418.331
1452.38	415.171
1452.69	417.668
1453	417.414
1453.31	419.623
1453.62	410.827
1453.93	412.791
1454.25	418.771
1454.56	419.745
1454.87	424.331
1455.18	417.496
1455.49	408.841
1455.8	413.387
1456.11	415.392
1456.42	410.169
1456.73	406.987
1457.04	409.343
1457.35	417.648
1457.66	411.118
1457.97	404.06
1458.28	405.858
1458.59	408.397
1458.9	413.413
1459.22	412.417
1459.53	408.452
1459.84	416.744
1460.15	416.969
1460.46	409.327
1460.77	413.446
1461.08	412.249
1461.39	413.555
1461.7	417.408
1462.01	420.825
1462.32	415.137
1462.63	422.835
1462.94	419.307
1463.25	414.94
1463.56	417.886
1463.87	418.371
1464.18	412.897
1464.49	410.473
1464.8	417.743
1465.11	410.314
1465.42	412.912
1465.73	414.54
1466.04	419.271
1466.35	418.372
1466.66	409.978
1466.97	414.854
1467.28	409.376
1467.59	418.21
1467.9	411.546
1468.21	416.301
1468.52	414.472
1468.83	413.353
1469.14	411.895
1469.45	414.178
1469.76	410.731
1470.07	419.923
1470.38	424.277
1470.69	413.299
1471	417.056
1471.31	411.968
1471.62	417.364
1471.93	420.168
1472.24	417.132
1472.55	428.989
1472.86	414.132
1473.17	410.96
1473.48	416.333
1473.79	417.612
1474.1	418.245
1474.41	416.31
1474.72	409.51
1475.03	421.49
1475.34	422.396
1475.65	413.928
1475.96	418.22
1476.27	414.151
1476.58	415.395
1476.89	410.796
1477.2	409.847
1477.51	409.87
1477.82	419.468
1478.13	415.673
1478.44	411.566
1478.74	410.202
1479.05	413.745
1479.36	421.485
1479.67	413.96
1479.98	404.867
1480.29	410.483
1480.6	414.065
1480.91	417.987
1481.22	409.752
1481.53	409.625
1481.84	413.54
1482.15	407.552
1482.46	398.371
1482.77	403.36
1483.07	408.099
1483.38	404.118
1483.69	414.921
1484	411.158
1484.31	420.863
1484.62	410.694
1484.93	415.949
1485.24	416.523
1485.55	411.199
1485.86	408.283
1486.17	408.661
1486.47	406.128
1486.78	416.778
1487.09	410.991
1487.4	411.982
1487.71	409.313
1488.02	415.553
1488.33	408.814
1488.64	410.84
1488.94	402.233
1489.25	411.774
1489.56	413.303
1489.87	415.888
1490.18	412.582
1490.49	416.201
1490.8	411.403
1491.11	406.567
1491.41	406.6
1491.72	405.469
1492.03	410.798
1492.34	408.562
1492.65	405.356
1492.96	410.409
1493.27	409.283
1493.57	416.713
1493.88	415.134
1494.19	404.928
1494.5	405.573
1494.81	412.408
1495.12	418.449
1495.43	408.804
1495.73	405.277
1496.04	405.143
1496.35	409.77
1496.66	411.533
1496.97	403.908
1497.28	404.344
1497.58	403.693
1497.89	409.611
1498.2	410.148
1498.51	408.259
1498.82	406.844
1499.13	407.166
1499.43	404.151
1499.74	401.453
1500.05	408.359
1500.36	410.574
1500.67	413.511
1500.97	409.325
1501.28	405.96
1501.59	412.553
1501.9	414.367
1502.21	406.698
1502.51	402.171
1502.82	411.362
1503.13	414.427
1503.44	404.53
1503.74	410.037
1504.05	411.936
1504.36	407.849
1504.67	404.021
1504.98	402.587
1505.29	407.081
1505.59	409.46
1505.9	408.079
1506.21	407.648
1506.52	411.22
1506.82	409.467
1507.13	406.038
1507.44	408.577
1507.75	411.417
1508.06	405.312
1508.36	410.209
1508.67	410.06
1508.98	415.06
1509.29	405.797
1509.59	400.505
1509.9	408.137
1510.21	406.822
1510.52	405.432
1510.82	404.727
1511.13	394.13
1511.44	400.902
1511.75	406.295
1512.05	404.265
1512.36	402.601
1512.67	400.356
1512.98	404.008
1513.28	403.14
1513.59	408.311
1513.9	415.749
1514.2	402.201
1514.51	403.015
1514.82	407.741
1515.13	404.193
1515.43	399.399
1515.74	404.021
1516.05	404.116
1516.35	404.792
1516.66	405.561
1516.97	404.96
1517.28	401.565
1517.58	405.3
1517.89	410.751
1518.2	413.753
1518.51	415.166
1518.81	414.928
1519.12	405.457
1519.43	403.786
1519.73	403.804
1520.04	403.374
1520.35	401.234
1520.65	403.373
1520.96	398.997
1521.27	397.482
1521.57	405.573
1521.88	408.701
1522.19	408.619
1522.5	404.232
1522.8	400.727
1523.11	405.472
1523.41	400.538
1523.72	399.727
1524.03	405.638
1524.34	403.637
1524.64	401.13
1524.95	404.944
1525.26	398.644
1525.56	399.089
1525.87	414.428
1526.17	406.812
1526.48	403.715
1526.79	409.151
1527.1	412.553
1527.4	406.739
1527.71	398.908
1528.02	404.631
1528.32	402.999
1528.63	407.204
1528.93	412.085
1529.24	418.469
1529.55	408.537
1529.85	401.431
1530.16	404.811
1530.47	399.614
1530.77	407.883
1531.08	401.726
1531.38	397.529
1531.69	400.977
1532	397.436
1532.3	391.151
1532.61	404.235
1532.92	405.094
1533.22	409.459
1533.53	403.271
1533.84	404.013
1534.14	399.84
1534.45	408.875
1534.75	400.468
1535.06	412.966
1535.37	410.5
1535.67	402.349
1535.98	394.375
1536.28	412.944
1536.59	409.747
1536.9	405.883
1537.2	398.588
1537.51	399.2
1537.81	402.441
1538.12	400.206
1538.42	407.569
1538.73	396.06
1539.04	401.853
1539.34	409.697
1539.65	410.315
1539.95	410.12
1540.26	406.019
1540.56	402.907
1540.67	403.787
1540.98	415.575
1541.29	408.929
1541.59	402.816
1541.9	412.506
1542.21	398.767
1542.52	403.392
1542.82	407.521
1543.13	399.437
1543.44	410.641
1543.75	399.891
1544.05	403.09
1544.36	412.099
1544.67	407.364
1544.98	405.578
1545.29	402.706
1545.59	400.636
1545.9	409.539
1546.21	415.691
1546.52	407.18
1546.82	406.211
1547.13	407.511
1547.44	404.008
1547.75	403.03
1548.05	409.762
1548.36	418.002
1548.67	406.394
1548.98	408.115
1549.28	401.545
1549.59	409.556
1549.9	410.654
1550.2	404.35
1550.51	400.421
1550.82	414.397
1551.13	416.127
1551.43	406.299
1551.74	411.173
1552.05	401.729
1552.36	404.486
1552.66	407.558
1552.97	408.753
1553.28	410.541
1553.59	401.392
1553.89	405.823
1554.2	402.59
1554.51	409.704
1554.81	409.476
1555.12	407.879
1555.43	407.85
1555.73	413.872
1556.04	416.072
1556.35	410.335
1556.65	414.282
1556.96	409.18
1557.27	400.591
1557.58	403.105
1557.88	409.846
1558.19	403.506
1558.5	412.969
1558.8	410.586
1559.11	409.573
1559.42	413.637
1559.72	406.735
1560.03	414.996
1560.34	410.583
1560.64	403.118
1560.95	411.073
1561.26	407.522
1561.56	409.01
1561.87	412.236
1562.18	402.179
1562.48	409.366
1562.79	415.154
1563.1	406.392
1563.4	406.218
1563.71	414.217
1564.02	403.664
1564.32	406.287
1564.63	406.637
1564.93	404.89
1565.24	415.589
1565.55	412.63
1565.85	402.887
1566.16	408.571
1566.47	403.64
1566.77	408.411
1567.08	398.598
1567.39	411.583
1567.69	412.268
1568	409.995
1568.31	405.494
1568.61	414.34
1568.92	411.082
1569.22	409.819
1569.53	410.895
1569.84	417.335
1570.14	409.287
1570.45	408.453
1570.75	408.043
1571.06	409.983
1571.37	414.061
1571.67	413.488
1571.98	405.688
1572.29	411.799
1572.59	408.387
1572.9	402.713
1573.2	404.74
1573.51	403.176
1573.81	408.472
1574.12	408.627
1574.43	409.66
1574.73	404.313
1575.04	414.981
1575.34	416.627
1575.65	415.837
1575.96	408.683
1576.26	412.062
1576.57	414.753
1576.87	417.73
1577.18	413.213
1577.48	408.701
1577.79	410.892
1578.1	408.894
1578.4	410.754
1578.71	404.56
1579.01	401.149
1579.32	414.927
1579.63	409.253
1579.93	409.274
1580.24	416.7
1580.54	410.637
1580.85	394.999
1581.15	405.542
1581.46	408.492
1581.76	415.419
1582.07	415.179
1582.37	413.276
1582.68	415.36
1582.99	403.932
1583.29	408.113
1583.6	411.294
1583.9	414.901
1584.21	412.205
1584.51	408.324
1584.82	413.275
1585.12	407.258
1585.43	408.21
1585.73	406.014
1586.04	411.71
1586.34	406.276
1586.65	417.514
1586.95	410.89
1587.26	416.566
1587.56	415.126
1587.87	411.216
1588.17	416.17
1588.48	415.067
1588.78	410.266
1589.09	414.442
1589.39	414.754
1589.7	409.338
1590.01	420.971
1590.31	418.512
1590.61	410.699
1590.92	417.453
1591.22	408.458
1591.53	404.652
1591.83	407.638
1592.14	407.765
1592.44	406.26
1592.75	412.425
1593.05	408.728
1593.36	408.511
1593.66	413.828
1593.97	403.973
1594.27	414.123
1594.58	406.809
1594.88	409.743
1595.19	414.474
1595.49	415.27
1595.8	411.029
1596.1	412.751
1596.41	416.328
1596.71	409.978
1597.01	414.083
1597.32	414.302
1597.62	415.545
1597.93	409.864
1598.23	413.491
1598.54	420.741
1598.84	414.061
1599.15	411.324
1599.45	401.262
1599.75	409.415
1600.06	408.701
1600.36	419.203
1600.67	412.801
1600.97	415.407
1601.28	413.162
1601.58	409.775
1601.89	411.04
1602.19	410.705
1602.49	411.352
1602.8	407.115
1603.1	408.305
1603.41	410.033
1603.71	406.881
1604.01	409.731
1604.32	416.112
1604.62	418.344
1604.93	418.922
1605.23	411.01
1605.54	411.34
1605.84	411.786
1606.14	407.359
1606.45	413.81
1606.75	407.93
1607.06	406.355
1607.36	407.777
1607.66	409.637
1607.97	414.887
1608.27	406.721
1608.57	407.632
1608.88	408.215
1609.18	404.53
1609.49	405.934
1609.79	411.173
1610.1	407.983
1610.4	405.294
1610.7	404.348
1611	411.242
1611.31	411.175
1611.61	408.858
1611.92	408.29
1612.22	406.947
1612.53	410.458
1612.83	409.122
1613.13	406.626
1613.43	406.578
1613.74	408.236
1614.04	407.004
1614.35	412.803
1614.65	414.679
1614.95	411.927
1615.26	409.975
1615.56	410.315
1615.86	405.91
1616.17	405.874
1616.47	409.677
1616.77	408.152
1617.08	409.072
1617.38	409.674
1617.68	410.468
1617.99	406.643
1618.29	410.373
1618.59	412.095
1618.9	408.475
1619.2	402.505
1619.5	405.649
1619.81	402.271
1620.11	406.549
1620.41	404.423
1620.72	406.734
1621.02	409.607
1621.32	405.58
1621.63	411.474
1621.93	407.869
1622.23	404.359
1622.54	410.073
1622.84	409.126
1623.14	412.329
1623.44	410.237
1623.75	411.688
1624.05	405.992
1624.35	407.592
1624.66	403.422
1624.96	405.049
1625.26	406.552
1625.56	410.539
1625.87	411.309
1626.17	406.487
1626.47	408.423
1626.78	412.776
1627.08	411.226
1627.38	399.814
1627.68	413.431
1627.99	407.975
1628.29	404.808
1628.59	406.619
1628.9	407.608
1629.2	409.653
1629.5	408.832
1629.8	409.22
1630.11	412.919
1630.41	406.028
1630.71	405.562
1631.01	403.682
1631.32	411.768
1631.62	402.725
1631.92	403.506
1632.22	408.008
1632.53	404.525
1632.83	408.389
1633.13	412.451
1633.43	405.913
1633.74	413.177
1634.04	411.685
1634.34	411.195
1634.64	404.237
1634.95	409.719
1635.25	416.743
1635.55	405.088
1635.85	405.889
1636.16	405.805
1636.46	405.434
1636.76	404.531
1637.06	404.012
1637.36	401.969
1637.67	411.517
1637.97	410.454
1638.27	402.28
1638.57	395.907
1638.88	405.447
1639.18	408.632
1639.48	410.998
1639.78	410.112
1640.08	401.813
1640.39	397.802
1640.69	407.779
1640.99	408.06
1641.29	411.666
1641.59	407.706
1641.9	403.401
1642.2	406.457
1642.5	400.422
1642.8	405.451
1643.1	410.256
1643.4	405.667
1643.71	398.443
1644.01	410.34
1644.31	403.467
1644.61	403.951
1644.91	406.768
1645.21	410.684
1645.52	403.107
1645.82	409.274
1646.12	406.033
1646.42	401.782
1646.72	400.53
1647.03	402.357
1647.33	403.544
1647.63	411.238
1647.93	406.258
1648.23	410.831
1648.53	411.675
1648.83	408.391
1649.14	401.233
1649.44	402.603
1649.74	412.278
1650.04	404.798
1650.34	391.884
1650.64	398.032
1650.95	401.186
1651.25	406.872
1651.55	406.382
1651.85	405.279
1652.15	403.265
1652.45	401.913
1652.75	402.538
1653.05	407.336
1653.36	404.538
1653.66	407.951
1653.96	406.287
1654.26	404.42
1654.56	399.577
1654.86	397.364
1655.16	400.489
1655.46	402.427
1655.77	406.821
1656.07	401.518
1656.37	404.282
1656.67	403.261
1656.97	398.221
1657.27	403.508
1657.57	406.494
1657.87	405.714
1658.17	406.163
1658.47	405.645
1658.77	407.101
1659.08	413.597
1659.38	410.962
1659.68	406.846
1659.98	411.141
1660.28	409.881
1660.58	413.185
1660.88	409.972
1661.18	409.294
1661.48	410.764
1661.78	406.77
1662.08	407.369
1662.39	409.854
1662.69	409.611
1662.99	419.343
1663.29	410.211
1663.59	409.363
1663.89	408.296
1664.19	404.594
1664.49	403.002
1664.79	405.394
1665.09	403.669
1665.39	406.326
1665.69	401.848
1665.99	409.204
1666.29	408.278
1666.59	398.256
1666.89	400.123
1667.2	405.762
1667.49	403.688
1667.79	407.03
1668.1	409.188
1668.4	401.938
1668.7	411.787
1669	405.354
1669.3	406.037
1669.6	409.928
1669.9	401.781
1670.2	399.427
1670.5	407.605
1670.8	401.818
1671.1	406.858
1671.4	410.369
1671.7	402.27
1672	406.66
1672.3	406.23
1672.6	409.202
1672.9	411.282
1673.2	403.168
1673.5	407.381
1673.8	414.661
1674.1	406.527
1674.4	404.76
1674.7	410.358
1675	412.674
1675.3	413.618
1675.6	402.45
1675.9	403.176
1676.2	413.665
1676.5	410.432
1676.8	405.616
1677.1	406.268
1677.4	407.125
1677.7	406.372
1678	409.887
1678.3	403.341
1678.6	416.574
1678.9	404.79
1679.2	409.399
1679.5	402.604
1679.8	409.084
1680.1	405.026
1680.4	407.761
1680.7	409.613
1681	404.681
1681.3	402.022
1681.59	410.807
1681.89	408.589
1682.19	398.234
1682.49	403.505
1682.79	413.137
1683.09	411.159
1683.39	405.842
1683.69	408.432
1683.99	408.479
1684.29	409.851
1684.59	400.111
1684.89	410.315
1685.19	412.512
1685.49	405.622
1685.79	408.795
1686.09	405.627
1686.39	405.034
1686.69	407.179
1686.98	406.824
1687.28	397.638
1687.58	404.559
1687.88	407.676
1688.18	411.452
1688.48	404.957
1688.78	404.168
1689.08	401.606
1689.38	405.342
1689.68	394.052
1689.98	413.481
1690.28	415.239
1690.57	406.916
1690.87	414
1691.17	403.506
1691.47	414.11
1691.77	420.651
1692.07	410.751
1692.37	414.294
1692.67	416.544
1692.97	408.67
1693.26	415.739
1693.56	409.478
1693.86	407.6
1694.16	403.644
1694.46	408.904
1694.76	409.268
1695.06	404.562
1695.36	404.904
1695.65	415.532
1695.95	411.157
1696.25	409.541
1696.55	412.232
1696.85	406.352
1697.15	405.935
1697.45	404.309
1697.75	405.109
1698.04	408.479
1698.34	406.492
1698.64	406.529
1698.94	412.48
1699.24	413.035
1699.54	400.618
1699.84	404.292
1700	411.487
1700.3	410.935
1700.6	402.435
1700.9	416.258
1701.2	405.119
1701.5	403.221
1701.8	412.407
1702.1	406.447
1702.4	411.874
1702.7	403.84
1703	416.68
1703.3	412.802
1703.6	399.095
1703.91	419.113
1704.21	403.481
1704.51	414.533
1704.81	412.235
1705.11	416.087
1705.41	420.157
1705.71	405.061
1706.01	411.628
1706.31	398.972
1706.61	412.097
1706.91	416.167
1707.21	415.405
1707.51	406.947
1707.81	409.294
1708.11	409.962
1708.41	408.71
1708.71	407.997
1709.01	411.059
1709.31	416.351
1709.61	414.669
1709.91	402.44
1710.21	415.419
1710.51	396.943
1710.81	410.787
1711.11	408.69
1711.41	406.401
1711.71	408.522
1712.01	415.873
1712.31	409.476
1712.61	405.076
1712.91	409.389
1713.21	410.867
1713.51	410.184
1713.81	411.827
1714.11	412.34
1714.41	419.29
1714.71	409.047
1715.01	410.743
1715.31	417.412
1715.61	405.237
1715.91	417.467
1716.21	419.49
1716.51	413.637
1716.81	414.6
1717.11	415.599
1717.41	417.663
1717.71	410.326
1718.01	410.772
1718.31	406.698
1718.61	413.295
1718.91	414.612
1719.2	411.992
1719.5	418.494
1719.8	415.05
1720.1	409.795
1720.4	413.301
1720.7	406.556
1721	405.03
1721.3	407.609
1721.6	406.746
1721.9	410.442
1722.2	422.302
1722.5	406.879
1722.8	405.257
1723.1	404.55
1723.4	407.497
1723.7	411.411
1723.99	410.259
1724.29	415.752
1724.59	409.349
1724.89	416.656
1725.19	412.14
1725.49	411.685
1725.79	409.213
1726.09	412.161
1726.39	411.401
1726.69	408.21
1726.99	421.659
1727.29	413.71
1727.58	408.262
1727.88	422.641
1728.18	409.226
1728.48	408.236
1728.78	413.203
1729.08	409.421
1729.38	409.044
1729.68	411.737
1729.98	405.963
1730.28	407.495
1730.58	407.788
1730.87	406.559
1731.17	405.887
1731.47	410.45
1731.77	406.082
1732.07	401.456
1732.37	407.364
1732.67	412.95
1732.97	409.827
1733.26	414.013
1733.56	410.812
1733.86	404.284
1734.16	412.318
1734.46	411.009
1734.76	408.142
1735.06	405.686
1735.35	406.653
1735.65	413.603
1735.95	406.244
1736.25	407.346
1736.55	406.234
1736.85	404.182
1737.15	409.025
1737.44	412.963
1737.74	413.272
1738.04	415.01
1738.34	413.218
1738.64	414.445
1738.94	412.712
1739.24	408.033
1739.53	412.08
1739.83	411.088
1740.13	414.639
1740.43	412.548
1740.73	406.68
1741.03	407.946
1741.32	414.948
1741.62	405.403
1741.92	412.398
1742.22	414.809
1742.52	412.652
1742.81	406.423
1743.11	406.935
1743.41	411.286
1743.71	407.468
1744.01	405.436
1744.31	409.305
1744.6	404.954
1744.9	414.148
1745.2	400.043
1745.5	404.102
1745.79	417.116
1746.09	412.11
1746.39	412.247
1746.69	409.475
1746.99	405.319
1747.28	407.232
1747.58	416.054
1747.88	422.317
1748.18	400.377
1748.48	416.181
1748.77	401.151
1749.07	411.645
1749.37	410.395
1749.67	412.715
1749.96	411.297
1750.26	412.299
1750.56	411.389
1750.86	409.116
1751.16	408.459
1751.45	404.217
1751.75	408.281
1752.05	407.21
1752.35	406.158
1752.64	405.831
1752.94	411.558
1753.24	414.431
1753.54	406.513
1753.83	407.132
1754.13	413.63
1754.43	411.176
1754.73	404.343
1755.02	407.906
1755.32	414.929
1755.62	406.746
1755.92	409.039
1756.21	411.683
1756.51	404.794
1756.81	403.424
1757.11	412.443
1757.4	412.399
1757.7	401.803
1758	415.623
1758.3	409.154
1758.59	410.007
1758.89	415.455
1759.19	403.433
1759.48	412.178
1759.78	405.162
1760.08	403.016
1760.38	405.15
1760.67	407.234
1760.97	408.949
1761.27	409.44
1761.56	414.713
1761.86	407.194
1762.16	413.984
1762.45	407.315
1762.75	404.046
1763.05	410.176
1763.35	413.217
1763.64	408.635
1763.94	404.004
1764.24	411.121
1764.53	414.43
1764.83	407.232
1765.13	407.144
1765.42	408.399
1765.72	411.094
1766.02	406.82
1766.32	410.796
1766.61	404.124
1766.91	402.035
1767.21	412.524
1767.5	414.066
1767.8	408.847
1768.09	408.374
1768.39	411.887
1768.69	391.909
1768.99	401.726
1769.28	409.896
1769.58	405.771
1769.88	407.547
1770.17	416.518
1770.47	414.786
1770.76	420.099
1771.06	415.833
1771.36	406.262
1771.65	406.816
1771.95	409.423
1772.25	411.199
1772.54	406.8
1772.84	400.827
1773.14	406.164
1773.43	400.571
1773.73	409.929
1774.03	411.578
1774.32	415.111
1774.62	407.579
1774.91	403.705
1775.21	409.244
1775.51	409.042
1775.8	410.639
1776.1	409.201
1776.4	410.987
1776.69	410.352
1776.99	403.386
1777.28	406.422
1777.58	406.794
1777.88	407.136
1778.17	405.56
1778.47	408.995
1778.76	417.13
1779.06	414.044
1779.36	415.071
1779.65	413.722
1779.95	411.728
1780.24	407.398
1780.54	408.226
1780.84	406.021
1781.13	410.088
1781.43	409.774
1781.72	408.78
1782.02	407.419
1782.32	409.551
1782.61	408.871
1782.91	404.547
1783.2	402.711
1783.5	412.429
1783.79	413.884
1784.09	417.03
1784.39	413.246
1784.68	403.25
1784.98	408.918
1785.27	410.157
1785.57	407.21
1785.87	405.556
1786.16	406.272
1786.46	402.67
1786.75	412.27
1787.05	409.502
1787.34	404.461
1787.64	403.836
1787.93	416.144
1788.23	415.067
1788.52	412.441
1788.82	405.518
1789.12	407.931
1789.41	408.246
1789.71	406.29
1790	409.57
1790.3	405.829
1790.59	411.137
1790.89	417.493
1791.18	407.156
1791.48	418.416
1791.77	412.92
1792.07	409.716
1792.36	416.544
1792.66	414.615
1792.96	406.988
1793.25	407.049
1793.55	408.346
1793.84	407.107
1794.14	403.495
1794.43	419.973
1794.73	410.693
1795.02	412.549
1795.32	409.042
1795.61	407.585
1795.91	402.77
1796.2	410.207
1796.5	407.224
1796.79	419.778
1797.09	406.782
1797.38	416.28
1797.68	403.509
1797.97	408.716
1798.27	409.868
1798.56	405.021
1798.86	424.436
1799.15	409.319
1799.45	416.078
1799.74	410.753
1800.04	412.155
1800.33	414.816
1800.63	413.766
1800.92	418.146
1801.21	418.65
1801.51	412.727
1801.8	412.586
1802.1	406.678
1802.39	409.323
1802.69	415.443
1802.98	410.397
1803.28	415.003
1803.57	416.806
1803.87	417.375
1804.16	406.372
1804.46	413.621
1804.75	407.119
1805.04	409.828
1805.34	412.659
1805.63	416.275
1805.93	413.535
1806.22	415.908
1806.52	413.838
1806.81	413.04
1807.11	407.758
1807.4	411.055
1807.69	414.188
1807.99	419.32
1808.28	424.099
1808.58	416.464
1808.87	417.997
1809.17	411.004
1809.46	416.74
1809.76	408.773
1810.05	415.748
1810.34	417.579
1810.64	417.459
1810.93	413.988
1811.23	410.751
1811.52	415.919
1811.81	413.072
1812.11	414.945
1812.4	421.906
1812.7	415.377
1812.99	416.555
1813.28	413.423
1813.58	415.609
1813.87	405.893
1814.17	419.956
1814.46	419.12
1814.76	414.46
1815.05	412.34
1815.34	415.05
1815.64	410.494
1815.93	411.981
1816.22	414.966
1816.52	412.648
1816.81	413.205
1817.1	419.092
1817.4	422.792
1817.69	418.681
1817.99	423.039
1818.28	424.197
1818.57	418.335
1818.87	413.721
1819.16	408.989
1819.46	413.583
1819.75	416.014
1820.04	413.08
1820.34	416.204
1820.63	418.052
1820.92	421.524
1821.22	422.42
1821.51	416.818
1821.8	416.281
1822.1	419.341
1822.39	423.113
1822.69	421.76
1822.98	416.673
1823.27	416.339
1823.57	417.514
1823.86	423.429
1824.15	416.274
1824.45	416.462
1824.74	419.672
1825.03	416.879
1825.33	410.781
1825.62	412.313
1825.91	418.474
1826.2	414.761
1826.5	412.45
1826.79	413.013
1827.08	413.856
1827.38	415.473
1827.67	416.102
1827.96	421.713
1828.26	427.503
1828.55	417.907
1828.84	414.241
1829.14	413.855
1829.43	415.407
1829.72	420.543
1830.02	414.906
1830.31	412.059
1830.6	414.668
1830.89	420.814
1831.19	420.16
1831.48	417.421
1831.77	423.735
1832.07	415.049
1832.36	412.443
1832.65	417.307
1832.95	422.75
1833.24	415.518
1833.53	413.58
1833.82	419.238
1834.12	414.242
1834.41	420.776
1834.7	415.321
1835	422.637
1835.29	415.237
1835.58	422.268
1835.87	412.087
1836.17	414.734
1836.46	413.83
1836.75	429.51
1837.05	423.11
1837.34	415.544
1837.63	405.146
1837.92	419.899
1838.22	414.119
1838.51	424.271
1838.8	417.235
1839.09	419.053
1839.38	420.139
1839.68	414.365
1839.97	420.409
1840.26	412.157
1840.55	414.56
1840.85	424.36
1841.14	420.351
1841.43	419.503
1841.72	411.54
1842.02	413.945
1842.31	419.813
1842.6	420.528
1842.89	410.443
1843.19	406.632
1843.48	410.091
1843.77	421.686
1844.06	424.192
1844.36	418.214
1844.65	418.212
1844.94	413.259
1845.23	410.966
1845.52	412.447
1845.82	413.269
1846.11	416.575
1846.4	418.325
1846.69	418.072
1846.98	413
1847.28	418.034
1847.57	414.985
1847.86	417.083
1848.15	422.069
1848.44	416.799
1848.74	426.39
1849.03	420.142
1849.32	413.52
1849.61	411.762
1849.9	413.987
1850.19	411.912
1850.49	412.552
1850.78	414.984
1851.07	420.132
1851.36	413.818
1851.65	413.603
1851.95	424.032
1852.24	419.862
1852.53	419.64
1852.82	419.648
1853.11	421.719
1853.4	416.911
1853.7	415.052
1853.99	423.202
1854.28	424.719
1854.57	419.069
1854.86	421.302
1855.16	423.577
1855.45	419.005
1855.74	422.913
1856.03	421.111
1856.32	412.644
1856.61	411.717
1856.9	415.086
1857.19	414.944
1857.49	419.773
1857.78	415.935
1858.07	424.75
1858.36	426.742
1858.65	419.242
1858.79	420.979
1859.09	418.48
1859.38	415.171
1859.67	421.14
1859.97	413.814
1860.26	418.118
1860.55	414.87
1860.85	423.706
1861.14	426.79
1861.43	420.022
1861.73	417.986
1862.02	412.376
1862.31	414.506
1862.61	410.958
1862.9	418.917
1863.19	414.444
1863.49	411.86
1863.78	412.471
1864.07	413.425
1864.37	427.553
1864.66	414.287
1864.95	415.885
1865.24	406.08
1865.54	415.399
1865.83	421.685
1866.12	420.56
1866.42	421.708
1866.71	411.966
1867	412.67
1867.3	413.884
1867.59	414.256
1867.88	417.361
1868.18	413.14
1868.47	416.727
1868.76	419.521
1869.05	420.592
1869.35	416.823
1869.64	418.395
1869.93	414.037
1870.23	417.283
1870.52	406.414
1870.81	412.293
1871.1	413.415
1871.4	422.154
1871.69	414.205
1871.98	403.853
1872.27	416.011
1872.57	420.27
1872.86	410.536
1873.15	411.714
1873.45	410.161
1873.74	420.847
1874.03	419.152
1874.32	421.37
1874.62	412.911
1874.91	415.036
1875.2	419.766
1875.49	417.712
1875.79	410.941
1876.08	413.877
1876.37	416.443
1876.66	409.888
1876.96	416.392
1877.25	410.397
1877.54	409.699
1877.83	411.43
1878.12	418.386
1878.42	412.712
1878.71	413.732
1879	409.755
1879.29	411.561
1879.59	413.875
1879.88	412.8
1880.17	416.258
1880.46	413.754
1880.75	417.677
1881.05	409.915
1881.34	413.338
1881.63	410.936
1881.92	415.685
1882.21	413.224
1882.51	422.954
1882.8	415.567
1883.09	411.761
1883.38	411.912
1883.67	408.578
1883.97	416.571
1884.26	409.236
1884.55	419.123
1884.84	412.815
1885.13	412.32
1885.43	413.643
1885.72	411.626
1886.01	413.638
1886.3	414.451
1886.59	414.767
1886.89	411.239
1887.18	410.963
1887.47	421.211
1887.76	408.504
1888.05	408.717
1888.35	414.598
1888.64	414.872
1888.93	418.873
1889.22	416.853
1889.51	412.275
1889.8	418.316
1890.1	419.191
1890.39	406.868
1890.68	411.973
1890.97	418.425
1891.26	412.963
1891.55	415.307
1891.84	412.989
1892.14	415.171
1892.43	411.443
1892.72	417.388
1893.01	406.857
1893.3	412.675
1893.59	419.736
1893.88	414.105
1894.18	414.708
1894.47	410.82
1894.76	414.933
1895.05	417.425
1895.34	415.338
1895.63	414.178
1895.92	413.449
1896.22	415.354
1896.51	418.781
1896.8	410.864
1897.09	409.154
1897.38	410.232
1897.67	412.716
1897.96	413.154
1898.25	418.096
1898.55	417.31
1898.84	411.78
1899.13	405.866
1899.42	412.737
1899.71	409.955
1900	407.131
1900.29	407.578
1900.58	404.145
1900.87	416.59
1901.16	419.655
1901.46	416.379
1901.75	418.322
1902.04	411.796
1902.33	413.816
1902.62	412.765
1902.91	408.6
1903.2	415.495
1903.49	414.246
1903.78	416.718
1904.07	418.221
1904.36	414.636
1904.65	413.702
1904.95	412.171
1905.24	412.301
1905.53	411.459
1905.82	414.676
1906.11	409.379
1906.4	408.082
1906.69	407.046
1906.98	412.991
1907.27	404.181
1907.56	417.951
1907.85	403.931
1908.14	415
1908.43	415.512
1908.72	413.936
1909.01	410.775
1909.3	414.063
1909.6	412.031
1909.89	417.073
1910.18	414.436
1910.47	412.969
1910.76	420.144
1911.05	411.889
1911.34	419.12
1911.63	416.729
1911.92	410.806
1912.21	414.384
1912.5	417.12
1912.79	411.037
1913.08	416.292
1913.37	408.968
1913.66	404.988
1913.95	413.68
1914.24	421.951
1914.53	409.719
1914.82	414.463
1915.11	412.527
1915.4	417.704
1915.69	412.601
1915.98	413.046
1916.27	417.179
1916.56	417.859
1916.85	415.725
1917.14	420.868
1917.43	412.931
1917.72	408.66
1918.01	416.965
1918.3	416.652
1918.59	420.985
1918.88	416.58
1919.17	409.183
1919.46	412.84
1919.75	421.173
1920.04	422.721
1920.33	413.752
1920.62	418.107
1920.91	416.865
1921.2	422.114
1921.49	407.837
1921.78	415.999
1922.07	406.238
1922.36	413.229
1922.65	407.912
1922.94	412.247
1923.23	412.956
1923.52	413.9
1923.81	408.623
1924.1	416.228
1924.39	417.377
1924.68	409.616
1924.97	417.84
1925.26	415.264
1925.55	418.96
1925.84	411.804
1926.13	418.994
1926.42	413.82
1926.71	420.397
1927	424.969
1927.29	415.944
1927.57	425.953
1927.86	411.891
1928.15	414.837
1928.44	416.671
1928.73	422.757
1929.02	420.365
1929.31	414.836
1929.6	413.639
1929.89	416.851
1930.18	415.541
1930.47	416.211
1930.76	423.921
1931.05	418.542
1931.34	410.984
1931.62	422.883
1931.91	419.895
1932.2	417.344
1932.49	413.896
1932.78	411.741
1933.07	417.158
1933.36	418.775
1933.65	418.504
1933.94	413.013
1934.23	414.922
1934.52	417.186
1934.81	416.561
1935.09	413.622
1935.38	411.981
1935.67	421.318
1935.96	419.478
1936.25	420.945
1936.54	424.417
1936.83	418.64
1937.12	417.949
1937.41	415.742
1937.69	417.354
1937.98	418.914
1938.27	417.564
1938.56	416.406
1938.85	413.816
1939.14	418.026
1939.43	420.07
1939.72	422.283
1940	413.741
1940.29	424.379
1940.58	420.673
1940.87	421.186
1941.16	415.226
1941.45	413.51
1941.74	425.967
1942.02	422.021
1942.31	420.221
1942.6	425.299
1942.89	425.237
1943.18	425.872
1943.47	428.943
1943.76	421.786
1944.04	422.882
1944.33	424.907
1944.62	424.639
1944.91	418.546
1945.2	418.053
1945.49	426.814
1945.77	419.5
1946.06	417.981
1946.35	421.687
1946.64	412.564
1946.93	415.898
1947.22	414.748
1947.51	424.98
1947.79	415.973
1948.08	417.11
1948.37	419.92
1948.66	421.148
1948.95	417.483
1949.23	424.879
1949.52	424.237
1949.81	420.697
1950.1	418.334
1950.39	422.455
1950.68	416.228
1950.96	418.313
1951.25	418.522
1951.54	418.447
1951.83	420.27
1952.12	421.215
1952.4	422.304
1952.69	419.073
1952.98	420.275
1953.27	415.911
1953.56	417.499
1953.84	417.334
1954.13	420.482
1954.42	420.575
1954.71	420.24
1954.99	420.38
1955.28	416.108
1955.57	420.703
1955.86	424.618
1956.15	418.159
1956.43	424.699
1956.72	428.423
1957.01	422.715
1957.3	427.443
1957.59	421.654
1957.87	421.015
1958.16	426.444
1958.45	422.258
1958.74	421.201
1959.02	418.126
1959.31	432.161
1959.6	423.416
1959.89	421.843
1960.17	422.2
1960.46	418.851
1960.75	422.399
1961.04	422.014
1961.32	427.178
1961.61	421.981
1961.9	423.975
1962.19	419.652
1962.47	421.718
1962.76	422.506
1963.05	421.856
1963.34	421.455
1963.62	420.75
1963.91	420.724
1964.2	419.028
1964.48	424.254
1964.77	412.152
1965.06	419.784
1965.35	422.329
1965.63	426.469
1965.92	428.814
1966.21	420.282
1966.5	427.111
1966.78	414.935
1967.07	417.894
1967.36	419.02
1967.64	424.317
1967.93	424.81
1968.22	425.451
1968.5	422.862
1968.79	419.253
1969.08	417.232
1969.37	423.427
1969.65	418.872
1969.94	423.508
1970.23	421.496
1970.51	419.444
1970.8	417.954
1971.09	413.261
1971.37	426.506
1971.66	425.405
1971.95	421.927
1972.24	426.542
1972.52	417.056
1972.81	423.954
1973.1	422.917
1973.38	420.371
1973.67	422.576
1973.96	433.844
1974.24	423.449
1974.53	426.611
1974.82	418.747
1975.1	422.218
1975.39	428.659
1975.68	420.073
1975.96	424.631
1976.25	423.517
1976.54	418.169
1976.82	425.4
1977.11	423.572
1977.4	415.712
1977.68	412.619
1977.97	412.018
1978.26	421.722
1978.54	419.966
1978.83	427.335
1979.11	429.098
1979.4	421.213
1979.69	422.358
1979.97	421.743
1980.26	428.753
1980.55	420.213
1980.83	416.87
1981.12	421.413
1981.4	429.698
1981.69	426.863
1981.98	419.492
1982.26	426.047
1982.55	421.396
1982.84	417.218
1983.12	418.476
1983.41	417.838
1983.69	429.445
1983.98	426.391
1984.27	416.771
1984.55	417.491
1984.84	423.361
1985.13	420.095
1985.41	419.667
1985.7	426.057
1985.98	426.023
1986.27	418.482
1986.56	420.835
1986.84	423.838
1987.13	425.468
1987.41	424.057
1987.7	423.211
1987.99	420.872
1988.27	415.48
1988.56	422.144
1988.84	417.522
1989.13	423.579
1989.41	419.847
1989.7	415.12
1989.99	412.091
1990.27	412.129
1990.56	425.834
1990.84	421.441
1991.13	421.659
1991.42	416.857
1991.7	415.103
1991.99	425.884
1992.27	427.583
1992.56	414.588
1992.84	419.209
1993.13	422.609
1993.42	412.541
1993.7	416.923
1993.99	417.633
1994.27	415.812
1994.56	416.929
1994.84	412.233
1995.13	421.097
1995.41	421.87
1995.7	420.828
1995.98	414.857
1996.27	418.202
1996.56	414.995
1996.84	420.021
1997.13	418.113
1997.41	419.774
1997.7	416.309
1997.98	422.706
1998.27	414.058
1998.55	422.165
1998.84	416.348
1999.12	416.093
1999.41	422.331
1999.69	418.765
1999.98	427.914
1999.99	434
