1200.11	593.785
1200.43	587.946
1200.76	582.46
1201.08	595.434
1201.4	600.655
1201.73	585.491
1202.05	585.259
1202.37	597.792
1202.7	590.856
1203.02	588.256
1203.34	597.056
1203.67	602.12
1203.99	600.368
1204.32	593.169
1204.64	595.768
1204.96	589.209
1205.29	600.292
1205.61	605.24
1205.93	602.647
1206.26	603.538
1206.58	607.854
1206.9	607.832
1207.23	600.043
1207.55	591.97
1207.87	598.039
1208.2	598.524
1208.52	596.211
1208.84	605.954
1209.16	602.158
1209.49	605.397
1209.81	599.192
1210.13	598.942
1210.46	603.129
1210.78	609.895
1211.1	611.638
1211.42	620.362
1211.75	602.931
1212.07	609.73
1212.39	605.286
1212.72	602.706
1213.04	605.391
1213.36	609.602
1213.69	607.067
1214.01	599.933
1214.33	618.554
1214.65	604.389
1214.98	599.796
1215.3	599.078
1215.62	614.632
1215.95	626.233
1216.27	606.055
1216.59	601.765
1216.91	610.113
1217.24	617.241
1217.56	604.74
1217.88	616.679
1218.2	613.115
1218.53	601.126
1218.85	608.539
1219.17	606.509
1219.5	609.638
1219.82	613.322
1220.14	608.159
1220.46	619.556
1220.78	606.509
1221.11	604.181
1221.43	602.907
1221.75	613.511
1222.07	612.771
1222.4	606.917
1222.72	602.899
1223.04	608.269
1223.36	614.994
1223.69	622.287
1224.01	604.02
1224.33	613.534
1224.65	612.264
1224.97	615.984
1225.3	607.395
1225.62	623.114
1225.94	610.444
1226.26	598.551
1226.58	614.836
1226.91	615.279
1227.23	618.408
1227.55	616.145
1227.87	616.909
1228.2	619.523
1228.52	604.64
1228.84	615.615
1229.16	606.824
1229.48	619.937
1229.81	618.25
1230.13	616.821
1230.45	626.583
1230.77	616.791
1231.09	622.997
1231.41	608.204
1231.74	608.173
1232.06	608.319
1232.38	618.54
1232.7	611.227
1233.02	606.183
1233.35	613.47
1233.67	615.85
1233.99	608.023
1234.31	607.784
1234.63	617.817
1234.95	624.044
1235.28	617.345
1235.6	620.428
1235.92	622.594
1236.24	625.952
1236.56	618.867
1236.88	615.69
1237.2	615.354
1237.53	613.208
1237.85	619.18
1238.17	623.892
1238.49	615.191
1238.81	613.315
1239.13	611.867
1239.46	618.318
1239.78	631.549
1240.1	613.101
1240.42	619.177
1240.74	618.101
1241.06	621.669
1241.38	614.63
1241.7	626.346
1242.03	620.101
1242.35	615.145
1242.67	613.128
1242.99	618.112
1243.31	621.469
1243.63	616.04
1243.95	603.005
1244.27	619.065
1244.59	618.862
1244.92	614.553
1245.24	623.183
1245.56	610.204
1245.88	619.763
1246.2	618.885
1246.52	608.625
1246.84	617.787
1247.16	627.514
1247.48	624.53
1247.8	626.962
1248.12	614.281
1248.45	614.965
1248.77	610.685
1249.09	619.166
1249.41	616.739
1249.73	609.37
1250.05	615.038
1250.37	615.147
1250.69	613.987
1251.01	627.496
1251.33	613.084
1251.65	624.798
1251.97	619.87
1252.29	605.489
1252.61	610.282
1252.93	616.274
1253.26	607.585
1253.57	622.675
1253.9	625.814
1254.22	627.733
1254.54	615.069
1254.86	623.674
1255.18	628.748
1255.5	611.865
1255.82	609.604
1256.14	611.753
1256.46	617.46
1256.78	609.072
1257.1	611.771
1257.42	612.585
1257.74	619.541
1258.06	613.715
1258.38	619.252
1258.7	617.723
1259.02	618.017
1259.34	619.281
1259.66	622.591
1259.98	610.58
1260.3	619.272
1260.62	618.318
1260.94	615.899
1261.26	613.099
1261.58	605.362
1261.9	611.837
1262.22	623.939
1262.54	624.5
1262.86	620.674
1263.18	623.298
1263.5	622.044
1263.82	621.56
1264.14	609.146
1264.46	614.217
1264.78	615.693
1265.1	618.595
1265.42	614.16
1265.74	616.254
1266.06	625.203
1266.38	618.465
1266.7	612.308
1267.02	620.696
1267.34	607.099
1267.66	620.781
1267.98	624.277
1268.3	617.802
1268.62	624.735
1268.94	622.123
1269.26	626.636
1269.58	614.663
1269.9	617.965
1270.22	611.387
1270.54	620.674
1270.85	620.819
1271.17	625.769
1271.49	613.829
1271.81	623.155
1272.13	609.087
1272.45	603.348
1272.77	625.76
1273.09	620.217
1273.41	623.117
1273.73	608.193
1274.05	619.872
1274.37	625.299
1274.69	614.27
1275.01	627.678
1275.33	620.68
1275.64	620.639
1275.96	626.039
1276.28	627.047
1276.6	629.883
1276.92	625.236
1277.24	614.671
1277.56	642.44
1277.88	622.732
1278.2	611.551
1278.52	611.334
1278.84	622.05
1279.15	626.171
1279.47	622.388
1279.79	618.191
1280.11	615.027
1280.43	611.604
1280.75	622.124
1281.07	633.342
1281.39	635.261
1281.71	627.597
1282.03	628.469
1282.34	623.32
1282.66	614.675
1282.98	625.378
1283.3	622.881
1283.62	618.07
1283.94	635.372
1284.26	624.196
1284.57	624.101
1284.89	623.405
1285.21	619.271
1285.53	625.48
1285.85	642.302
1286.17	623.094
1286.49	623.57
1286.81	622.154
1287.12	622.751
1287.44	634.77
1287.76	626.391
1288.08	624.639
1288.4	629.524
1288.72	621.992
1289.03	626.689
1289.35	628.256
1289.67	631.788
1289.99	625.037
1290.31	632.839
1290.63	641.633
1290.94	636.818
1291.26	645.603
1291.58	633.066
1291.9	631.106
1292.22	635.071
1292.54	630.218
1292.85	637.351
1293.17	640.426
1293.49	641.252
1293.81	640.41
1294.13	647.332
1294.44	646.541
1294.76	642.333
1295.08	653.591
1295.4	644.378
1295.72	643.686
1296.03	645.231
1296.35	643.091
1296.67	634.4
1296.99	644.659
1297.31	633.938
1297.62	639.357
1297.94	648.289
1298.26	645.6
1298.58	647.293
1298.9	654.068
1299.21	649.713
1299.53	639.441
1299.85	651.855
1300.17	651.111
1300.48	657.077
1300.8	640.659
1301.12	656.752
1301.44	646.378
1301.76	662.442
1302.07	649.3
1302.39	659.872
1302.71	654.59
1303.03	649.432
1303.34	654.789
1303.66	630.852
1303.98	647.074
1304.3	669.007
1304.61	651.806
1304.93	657.571
1305.25	658.054
1305.57	663.73
1305.88	660.46
1306.2	665.103
1306.52	661.741
1306.84	648.933
1307.15	671.236
1307.47	670.361
1307.79	661.958
1308.1	668.621
1308.42	672.989
1308.74	667.838
1309.06	669.002
1309.37	675.939
1309.69	675.452
1310.01	665.65
1310.33	678.227
1310.64	677.846
1310.96	684.896
1311.28	676.587
1311.59	690.6
1311.91	677.328
1312.23	677.781
1312.54	687.936
1312.86	679.198
1313.18	671.341
1313.5	690.246
1313.81	693.093
1314.13	683.818
1314.45	696.102
1314.76	688.606
1315.08	700.494
1315.4	703.161
1315.71	690.833
1316.03	681.342
1316.35	699.299
1316.66	694.341
1316.98	703.908
1317.3	705.469
1317.61	693.802
1317.93	720.349
1318.25	721.387
1318.56	715.596
1318.88	695.342
1319.2	716.987
1319.51	718.547
1319.83	716.7
1320.15	719.042
1320.46	733.508
1320.78	729.45
1321.1	725.338
1321.41	720.668
1321.73	746.969
1322.05	743.19
1322.36	744.704
1322.68	764.862
1323	753.221
1323.31	752.421
1323.63	781.308
1323.94	766.979
1324.26	752.003
1324.58	790.228
1324.89	789.39
1325.21	789.309
1325.53	792.634
1325.84	812.161
1326.16	835.915
1326.47	865.907
1326.79	866.563
1327.11	882.637
1327.42	869.375
1327.74	910.211
1328.06	913.819
1328.37	951.747
1328.69	1000.22
1329	1034.35
1329.32	1065.76
1329.64	1133.26
1329.95	1200.16
1330.27	1275.08
1330.58	1390.14
1330.9	1522.84
1331.22	1653.46
1331.53	1862.46
1331.85	2092.83
1332.16	2426.73
1332.48	2772.69
1332.79	3191.03
1333.11	3702.45
1333.43	4334.17
1333.74	5031.99
1334.06	5738.91
1334.37	6558.87
1334.69	7326.4
1335	8075.35
1335.32	8837.56
1335.63	9170.16
1335.95	9350.51
1336.27	9258.28
1336.58	8859.12
1336.9	8231.86
1337.21	7406.98
1337.53	6454.84
1337.85	5350.19
1338.16	4299.95
1338.48	3482.58
1338.79	2797.24
1339.11	2255.62
1339.42	1949.68
1339.74	1724.55
1340.05	1518.12
1340.37	1391.59
1340.68	1300.81
1341	1216.55
1341.31	1149.62
1341.63	1083.66
1341.94	1036.98
1342.26	1007.06
1342.58	971.304
1342.89	956.714
1343.21	945.355
1343.52	909.746
1343.83	883.317
1344.15	873.006
1344.47	866.098
1344.78	845.547
1345.1	839.365
1345.41	836.036
1345.73	818.843
1346.04	828.909
1346.36	829.044
1346.67	809.021
1346.99	800.368
1347.3	803.226
1347.62	801.713
1347.93	799.066
1348.25	802.774
1348.56	800.877
1348.88	777.33
1349.19	786.843
1349.5	788.838
1349.82	785.138
1350.13	778.71
1350.45	785.417
1350.76	789.627
1351.08	777.097
1351.39	758.458
1351.71	772.93
1352.02	777.768
1352.34	778.97
1352.65	780.198
1352.97	776.287
1353.28	764.821
1353.6	758.679
1353.91	779.686
1354.22	782.661
1354.54	778.92
1354.85	751.34
1355.17	755.46
1355.48	766.505
1355.8	763.773
1356.11	771.621
1356.43	776.059
1356.74	774.852
1357.06	757.586
1357.37	758.337
1357.68	749.738
1358	764.79
1358.31	767.377
1358.63	760.965
1358.94	752.259
1359.26	765.89
1359.57	774.836
1359.88	779.769
1360.2	757.701
1360.51	764.468
1360.83	746.181
1361.14	742.396
1361.45	751.066
1361.77	764.134
1362.08	754.885
1362.4	768.06
1362.71	763.905
1363.02	755.638
1363.34	761.559
1363.65	781.851
1363.97	783.079
1364.28	763.895
1364.59	758.068
1364.91	758.236
1365.22	770.493
1365.54	778.428
1365.85	776.039
1366.16	761.37
1366.48	756.624
1366.79	757.042
1367.11	753.12
1367.42	765.958
1367.73	765.427
1368.05	771.472
1368.36	767.455
1368.67	757.183
1368.99	763.367
1369.3	756.803
1369.61	763.327
1369.93	756.255
1370.24	758.652
1370.55	768.022
1370.87	765.368
1371.18	764.87
1371.5	771.82
1371.81	771.577
1372.12	775.949
1372.17	775.885
1372.48	773.829
1372.8	772.937
1373.12	757.604
1373.43	780.923
1373.75	769.004
1374.06	781.197
1374.38	774.534
1374.69	777.344
1375.01	779.613
1375.32	780.941
1375.64	770.243
1375.96	758.22
1376.27	762.182
1376.59	776.233
1376.9	776.185
1377.22	764.035
1377.53	765.836
1377.85	773.835
1378.16	780.182
1378.48	781.338
1378.79	768.453
1379.11	781.873
1379.42	773.788
1379.74	776.553
1380.05	773.884
1380.37	785.611
1380.69	777.428
1381	781.172
1381.32	785.328
1381.63	780.756
1381.94	776.081
1382.26	795.085
1382.58	767.675
1382.89	784.128
1383.21	766.701
1383.52	794.484
1383.84	775.275
1384.15	790.74
1384.47	805.136
1384.78	786.244
1385.1	796.091
1385.41	794.222
1385.73	786.752
1386.04	783.284
1386.35	774.451
1386.67	780.966
1386.99	777.957
1387.3	793.325
1387.61	791.505
1387.93	793.42
1388.24	768.492
1388.56	807.139
1388.87	777.719
1389.19	800.467
1389.5	792.596
1389.82	774.438
1390.13	789.058
1390.45	778.366
1390.76	817.313
1391.08	776.308
1391.39	815.801
1391.71	784.989
1392.02	782.038
1392.33	766.218
1392.65	792.533
1392.96	819.143
1393.28	781.019
1393.59	774.985
1393.91	825.256
1394.22	789.203
1394.54	795.106
1394.85	810.894
1395.16	810.93
1395.48	796.425
1395.79	816.307
1396.11	793.964
1396.42	812.79
1396.73	802.909
1397.05	788.185
1397.36	817.466
1397.68	806.223
1397.99	809.376
1398.31	817.378
1398.62	796.284
1398.94	793.07
1399.25	798.358
1399.56	803.717
1399.88	807.493
1400.19	810.815
1400.5	805.181
1400.82	801.445
1401.13	810.563
1401.45	813.455
1401.76	825.258
1402.08	808.935
1402.39	815.034
1402.7	816.179
1403.02	810.034
1403.33	821.12
1403.65	816.518
1403.96	813.149
1404.27	831.595
1404.59	823.189
1404.9	818.151
1405.21	832.591
1405.53	807.348
1405.84	829.525
1406.15	814.361
1406.47	825.408
1406.78	827.169
1407.09	819.922
1407.41	821.368
1407.72	837.295
1408.04	835.114
1408.35	827.072
1408.66	826.517
1408.98	835.395
1409.29	821.324
1409.6	832.673
1409.92	817.182
1410.23	822.759
1410.54	818.336
1410.86	821.353
1411.17	840.665
1411.48	840.089
1411.8	846.366
1412.11	861.955
1412.43	834.289
1412.74	828.266
1413.05	828.112
1413.36	830.013
1413.68	827.648
1413.99	824.902
1414.3	838.648
1414.62	848.465
1414.93	831.452
1415.24	845.012
1415.56	844.424
1415.87	842.518
1416.18	844.748
1416.5	837.924
1416.81	852.234
1417.12	843.034
1417.44	852.206
1417.75	846.796
1418.06	846.475
1418.37	842.417
1418.69	848.789
1419	854.764
1419.31	849.194
1419.63	853.79
1419.94	844.699
1420.25	854.782
1420.56	858.096
1420.88	853.495
1421.19	849.13
1421.5	856.332
1421.82	845.844
1422.13	856.625
1422.44	852.745
1422.76	855.554
1423.07	846.615
1423.38	851.819
1423.69	860.975
1424.01	844.076
1424.32	862.202
1424.63	852.788
1424.94	871.189
1425.26	883.144
1425.57	871.323
1425.88	862.987
1426.19	862.706
1426.51	861.416
1426.82	870.192
1427.13	872.135
1427.44	870.567
1427.76	869.778
1428.07	873.737
1428.38	865.733
1428.69	876.416
1429.01	860.478
1429.32	882.141
1429.63	871.699
1429.94	871.706
1430.25	882.028
1430.57	883.934
1430.88	872.715
1431.19	883.593
1431.5	880.534
1431.82	872.445
1432.13	886.371
1432.44	860.84
1432.75	894.846
1433.06	862.393
1433.38	871.326
1433.69	868.427
1434	872.771
1434.31	884.694
1434.62	873.716
1434.94	890.177
1435.25	893.502
1435.56	893.16
1435.87	890.538
1436.18	885.644
1436.5	900.223
1436.81	888.788
1437.12	919.617
1437.43	875.155
1437.74	885.028
1438.06	892.085
1438.37	881.814
1438.68	878.312
1438.99	874.25
1439.3	880.929
1439.61	886.237
1439.93	906.204
1440.24	919.852
1440.55	882.738
1440.86	890.023
1441.17	904.266
1441.48	898.448
1441.8	889.674
1442.11	893.208
1442.42	900.106
1442.73	890.245
1443.04	889.413
1443.35	899.402
1443.67	902.97
1443.98	912.098
1444.29	897.944
1444.6	913.476
1444.91	889.051
1445.22	903.41
1445.53	904.682
1445.85	911.111
1446.16	897.841
1446.47	907.98
1446.78	918.035
1447.09	909.173
1447.4	913.301
1447.71	911.988
1448.02	910.487
1448.33	907.033
1448.65	887.21
1448.96	900.504
1449.27	919.946
1449.58	921.555
1449.89	913.142
1450.2	910.838
1450.51	909.884
1450.82	913.323
1451.14	907.855
1451.45	904.316
1451.76	894.376
1452.07	921.967
1452.38	910.962
1452.69	892.477
1453	890.134
1453.31	903.168
1453.62	909.254
1453.93	915.153
1454.25	916.604
1454.56	897.752
1454.87	897.999
1455.18	905.085
1455.49	913.528
1455.8	914.452
1456.11	903.517
1456.42	908.485
1456.73	921.256
1457.04	913.134
1457.35	919.954
1457.66	916.022
1457.97	902.375
1458.28	901.4
1458.59	904.972
1458.9	908.071
1459.22	900.056
1459.53	910.95
1459.84	915.672
1460.15	918.426
1460.46	922.304
1460.77	910.425
1461.08	918.279
1461.39	903.192
1461.7	906.952
1462.01	917.322
1462.32	909.043
1462.63	892.78
1462.94	904.695
1463.25	928.73
1463.56	906.656
1463.87	893.897
1464.18	911.756
1464.49	913.722
1464.8	917.666
1465.11	913.026
1465.42	920.799
1465.73	914.932
1466.04	920.581
1466.35	908.505
1466.66	895.21
1466.97	900.813
1467.28	896.265
1467.59	916.146
1467.9	894.681
1468.21	899.543
1468.52	915.649
1468.83	899.184
1469.14	886.045
1469.45	894.872
1469.76	914.45
1470.07	894.663
1470.38	893.394
1470.69	884.252
1471	891.671
1471.31	910.914
1471.62	891.327
1471.93	902.169
1472.24	914.524
1472.55	901.631
1472.86	905.314
1473.17	891.45
1473.48	902.644
1473.79	897.631
1474.1	901.222
1474.41	889.643
1474.72	904.108
1475.03	890.843
1475.34	894.228
1475.65	915.849
1475.96	907.19
1476.27	907.093
1476.58	880.715
1476.89	894.876
1477.2	902.322
1477.51	902.349
1477.82	881.606
1478.13	901.332
1478.44	919.156
1478.74	878.688
1479.05	896.085
1479.36	886.402
1479.67	870.845
1479.98	878.021
1480.29	878.417
1480.6	906.783
1480.91	893.722
1481.22	893.677
1481.53	870.272
1481.84	873.769
1482.15	905.074
1482.46	887.324
1482.77	884.005
1483.07	887.287
1483.38	888.332
1483.69	879.421
1484	878.058
1484.31	892.494
1484.62	876.771
1484.93	888.565
1485.24	867.191
1485.55	873.605
1485.86	872.651
1486.17	869.054
1486.47	875.7
1486.78	874.392
1487.09	870.712
1487.4	879.191
1487.71	868.876
1488.02	871.499
1488.33	891.816
1488.64	873.427
1488.94	895.017
1489.25	877.484
1489.56	874.694
1489.87	861.648
1490.18	851.077
1490.49	871.401
1490.8	875.542
1491.11	883.686
1491.41	852.954
1491.72	859.575
1492.03	863.938
1492.34	864.14
1492.65	873.335
1492.96	884.719
1493.27	877.683
1493.57	855.404
1493.88	867.008
1494.19	852.764
1494.5	850.899
1494.81	837.106
1495.12	858.799
1495.43	844.798
1495.73	842.082
1496.04	869.259
1496.35	871.056
1496.66	865.269
1496.97	845.157
1497.28	837.374
1497.58	854.582
1497.89	843.57
1498.2	853.124
1498.51	848.131
1498.82	843.855
1499.13	842.869
1499.43	838.125
1499.74	839.361
1500.05	852.114
1500.36	853.774
1500.67	837.877
1500.97	837.252
1501.28	846.98
1501.59	846.347
1501.9	825.466
1502.21	823.322
1502.51	830.229
1502.82	829.9
1503.13	827.109
1503.44	825.27
1503.74	826.768
1504.05	829.496
1504.36	839.811
1504.67	838.033
1504.98	835.516
1505.29	836.734
1505.59	828.561
1505.9	820.732
1506.21	831.624
1506.52	826.897
1506.82	812.974
1507.13	804.106
1507.44	830.792
1507.75	825.238
1508.06	822.576
1508.36	829.754
1508.67	827.744
1508.98	827.391
1509.29	817.195
1509.59	834.355
1509.9	823.645
1510.21	827.699
1510.52	811.651
1510.82	817.267
1511.13	813.422
1511.44	817.925
1511.75	818.381
1512.05	825.833
1512.36	817.854
1512.67	812.37
1512.98	818.089
1513.28	816.579
1513.59	802.341
1513.9	799.474
1514.2	806.624
1514.51	810.941
1514.82	807.597
1515.13	801.896
1515.43	808.444
1515.74	814.847
1516.05	804.776
1516.35	800.932
1516.66	809.39
1516.97	812.9
1517.28	807.709
1517.58	807.33
1517.89	798.581
1518.2	795.869
1518.51	803.323
1518.81	808.725
1519.12	790.458
1519.43	793.354
1519.73	807.12
1520.04	794.079
1520.35	810.442
1520.65	827.492
1520.96	810.228
1521.27	807.609
1521.57	791.295
1521.88	792.149
1522.19	785.861
1522.5	793.903
1522.8	800.245
1523.11	791.164
1523.41	815.476
1523.72	795.768
1524.03	807.891
1524.34	804.444
1524.64	799.496
1524.95	796.566
1525.26	785.366
1525.56	792.092
1525.87	806.911
1526.17	799.178
1526.48	810.218
1526.79	805.067
1527.1	813.909
1527.4	801.551
1527.71	808.126
1528.02	795.425
1528.32	788.13
1528.63	798.619
1528.93	764.918
1529.24	780.476
1529.55	795.602
1529.85	802.365
1530.16	805.004
1530.47	785.101
1530.77	785.162
1531.08	793.157
1531.38	797.185
1531.69	804.139
1532	794.262
1532.3	789.715
1532.61	778.199
1532.92	787.22
1533.22	802.647
1533.53	795.855
1533.84	787.333
1534.14	802.342
1534.45	791.444
1534.75	805.355
1535.06	798.818
1535.37	811.666
1535.67	783.879
1535.98	777.523
1536.28	781.282
1536.59	771.659
1536.9	793.236
1537.2	798.959
1537.51	787.264
1537.81	782.307
1538.12	789.63
1538.42	781.743
1538.73	793.345
1539.04	789.375
1539.34	781.28
1539.65	789.376
1539.95	793.608
1540.26	788.816
1540.56	792.705
1540.67	795.527
1540.98	782.44
1541.29	787.678
1541.59	791.788
1541.9	784.781
1542.21	798.514
1542.52	789.8
1542.82	800.531
1543.13	767.234
1543.44	794.162
1543.75	815.657
1544.05	802.026
1544.36	780.223
1544.67	782.014
1544.98	769.892
1545.29	786.076
1545.59	783.538
1545.9	768.39
1546.21	778.81
1546.52	792.228
1546.82	786.013
1547.13	788.328
1547.44	793.795
1547.75	793.429
1548.05	808.76
1548.36	786.308
1548.67	775.221
1548.98	781.94
1549.28	770.694
1549.59	790.521
1549.9	780.048
1550.2	801.413
1550.51	786.677
1550.82	775.96
1551.13	780.933
1551.43	781.378
1551.74	800.178
1552.05	803.164
1552.36	781.28
1552.66	802.079
1552.97	783.204
1553.28	785.894
1553.59	788.92
1553.89	794.07
1554.2	800.262
1554.51	779.81
1554.81	804.642
1555.12	787.67
1555.43	777.215
1555.73	791.989
1556.04	796.046
1556.35	790.091
1556.65	798.381
1556.96	786.739
1557.27	781.023
1557.58	798.651
1557.88	774.243
1558.19	785.219
1558.5	801.771
1558.8	810.009
1559.11	797.746
1559.42	796.456
1559.72	793.876
1560.03	793.032
1560.34	797.568
1560.64	796.105
1560.95	800.536
1561.26	799.485
1561.56	804.264
1561.87	801.032
1562.18	794.821
1562.48	785.109
1562.79	802.355
1563.1	795.096
1563.4	779.701
1563.71	795.305
1564.02	798.305
1564.32	793.333
1564.63	794.403
1564.93	802.045
1565.24	805.469
1565.55	792.087
1565.85	804.359
1566.16	798.147
1566.47	807.88
1566.77	805.08
1567.08	798.238
1567.39	788.699
1567.69	781.054
1568	790.548
1568.31	795.47
1568.61	790.484
1568.92	783.13
1569.22	790.194
1569.53	799.34
1569.84	795.988
1570.14	806.451
1570.45	799.354
1570.75	801.217
1571.06	809.67
1571.37	800.524
1571.67	780.978
1571.98	802.222
1572.29	791.126
1572.59	777.943
1572.9	803.812
1573.2	789.645
1573.51	799.61
1573.81	798.48
1574.12	813.532
1574.43	819.399
1574.73	797.967
1575.04	808.708
1575.34	789.872
1575.65	804.116
1575.96	797.17
1576.26	795.486
1576.57	794.265
1576.87	792.427
1577.18	800.678
1577.48	804.907
1577.79	796.65
1578.1	786.693
1578.4	810.336
1578.71	805.79
1579.01	800.474
1579.32	791.217
1579.63	802.006
1579.93	810.932
1580.24	823.816
1580.54	800.619
1580.85	805.305
1581.15	792.027
1581.46	802.101
1581.76	816.514
1582.07	801.455
1582.37	814.365
1582.68	815.151
1582.99	808.359
1583.29	826.359
1583.6	808.36
1583.9	804.987
1584.21	808.404
1584.51	789.048
1584.82	801.545
1585.12	822.167
1585.43	810.918
1585.73	793.055
1586.04	805.541
1586.34	807.619
1586.65	808.827
1586.95	801.38
1587.26	817.293
1587.56	808.304
1587.87	811.403
1588.17	788.158
1588.48	791.163
1588.78	806.802
1589.09	814.782
1589.39	807.077
1589.7	794.755
1590.01	821.596
1590.31	804.069
1590.61	807.923
1590.92	816.774
1591.22	816.493
1591.53	807.664
1591.83	799.258
1592.14	829.39
1592.44	797.447
1592.75	799.512
1593.05	801.689
1593.36	818.784
1593.66	820.012
1593.97	816.416
1594.27	812.372
1594.58	785.988
1594.88	811.714
1595.19	771.28
1595.49	797.178
1595.8	817.671
1596.1	804.924
1596.41	787.442
1596.71	803.204
1597.01	800.509
1597.32	794.692
1597.62	812.063
1597.93	802.754
1598.23	806.565
1598.54	802.296
1598.84	790.952
1599.15	788.66
1599.45	789.105
1599.75	792.589
1600.06	791.775
1600.36	802.588
1600.67	803.61
1600.97	799.582
1601.28	799.8
1601.58	797.626
1601.89	814.517
1602.19	800.367
1602.49	817.653
1602.8	793.013
1603.1	797.34
1603.41	811.716
1603.71	801.502
1604.01	811.274
1604.32	810.234
1604.62	811.323
1604.93	820.25
1605.23	812.045
1605.54	808.901
1605.84	808.083
1606.14	792.049
1606.45	802.181
1606.75	804.506
1607.06	793.619
1607.36	816.659
1607.66	806.094
1607.97	792.476
1608.27	794.447
1608.57	798.488
1608.88	799.863
1609.18	804.682
1609.49	794.286
1609.79	796.247
1610.1	805.296
1610.4	796.741
1610.7	802.925
1611	805.624
1611.31	804.303
1611.61	810.33
1611.92	804.209
1612.22	796.843
1612.53	781.115
1612.83	786.829
1613.13	800.391
1613.43	800.618
1613.74	798.715
1614.04	810.432
1614.35	803.562
1614.65	796.216
1614.95	789.296
1615.26	795.169
1615.56	804.211
1615.86	801.895
1616.17	805.823
1616.47	787.63
1616.77	791.552
1617.08	797.68
1617.38	796.61
1617.68	798.02
1617.99	790.228
1618.29	798.433
1618.59	802.45
1618.9	792.42
1619.2	789.034
1619.5	791.305
1619.81	802.387
1620.11	799.598
1620.41	789.452
1620.72	809.772
1621.02	800.36
1621.32	786.785
1621.63	793.045
1621.93	799.843
1622.23	789.12
1622.54	793.043
1622.84	791.14
1623.14	797.582
1623.44	794.316
1623.75	779.571
1624.05	783.075
1624.35	787.269
1624.66	784.307
1624.96	784.154
1625.26	775.019
1625.56	783.651
1625.87	794.353
1626.17	796.408
1626.47	794.189
1626.78	797.287
1627.08	790.8
1627.38	794.998
1627.68	802.338
1627.99	806.644
1628.29	818.653
1628.59	797.384
1628.9	783.722
1629.2	782.994
1629.5	785.229
1629.8	795.528
1630.11	796.732
1630.41	786.881
1630.71	769.091
1631.01	792.227
1631.32	777.039
1631.62	797.877
1631.92	785.385
1632.22	783.204
1632.53	781.731
1632.83	782.803
1633.13	804.261
1633.43	792.867
1633.74	793.661
1634.04	773.455
1634.34	789.721
1634.64	782.385
1634.95	779.066
1635.25	792.606
1635.55	781.666
1635.85	782.148
1636.16	774.467
1636.46	779.738
1636.76	790.37
1637.06	789.213
1637.36	786.157
1637.67	779.71
1637.97	773.9
1638.27	785.567
1638.57	779.359
1638.88	759.509
1639.18	777.685
1639.48	783.143
1639.78	785.487
1640.08	798.692
1640.39	784.631
1640.69	789.914
1640.99	789.67
1641.29	782.003
1641.59	768.739
1641.9	769.173
1642.2	781.246
1642.5	780.266
1642.8	778.076
1643.1	790.038
1643.4	794.537
1643.71	796.284
1644.01	771.873
1644.31	773.93
1644.61	772.785
1644.91	776.441
1645.21	792.453
1645.52	774.26
1645.82	786.374
1646.12	780.644
1646.42	786.163
1646.72	789.812
1647.03	778.734
1647.33	770.174
1647.63	779.64
1647.93	771.03
1648.23	774.547
1648.53	777.902
1648.83	766.711
1649.14	783.326
1649.44	778.235
1649.74	789.58
1650.04	794.735
1650.34	786.941
1650.64	776.395
1650.95	770.385
1651.25	788.719
1651.55	773.79
1651.85	777.58
1652.15	792.925
1652.45	790.152
1652.75	769.269
1653.05	774.967
1653.36	797.093
1653.66	783.015
1653.96	775.328
1654.26	771.048
1654.56	772.619
1654.86	795.612
1655.16	784.191
1655.46	790.224
1655.77	794.56
1656.07	777.325
1656.37	789.647
1656.67	789.843
1656.97	791.115
1657.27	780.133
1657.57	776.276
1657.87	778.692
1658.17	783.413
1658.47	793.699
1658.77	785.69
1659.08	776.236
1659.38	779.856
1659.68	776.695
1659.98	769.793
1660.28	770.477
1660.58	776.773
1660.88	790.865
1661.18	791.916
1661.48	782.14
1661.78	781.969
1662.08	774.559
1662.39	781.096
1662.69	771.196
1662.99	768.203
1663.29	780.919
1663.59	780.727
1663.89	781.517
1664.19	784.125
1664.49	793.769
1664.79	793.109
1665.09	789.64
1665.39	796.383
1665.69	780.208
1665.99	784.966
1666.29	786.71
1666.59	791.962
1666.89	785.691
1667.2	792.443
1667.49	781.939
1667.79	796.711
1668.1	807.405
1668.4	784.268
1668.7	795.693
1669	799.754
1669.3	791.983
1669.6	790.108
1669.9	794.812
1670.2	786.813
1670.5	799.239
1670.8	805.976
1671.1	796.182
1671.4	802.586
1671.7	802.173
1672	794.886
1672.3	787.354
1672.6	782.342
1672.9	797.592
1673.2	792.66
1673.5	776.311
1673.8	792.124
1674.1	787.816
1674.4	796.837
1674.7	793.321
1675	794.768
1675.3	795.026
1675.6	799.098
1675.9	795.726
1676.2	801.594
1676.5	791.544
1676.8	805.116
1677.1	811.749
1677.4	808.452
1677.7	775.384
1678	808.635
1678.3	809.936
1678.6	792.367
1678.9	794.489
1679.2	784.546
1679.5	796.541
1679.8	784.943
1680.1	787.526
1680.4	810.745
1680.7	794.002
1681	798.235
1681.3	794.75
1681.59	782.263
1681.89	800.483
1682.19	795.907
1682.49	799.844
1682.79	788.467
1683.09	809.427
1683.39	794.231
1683.69	786.323
1683.99	791.855
1684.29	809.441
1684.59	810.659
1684.89	802.698
1685.19	797.339
1685.49	801.231
1685.79	804.089
1686.09	784.715
1686.39	794.169
1686.69	805.814
1686.98	816.215
1687.28	801.423
1687.58	804.202
1687.88	796.781
1688.18	806.136
1688.48	809.955
1688.78	809.789
1689.08	798.672
1689.38	811.034
1689.68	802.086
1689.98	783.084
1690.28	806.265
1690.57	822.694
1690.87	807.377
1691.17	799.741
1691.47	800.5
1691.77	826.57
1692.07	817.925
1692.37	820.522
1692.67	821.411
1692.97	821.338
1693.26	823.732
1693.56	812.417
1693.86	813.759
1694.16	808.195
1694.46	809.757
1694.76	819.933
1695.06	800.035
1695.36	817.562
1695.65	818.964
1695.95	827.526
1696.25	814.852
1696.55	818.394
1696.85	821.654
1697.15	827.589
1697.45	821.015
1697.75	809.008
1698.04	807.266
1698.34	818.616
1698.64	822.109
1698.94	825.603
1699.24	816.007
1699.54	808.546
1699.84	807.255
1700	812.251
1700.3	833.181
1700.6	824.556
1700.9	815.208
1701.2	834.811
1701.5	825.263
1701.8	845.115
1702.1	821.081
1702.4	828.973
1702.7	814.868
1703	828.613
1703.3	819.125
1703.6	833.952
1703.91	826.572
1704.21	832.661
1704.51	807.937
1704.81	827.127
1705.11	824.215
1705.41	823.911
1705.71	842.126
1706.01	835.098
1706.31	813.838
1706.61	841.955
1706.91	819.552
1707.21	838.531
1707.51	839.429
1707.81	830.266
1708.11	822.827
1708.41	821.929
1708.71	815.458
1709.01	835.064
1709.31	822.747
1709.61	846.387
1709.91	856.617
1710.21	817.111
1710.51	827.417
1710.81	822.72
1711.11	811.534
1711.41	805.203
1711.71	827.122
1712.01	817.406
1712.31	840.505
1712.61	835.435
1712.91	834.077
1713.21	830.85
1713.51	821.786
1713.81	818.262
1714.11	841.889
1714.41	826.311
1714.71	833.608
1715.01	833.524
1715.31	832.017
1715.61	826.394
1715.91	813.217
1716.21	816.277
1716.51	826.52
1716.81	840.909
1717.11	836.684
1717.41	833.552
1717.71	828.017
1718.01	813.951
1718.31	851.433
1718.61	833.435
1718.91	820.247
1719.2	842.843
1719.5	839.827
1719.8	839.492
1720.1	843.751
1720.4	825.06
1720.7	799.972
1721	823.932
1721.3	810.143
1721.6	831.924
1721.9	834.566
1722.2	820.731
1722.5	822.695
1722.8	800.655
1723.1	813.934
1723.4	821.188
1723.7	841.095
1723.99	822.537
1724.29	804.457
1724.59	823.053
1724.89	822.122
1725.19	814.175
1725.49	843.374
1725.79	836.755
1726.09	840.595
1726.39	818.447
1726.69	825.858
1726.99	829.446
1727.29	818.604
1727.58	814.239
1727.88	831.945
1728.18	819.988
1728.48	826.168
1728.78	834.767
1729.08	819.06
1729.38	822.224
1729.68	824.485
1729.98	812.024
1730.28	825.305
1730.58	824.303
1730.87	819.113
1731.17	826.655
1731.47	832.345
1731.77	833.411
1732.07	825.878
1732.37	824.674
1732.67	833.455
1732.97	832.677
1733.26	815.233
1733.56	807.383
1733.86	802.143
1734.16	830.107
1734.46	830.237
1734.76	820.19
1735.06	821.749
1735.35	823.814
1735.65	828.707
1735.95	825.5
1736.25	823.157
1736.55	810.564
1736.85	838.518
1737.15	844.696
1737.44	821.419
1737.74	828.999
1738.04	834.857
1738.34	809.702
1738.64	818.89
1738.94	817.739
1739.24	834.141
1739.53	821.299
1739.83	823.855
1740.13	828.915
1740.43	829.613
1740.73	823.33
1741.03	815.928
1741.32	826.345
1741.62	828.879
1741.92	826.571
1742.22	815.036
1742.52	823.911
1742.81	810.3
1743.11	823.851
1743.41	829.37
1743.71	833.057
1744.01	830.354
1744.31	822.39
1744.6	826.721
1744.9	827.004
1745.2	821.121
1745.5	805.839
1745.79	829.798
1746.09	799.791
1746.39	814.543
1746.69	830.695
1746.99	809.831
1747.28	830.38
1747.58	835.015
1747.88	827.967
1748.18	816.656
1748.48	811.852
1748.77	820.038
1749.07	826.058
1749.37	836.071
1749.67	839.293
1749.96	820.683
1750.26	839.275
1750.56	832.959
1750.86	825.302
1751.16	841.661
1751.45	834.135
1751.75	811.026
1752.05	817.436
1752.35	835.569
1752.64	820.268
1752.94	828.029
1753.24	825.958
1753.54	807.675
1753.83	827.769
1754.13	812.747
1754.43	837.554
1754.73	818.458
1755.02	833.396
1755.32	830.691
1755.62	828.982
1755.92	816.885
1756.21	824.122
1756.51	826.451
1756.81	832.695
1757.11	809.867
1757.4	822.508
1757.7	806.916
1758	825.801
1758.3	826.691
1758.59	832.204
1758.89	814.862
1759.19	819.85
1759.48	820.53
1759.78	810.339
1760.08	827.302
1760.38	819.16
1760.67	829.468
1760.97	832.297
1761.27	804.957
1761.56	820.38
1761.86	821.365
1762.16	826.261
1762.45	825.861
1762.75	832.007
1763.05	824.395
1763.35	814.119
1763.64	823.334
1763.94	827.165
1764.24	823.256
1764.53	828.839
1764.83	811.824
1765.13	827.396
1765.42	823.185
1765.72	824.831
1766.02	826.407
1766.32	829.61
1766.61	836.432
1766.91	828.425
1767.21	812.796
1767.5	819.703
1767.8	812.49
1768.09	803.631
1768.39	818.594
1768.69	816.18
1768.99	819.222
1769.28	816.301
1769.58	825.045
1769.88	836.709
1770.17	813.035
1770.47	826.549
1770.76	843.779
1771.06	843.694
1771.36	827.392
1771.65	809.72
1771.95	847.384
1772.25	824.191
1772.54	825.454
1772.84	836.813
1773.14	843.553
1773.43	826.176
1773.73	836.689
1774.03	837.782
1774.32	830.957
1774.62	836.262
1774.91	836.423
1775.21	827.148
1775.51	825.173
1775.8	828.273
1776.1	835.159
1776.4	834.897
1776.69	834.832
1776.99	830.412
1777.28	823.545
1777.58	839.102
1777.88	824.965
1778.17	811.869
1778.47	824.988
1778.76	826.899
1779.06	822.906
1779.36	816.323
1779.65	819.975
1779.95	834.182
1780.24	839.402
1780.54	834.721
1780.84	828.721
1781.13	822.489
1781.43	816.691
1781.72	821.167
1782.02	830.337
1782.32	831.717
1782.61	829.973
1782.91	825.512
1783.2	827.841
1783.5	827.606
1783.79	830.427
1784.09	830.313
1784.39	831.599
1784.68	837.616
1784.98	838.476
1785.27	838.554
1785.57	836.599
1785.87	824.545
1786.16	831.538
1786.46	831.379
1786.75	839.26
1787.05	845.316
1787.34	846.163
1787.64	832.56
1787.93	832.65
1788.23	841.189
1788.52	835.657
1788.82	827.768
1789.12	832.558
1789.41	833.414
1789.71	836.198
1790	849.221
1790.3	831.773
1790.59	853.632
1790.89	838.074
1791.18	835.685
1791.48	843.022
1791.77	834.749
1792.07	830.509
1792.36	836.096
1792.66	839.167
1792.96	849.845
1793.25	840.869
1793.55	836.327
1793.84	836.496
1794.14	839.828
1794.43	853.167
1794.73	852.539
1795.02	839.889
1795.32	823.866
1795.61	835.726
1795.91	856.328
1796.2	846.935
1796.5	822.516
1796.79	851.008
1797.09	832.297
1797.38	826.627
1797.68	836.875
1797.97	829.334
1798.27	843.181
1798.56	852.919
1798.86	849.594
1799.15	862.263
1799.45	864.477
1799.74	836.747
1800.04	847.053
1800.33	840.067
1800.63	855.842
1800.92	835.121
1801.21	840.53
1801.51	834.951
1801.8	851.117
1802.1	859.405
1802.39	837.488
1802.69	844.361
1802.98	855.52
1803.28	856.4
1803.57	844.634
1803.87	843.99
1804.16	859.504
1804.46	853.372
1804.75	857.068
1805.04	863.687
1805.34	853.265
1805.63	846.916
1805.93	852.171
1806.22	858.391
1806.52	839.515
1806.81	846.888
1807.11	850.54
1807.4	857.84
1807.69	850.66
1807.99	856.463
1808.28	849.034
1808.58	859.844
1808.87	848.893
1809.17	853.448
1809.46	866.739
1809.76	873.845
1810.05	858.543
1810.34	851.915
1810.64	851.306
1810.93	885.793
1811.23	844.195
1811.52	835.52
1811.81	861.011
1812.11	855.033
1812.4	852.187
1812.7	845.471
1812.99	861.02
1813.28	855.047
1813.58	865.47
1813.87	865.283
1814.17	859.488
1814.46	844.462
1814.76	863.22
1815.05	866.56
1815.34	860.407
1815.64	853.417
1815.93	859.059
1816.22	856.41
1816.52	863.861
1816.81	875.854
1817.1	868.664
1817.4	872.114
1817.69	862.7
1817.99	863.673
1818.28	880.955
1818.57	874.168
1818.87	859.417
1819.16	861.496
1819.46	868.87
1819.75	868.929
1820.04	872.073
1820.34	880.247
1820.63	872.688
1820.92	864.816
1821.22	869.858
1821.51	880.035
1821.8	876.371
1822.1	870.793
1822.39	873.071
1822.69	863.011
1822.98	866.839
1823.27	869.866
1823.57	868.308
1823.86	866.902
1824.15	882.023
1824.45	887.64
1824.74	876.082
1825.03	883.228
1825.33	880.633
1825.62	875.466
1825.91	878.877
1826.2	870.135
1826.5	877.189
1826.79	877.838
1827.08	871.826
1827.38	871.583
1827.67	873.832
1827.96	865.844
1828.26	863.466
1828.55	876.195
1828.84	885.813
1829.14	882.446
1829.43	878.736
1829.72	889.387
1830.02	872.33
1830.31	864.175
1830.6	882.982
1830.89	870.034
1831.19	882.727
1831.48	884.89
1831.77	891.272
1832.07	880.724
1832.36	861.318
1832.65	856.048
1832.95	868.281
1833.24	878.677
1833.53	860.387
1833.82	863.913
1834.12	876.12
1834.41	870.212
1834.7	873.474
1835	878.699
1835.29	875.061
1835.58	877.161
1835.87	881.231
1836.17	882.078
1836.46	891.092
1836.75	875.512
1837.05	863.099
1837.34	851.235
1837.63	862.907
1837.92	868.091
1838.22	878.263
1838.51	895.247
1838.8	875.488
1839.09	873.843
1839.38	867.95
1839.68	862.381
1839.97	882.135
1840.26	879.99
1840.55	894.135
1840.85	875.683
1841.14	880.883
1841.43	886.672
1841.72	878.137
1842.02	893.811
1842.31	883.496
1842.6	881.822
1842.89	879.407
1843.19	868.228
1843.48	880.185
1843.77	875.554
1844.06	878.29
1844.36	887.464
1844.65	870.012
1844.94	883.71
1845.23	885.719
1845.52	867.311
1845.82	877.658
1846.11	875.9
1846.4	867.105
1846.69	865.216
1846.98	860.408
1847.28	885.982
1847.57	882.088
1847.86	880.131
1848.15	873.579
1848.44	872.519
1848.74	879.817
1849.03	877.358
1849.32	884.188
1849.61	884.984
1849.9	878.619
1850.19	886.307
1850.49	874.369
1850.78	860.077
1851.07	864.851
1851.36	870.388
1851.65	866.932
1851.95	860.783
1852.24	878.08
1852.53	891.331
1852.82	890.534
1853.11	870.984
1853.4	866.974
1853.7	884.389
1853.99	882.463
1854.28	888.013
1854.57	871.86
1854.86	869.882
1855.16	879.236
1855.45	876.326
1855.74	877.311
1856.03	856.269
1856.32	855.48
1856.61	886.028
1856.9	878.948
1857.19	889.502
1857.49	879.57
1857.78	869.139
1858.07	878.508
1858.36	871.886
1858.65	880.984
1858.79	885.054
1859.09	874.683
1859.38	893.129
1859.67	896.539
1859.97	878.023
1860.26	872.627
1860.55	888.581
1860.85	866.774
1861.14	878.993
1861.43	876.633
1861.73	866.812
1862.02	867.763
1862.31	880.882
1862.61	859.063
1862.9	858.612
1863.19	871.167
1863.49	882.968
1863.78	872.045
1864.07	864.904
1864.37	864.341
1864.66	857.529
1864.95	870.124
1865.24	872.985
1865.54	873.519
1865.83	884.578
1866.12	865.229
1866.42	859.596
1866.71	884.162
1867	866.316
1867.3	873.567
1867.59	888.482
1867.88	888.216
1868.18	873.238
1868.47	869.164
1868.76	877.576
1869.05	841.384
1869.35	865.374
1869.64	868.303
1869.93	878.908
1870.23	870.165
1870.52	871.173
1870.81	875.348
1871.1	855.866
1871.4	833.53
1871.69	887.045
1871.98	863.236
1872.27	875.774
1872.57	870.98
1872.86	875.593
1873.15	871.008
1873.45	860.99
1873.74	849.104
1874.03	874.255
1874.32	863.196
1874.62	884.171
1874.91	858.393
1875.2	863.455
1875.49	864.028
1875.79	860.119
1876.08	862.165
1876.37	877.957
1876.66	878.966
1876.96	870.565
1877.25	877.417
1877.54	869.973
1877.83	849.663
1878.12	868.104
1878.42	865.899
1878.71	856.349
1879	848.272
1879.29	887.794
1879.59	872.926
1879.88	861.874
1880.17	864.998
1880.46	866.555
1880.75	859.952
1881.05	878
1881.34	867.752
1881.63	853.952
1881.92	871.177
1882.21	870.327
1882.51	855.114
1882.8	859.287
1883.09	850.571
1883.38	847.475
1883.67	864.005
1883.97	836.253
1884.26	854.459
1884.55	854.96
1884.84	864.441
1885.13	864.264
1885.43	873.309
1885.72	861.287
1886.01	872.392
1886.3	855.818
1886.59	853.76
1886.89	854.684
1887.18	872.876
1887.47	859.332
1887.76	873.309
1888.05	860.716
1888.35	872.299
1888.64	862.281
1888.93	854.803
1889.22	851.669
1889.51	858.649
1889.8	871.568
1890.1	876.149
1890.39	872.629
1890.68	862.997
1890.97	868.459
1891.26	868.085
1891.55	852.468
1891.84	848.743
1892.14	857.135
1892.43	859.152
1892.72	864.353
1893.01	869.812
1893.3	857.772
1893.59	843.315
1893.88	843.897
1894.18	870.229
1894.47	847.289
1894.76	844.375
1895.05	869.547
1895.34	860.301
1895.63	862.197
1895.92	864.086
1896.22	857.606
1896.51	851.151
1896.8	848.326
1897.09	856.561
1897.38	858.332
1897.67	856.978
1897.96	834.52
1898.25	853.412
1898.55	856.161
1898.84	851.336
1899.13	851.634
1899.42	861.513
1899.71	861.446
1900	857.45
1900.29	852.85
1900.58	841.74
1900.87	860.901
1901.16	860.276
1901.46	844.911
1901.75	854.757
1902.04	845.184
1902.33	855.651
1902.62	837.082
1902.91	861.56
1903.2	860.638
1903.49	850.054
1903.78	858.222
1904.07	862.948
1904.36	843.725
1904.65	850.152
1904.95	864.457
1905.24	871.135
1905.53	851.089
1905.82	864.192
1906.11	841.124
1906.4	857.136
1906.69	861.171
1906.98	850.312
1907.27	862.544
1907.56	861.705
1907.85	857.349
1908.14	862.744
1908.43	849.149
1908.72	853.675
1909.01	884.318
1909.3	867.645
1909.6	868.156
1909.89	848.279
1910.18	847.216
1910.47	866.98
1910.76	855.024
1911.05	858.632
1911.34	837.955
1911.63	866.372
1911.92	865.01
1912.21	846.052
1912.5	849.166
1912.79	858.273
1913.08	872.51
1913.37	871.916
1913.66	865.458
1913.95	862.604
1914.24	869.964
1914.53	869.848
1914.82	857.183
1915.11	858.944
1915.4	858.899
1915.69	864.016
1915.98	853.166
1916.27	883.413
1916.56	856.255
1916.85	877.48
1917.14	872.291
1917.43	862.194
1917.72	878.587
1918.01	871.514
1918.3	867.673
1918.59	848.792
1918.88	876.89
1919.17	851.247
1919.46	872.985
1919.75	870.025
1920.04	871.949
1920.33	861.499
1920.62	864.216
1920.91	879.516
1921.2	862.321
1921.49	870.563
1921.78	874.339
1922.07	876.073
1922.36	859.909
1922.65	874.918
1922.94	879.849
1923.23	884.183
1923.52	869.459
1923.81	878.929
1924.1	876.776
1924.39	879.159
1924.68	884.131
1924.97	867.818
1925.26	867.601
1925.55	866.994
1925.84	882.507
1926.13	898.084
1926.42	861.167
1926.71	862.169
1927	873.009
1927.29	874.018
1927.57	866.229
1927.86	879.654
1928.15	881.364
1928.44	874.582
1928.73	881.534
1929.02	876.99
1929.31	879.056
1929.6	873.757
1929.89	886.958
1930.18	877.915
1930.47	879.595
1930.76	891.498
1931.05	894.313
1931.34	875.831
1931.62	865.066
1931.91	882.319
1932.2	879.213
1932.49	885.937
1932.78	886.095
1933.07	894.233
1933.36	889.997
1933.65	870.824
1933.94	872.096
1934.23	889.575
1934.52	889.829
1934.81	871.216
1935.09	882.267
1935.38	885.268
1935.67	896.49
1935.96	883.371
1936.25	873.996
1936.54	896.266
1936.83	883.379
1937.12	871.915
1937.41	888.176
1937.69	877.22
1937.98	874.51
1938.27	882.501
1938.56	888.48
1938.85	873.842
1939.14	883.614
1939.43	877.738
1939.72	885.223
1940	893.044
1940.29	886.007
1940.58	884.484
1940.87	879.831
1941.16	882.088
1941.45	893.401
1941.74	883.859
1942.02	869.471
1942.31	885.596
1942.6	891.854
1942.89	893.487
1943.18	886.184
1943.47	879.864
1943.76	881.537
1944.04	871.891
1944.33	875.506
1944.62	891.957
1944.91	913.282
1945.2	898.387
1945.49	896.857
1945.77	893.677
1946.06	898.782
1946.35	885.497
1946.64	894.78
1946.93	896.69
1947.22	895.821
1947.51	905.978
1947.79	902.803
1948.08	894.548
1948.37	888.014
1948.66	875.359
1948.95	900.443
1949.23	886.053
1949.52	910.294
1949.81	888.721
1950.1	880.015
1950.39	906.171
1950.68	899.568
1950.96	921.274
1951.25	905.172
1951.54	911.606
1951.83	904.908
1952.12	888.342
1952.4	914.013
1952.69	904.86
1952.98	899.285
1953.27	909.326
1953.56	889.469
1953.84	890.636
1954.13	884.926
1954.42	894.906
1954.71	889.331
1954.99	881.259
1955.28	918.369
1955.57	895.05
1955.86	893.79
1956.15	907.896
1956.43	896.291
1956.72	903.421
1957.01	900
1957.3	908.258
1957.59	900.345
1957.87	890.197
1958.16	896.929
1958.45	905.179
1958.74	893.89
1959.02	905.909
1959.31	899.627
1959.6	917.735
1959.89	906.914
1960.17	892.427
1960.46	895.885
1960.75	894.917
1961.04	900.601
1961.32	879.32
1961.61	901.416
1961.9	899.611
1962.19	916.951
1962.47	902.624
1962.76	883.766
1963.05	901.726
1963.34	888.209
1963.62	909.364
1963.91	889.492
1964.2	889.429
1964.48	901.861
1964.77	909.563
1965.06	903.773
1965.35	906.058
1965.63	896.421
1965.92	912.889
1966.21	891.385
1966.5	931.687
1966.78	904.953
1967.07	911.398
1967.36	886.295
1967.64	901.438
1967.93	908.391
1968.22	900.574
1968.5	910.483
1968.79	893.007
1969.08	885.892
1969.37	894.976
1969.65	899.332
1969.94	904.952
1970.23	890.136
1970.51	901.263
1970.8	892.547
1971.09	893.479
1971.37	895.082
1971.66	897.642
1971.95	902.134
1972.24	899.49
1972.52	907.258
1972.81	893.201
1973.1	892.8
1973.38	894.867
1973.67	914.715
1973.96	906.384
1974.24	903.604
1974.53	906.844
1974.82	884.575
1975.1	895.187
1975.39	892.591
1975.68	908.334
1975.96	908.369
1976.25	900.403
1976.54	899.106
1976.82	904.731
1977.11	902.8
1977.4	904.414
1977.68	903.48
1977.97	904.783
1978.26	901.435
1978.54	888.009
1978.83	909.953
1979.11	908.562
1979.4	901.02
1979.69	895.598
1979.97	897.84
1980.26	893.625
1980.55	901.509
1980.83	902.442
1981.12	894.352
1981.4	896.498
1981.69	912.939
1981.98	909.849
1982.26	898.445
1982.55	899.737
1982.84	910.505
1983.12	900.341
1983.41	894.848
1983.69	895.64
1983.98	908.345
1984.27	895.558
1984.55	905.709
1984.84	910.897
1985.13	902.224
1985.41	891.17
1985.7	893.655
1985.98	882.617
1986.27	876.324
1986.56	887.828
1986.84	904.074
1987.13	886.154
1987.41	884.726
1987.7	882.147
1987.99	887.853
1988.27	893.748
1988.56	877.161
1988.84	896.079
1989.13	901.301
1989.41	884.925
1989.7	897.169
1989.99	902.29
1990.27	895.59
1990.56	900.578
1990.84	897.967
1991.13	877.994
1991.42	885.213
1991.7	898.462
1991.99	876.084
1992.27	885.22
1992.56	889.163
1992.84	878.611
1993.13	862.557
1993.42	885.109
1993.7	888.083
1993.99	893.109
1994.27	895.422
1994.56	879.987
1994.84	876.223
1995.13	880.973
1995.41	875.295
1995.7	881.532
1995.98	875.763
1996.27	873.259
1996.56	872.335
1996.84	876.022
1997.13	866.444
1997.41	889.313
1997.7	874.532
1997.98	879.674
1998.27	878.591
1998.55	882.159
1998.84	879.062
1999.12	888.547
1999.41	880.125
1999.69	874.28
1999.98	858.604
1999.99	848
