1200.11	531.494
1200.43	530.493
1200.76	539.792
1201.08	539.403
1201.4	530.648
1201.73	529.029
1202.05	535.268
1202.37	531.449
1202.7	526.888
1203.02	526.67
1203.34	527.092
1203.67	518.515
1203.99	539.195
1204.32	531.845
1204.64	528.027
1204.96	528.404
1205.29	531.163
1205.61	531.102
1205.93	531.703
1206.26	523.584
1206.58	531.06
1206.9	528.232
1207.23	527.117
1207.55	521.191
1207.87	529.131
1208.2	533.168
1208.52	534.639
1208.84	537.237
1209.16	532.29
1209.49	536.296
1209.81	526.421
1210.13	526.884
1210.46	538.802
1210.78	531.048
1211.1	531.503
1211.42	517.946
1211.75	531.561
1212.07	540.879
1212.39	530.678
1212.72	529.5
1213.04	534.509
1213.36	541.412
1213.69	529.037
1214.01	541.037
1214.33	537.985
1214.65	534.509
1214.98	532.18
1215.3	533.047
1215.62	533.884
1215.95	533.457
1216.27	534.742
1216.59	530.509
1216.91	525.12
1217.24	529.751
1217.56	536.17
1217.88	535.573
1218.2	531.879
1218.53	543.795
1218.85	543.865
1219.17	539.331
1219.5	533.581
1219.82	536.081
1220.14	528.748
1220.46	534.569
1220.78	538.64
1221.11	528.755
1221.43	540.709
1221.75	534.264
1222.07	537.164
1222.4	544.154
1222.72	536.338
1223.04	532.917
1223.36	546.566
1223.69	545.447
1224.01	544.695
1224.33	549.484
1224.65	548.628
1224.97	549.326
1225.3	537.788
1225.62	549.537
1225.94	539.173
1226.26	546
1226.58	547.025
1226.91	538.505
1227.23	540.439
1227.55	547.971
1227.87	537.576
1228.2	547.566
1228.52	537.856
1228.84	534.365
1229.16	536.755
1229.48	538.871
1229.81	538.879
1230.13	541.823
1230.45	533.609
1230.77	543.451
1231.09	549.392
1231.41	529.682
1231.74	541.63
1232.06	547.148
1232.38	542.563
1232.7	547.092
1233.02	535.592
1233.35	532.672
1233.67	538.035
1233.99	543.052
1234.31	536.433
1234.63	541.535
1234.95	536.36
1235.28	544.836
1235.6	543.012
1235.92	526.652
1236.24	535.552
1236.56	543.264
1236.88	536.951
1237.2	540.329
1237.53	539.325
1237.85	538.055
1238.17	543.522
1238.49	542.954
1238.81	540.167
1239.13	535.073
1239.46	546.474
1239.78	543.484
1240.1	537.331
1240.42	544.299
1240.74	546.846
1241.06	541.237
1241.38	544.537
1241.7	536.296
1242.03	544.621
1242.35	543.425
1242.67	546.198
1242.99	536.741
1243.31	543.272
1243.63	544.479
1243.95	536.073
1244.27	545.681
1244.59	540.577
1244.92	548.47
1245.24	537.113
1245.56	543.664
1245.88	532.14
1246.2	529.413
1246.52	538.474
1246.84	539.221
1247.16	540.345
1247.48	545.724
1247.8	541.546
1248.12	545.733
1248.45	547.582
1248.77	542.14
1249.09	537.279
1249.41	527.583
1249.73	533.141
1250.05	536.842
1250.37	538.424
1250.69	545.353
1251.01	553.99
1251.33	542.411
1251.65	535.067
1251.97	539.542
1252.29	540.77
1252.61	537.036
1252.93	538.846
1253.26	546.73
1253.57	539.777
1253.9	545.705
1254.22	539.322
1254.54	542.543
1254.86	547.481
1255.18	537.071
1255.5	537.917
1255.82	540.033
1256.14	533.79
1256.46	537.039
1256.78	531.83
1257.1	541.253
1257.42	535.428
1257.74	532.133
1258.06	542.977
1258.38	529.512
1258.7	542.27
1259.02	540.819
1259.34	542.457
1259.66	536.616
1259.98	537.043
1260.3	533.649
1260.62	529.341
1260.94	539.65
1261.26	532.66
1261.58	538.062
1261.9	546.841
1262.22	546.566
1262.54	550.545
1262.86	547.566
1263.18	541.535
1263.5	540.362
1263.82	527.32
1264.14	535.151
1264.46	535.663
1264.78	540.149
1265.1	544.924
1265.42	546.472
1265.74	524.564
1266.06	536.413
1266.38	534.217
1266.7	533.774
1267.02	536.608
1267.34	546.266
1267.66	535.211
1267.98	542.025
1268.3	531.69
1268.62	534.165
1268.94	529.953
1269.26	524.554
1269.58	533.662
1269.9	522.899
1270.22	525.382
1270.54	511.411
1270.85	540.023
1271.17	531.171
1271.49	533.616
1271.81	536.323
1272.13	530.153
1272.45	536.667
1272.77	535.543
1273.09	535.177
1273.41	545.117
1273.73	533.85
1274.05	545.736
1274.37	538.983
1274.69	546.797
1275.01	544.481
1275.33	535.303
1275.64	539.63
1275.96	532.628
1276.28	539.578
1276.6	536.667
1276.92	541.411
1277.24	548.904
1277.56	539.072
1277.88	516.51
1278.2	532.79
1278.52	546.885
1278.84	534.869
1279.15	541.364
1279.47	540.051
1279.79	538.314
1280.11	535.333
1280.43	543.582
1280.75	540.883
1281.07	539.709
1281.39	535.87
1281.71	534.984
1282.03	546.635
1282.34	542.787
1282.66	538.765
1282.98	530.487
1283.3	537.445
1283.62	541.543
1283.94	532.769
1284.26	540.262
1284.57	547.309
1284.89	537.606
1285.21	541.713
1285.53	543.519
1285.85	541.504
1286.17	533.667
1286.49	530.182
1286.81	529.683
1287.12	531.948
1287.44	543.992
1287.76	537.783
1288.08	537.635
1288.4	540.261
1288.72	534.954
1289.03	543.992
1289.35	547.213
1289.67	558.659
1289.99	542.507
1290.31	550.478
1290.63	550.407
1290.94	542.745
1291.26	541.576
1291.58	543.716
1291.9	548.161
1292.22	549.984
1292.54	543.636
1292.85	542.72
1293.17	540.337
1293.49	547.707
1293.81	549.904
1294.13	536.349
1294.44	550.983
1294.76	556.29
1295.08	542.007
1295.4	539.951
1295.72	542.451
1296.03	545.096
1296.35	544.01
1296.67	542.418
1296.99	551.344
1297.31	552.948
1297.62	551.724
1297.94	551.076
1298.26	548.124
1298.58	541.549
1298.9	544.122
1299.21	549.705
1299.53	548.053
1299.85	559.595
1300.17	554.706
1300.48	558.614
1300.8	560.864
1301.12	551.154
1301.44	551.109
1301.76	557.499
1302.07	550.857
1302.39	550.266
1302.71	556.711
1303.03	558.694
1303.34	567.519
1303.66	553.728
1303.98	551.398
1304.3	554.039
1304.61	558.741
1304.93	553.331
1305.25	564.341
1305.57	562.274
1305.88	565.39
1306.2	569.767
1306.52	560.289
1306.84	568.354
1307.15	556.943
1307.47	558.96
1307.79	566.907
1308.1	549.751
1308.42	559.748
1308.74	560.089
1309.06	564.416
1309.37	562.367
1309.69	560.128
1310.01	574.24
1310.33	566.793
1310.64	561.363
1310.96	565.857
1311.28	565.971
1311.59	563.605
1311.91	570.174
1312.23	566.09
1312.54	563.212
1312.86	557.57
1313.18	572.924
1313.5	565.923
1313.81	565.977
1314.13	563.553
1314.45	566.616
1314.76	564.495
1315.08	567.411
1315.4	569.048
1315.71	570.026
1316.03	576.127
1316.35	581.383
1316.66	579.175
1316.98	578.749
1317.3	585.131
1317.61	580.689
1317.93	567.522
1318.25	583.525
1318.56	580.43
1318.88	590.005
1319.2	602.695
1319.51	584.956
1319.83	588.792
1320.15	598.835
1320.46	599.495
1320.78	597.446
1321.1	602.769
1321.41	599.08
1321.73	599.684
1322.05	615.339
1322.36	611.399
1322.68	606.558
1323	621.789
1323.31	624.237
1323.63	618.741
1323.94	629.418
1324.26	633.349
1324.58	647.02
1324.89	647.65
1325.21	647.184
1325.53	649.796
1325.84	667.565
1326.16	690.619
1326.47	686.249
1326.79	720.404
1327.11	716.984
1327.42	731.929
1327.74	754.491
1328.06	774.646
1328.37	805.488
1328.69	802.681
1329	822.794
1329.32	874.904
1329.64	855.668
1329.95	921.404
1330.27	943.406
1330.58	975.499
1330.9	1008.51
1331.22	1045.23
1331.53	1092.59
1331.85	1135.16
1332.16	1206.27
1332.48	1300.67
1332.79	1341.38
1333.11	1385.27
1333.43	1444.28
1333.74	1533.42
1334.06	1585.4
1334.37	1631.69
1334.69	1665.55
1335	1679.96
1335.32	1684.88
1335.63	1687.49
1335.95	1667.31
1336.27	1624.02
1336.58	1577.6
1336.9	1523.27
1337.21	1470.77
1337.53	1396.46
1337.85	1326.77
1338.16	1261.96
1338.48	1206.14
1338.79	1144.77
1339.11	1082.19
1339.42	1039.73
1339.74	996.316
1340.05	943.902
1340.37	900.778
1340.68	862.143
1341	819.065
1341.31	797.878
1341.63	777.542
1341.94	761.421
1342.26	749.054
1342.58	726.034
1342.89	707.913
1343.21	701.994
1343.52	670.021
1343.83	654.138
1344.15	651.593
1344.47	643.174
1344.78	649.031
1345.1	638.997
1345.41	641.562
1345.73	633.498
1346.04	623.709
1346.36	633.129
1346.67	631.352
1346.99	626.873
1347.3	614.925
1347.62	608.797
1347.93	595.716
1348.25	611.785
1348.56	597.051
1348.88	601.793
1349.19	606.788
1349.5	602.859
1349.82	608.57
1350.13	601.142
1350.45	602.415
1350.76	598.349
1351.08	581.153
1351.39	606.049
1351.71	612.712
1352.02	610.48
1352.34	597.44
1352.65	595.473
1352.97	607.038
1353.28	599.92
1353.6	589.861
1353.91	594.466
1354.22	596.571
1354.54	594.914
1354.85	585.678
1355.17	591.937
1355.48	579.214
1355.8	589.644
1356.11	596.705
1356.43	604.537
1356.74	581.994
1357.06	590.317
1357.37	579.133
1357.68	588.825
1358	590.046
1358.31	592.251
1358.63	595.94
1358.94	594.843
1359.26	599.169
1359.57	589.279
1359.88	589.611
1360.2	588.699
1360.51	615.938
1360.83	591.525
1361.14	600.235
1361.45	592.745
1361.77	587.507
1362.08	598.119
1362.4	597.386
1362.71	596.36
1363.02	585.17
1363.34	589.402
1363.65	595.372
1363.97	589.823
1364.28	592.967
1364.59	600.586
1364.91	598.918
1365.22	598.528
1365.54	588.198
1365.85	585.607
1366.16	580.939
1366.48	598.161
1366.79	588.695
1367.11	588.358
1367.42	595.195
1367.73	601.048
1368.05	576.358
1368.36	595.667
1368.67	587.975
1368.99	583.855
1369.3	578.685
1369.61	589.989
1369.93	598.366
1370.24	581.699
1370.55	604.574
1370.87	603.758
1371.18	600.784
1371.5	593.515
1371.81	577.183
1372.12	590.26
1372.17	589.82
1372.48	586.57
1372.8	584.595
1373.12	602.844
1373.43	591.206
1373.75	589.366
1374.06	589.698
1374.38	579.887
1374.69	586.737
1375.01	581.369
1375.32	579.83
1375.64	595.113
1375.96	597.811
1376.27	578.418
1376.59	569.248
1376.9	584.789
1377.22	572.969
1377.53	583.133
1377.85	592.645
1378.16	594.237
1378.48	574.197
1378.79	576
1379.11	584.352
1379.42	598.519
1379.74	588.825
1380.05	595.488
1380.37	580.368
1380.69	582.706
1381	577.256
1381.32	594.472
1381.63	574.474
1381.94	586.179
1382.26	586.137
1382.58	576.9
1382.89	600.104
1383.21	578.437
1383.52	600.357
1383.84	585.24
1384.15	590.497
1384.47	601.237
1384.78	596.18
1385.1	611.988
1385.41	595.529
1385.73	563.771
1386.04	597.568
1386.35	611.28
1386.67	591.779
1386.99	575.583
1387.3	564.392
1387.61	592.943
1387.93	589.866
1388.24	587.928
1388.56	587.481
1388.87	594.041
1389.19	568.649
1389.5	584.699
1389.82	580.698
1390.13	574.016
1390.45	602.165
1390.76	595.262
1391.08	585.95
1391.39	591.049
1391.71	590.817
1392.02	597.605
1392.33	585.579
1392.65	595.965
1392.96	595.323
1393.28	583.367
1393.59	582.757
1393.91	598.932
1394.22	581.027
1394.54	583.46
1394.85	590.84
1395.16	586.494
1395.48	599.522
1395.79	591.319
1396.11	583.342
1396.42	593.974
1396.73	587.234
1397.05	588.427
1397.36	585.614
1397.68	572.109
1397.99	571.785
1398.31	594.586
1398.62	598.423
1398.94	585.537
1399.25	575.764
1399.56	575.793
1399.88	573.938
1400.19	589.442
1400.5	610.27
1400.82	584.633
1401.13	591.848
1401.45	603.026
1401.76	597.039
1402.08	585.539
1402.39	593.92
1402.7	585.174
1403.02	586.722
1403.33	588.885
1403.65	585.754
1403.96	582.977
1404.27	601.84
1404.59	591.978
1404.9	587.291
1405.21	596.511
1405.53	607.54
1405.84	604.732
1406.15	597.52
1406.47	594.934
1406.78	594.087
1407.09	587.522
1407.41	585.845
1407.72	579.917
1408.04	587.245
1408.35	582.343
1408.66	579.295
1408.98	587.087
1409.29	594.115
1409.6	588.447
1409.92	583.765
1410.23	586.957
1410.54	590.467
1410.86	594.087
1411.17	593.936
1411.48	599.715
1411.8	586.926
1412.11	584.394
1412.43	577.07
1412.74	584.822
1413.05	585.853
1413.36	581.096
1413.68	605.119
1413.99	600.448
1414.3	597.117
1414.62	586.919
1414.93	588.945
1415.24	596.527
1415.56	586.359
1415.87	584.703
1416.18	581.823
1416.5	596.416
1416.81	594.467
1417.12	600.978
1417.44	593.195
1417.75	589.033
1418.06	586.247
1418.37	589.963
1418.69	592.962
1419	589.36
1419.31	595.902
1419.63	595.049
1419.94	598.714
1420.25	586.859
1420.56	588.523
1420.88	600.396
1421.19	602.815
1421.5	609.679
1421.82	597.156
1422.13	604.485
1422.44	605.653
1422.76	602.596
1423.07	593.851
1423.38	589.85
1423.69	601.945
1424.01	611.636
1424.32	603.047
1424.63	593.252
1424.94	598.558
1425.26	602.505
1425.57	609.873
1425.88	603.273
1426.19	601.855
1426.51	595.348
1426.82	610.706
1427.13	591.608
1427.44	605.777
1427.76	603.611
1428.07	604.658
1428.38	585.336
1428.69	598.092
1429.01	622.918
1429.32	612.332
1429.63	601.873
1429.94	601.041
1430.25	602.292
1430.57	597.703
1430.88	605.101
1431.19	609.054
1431.5	602.028
1431.82	615.973
1432.13	605.18
1432.44	603.767
1432.75	614.878
1433.06	607.297
1433.38	622.074
1433.69	612.217
1434	598.778
1434.31	602.451
1434.62	607.454
1434.94	616.802
1435.25	617.6
1435.56	609.266
1435.87	611.009
1436.18	612.667
1436.5	615.042
1436.81	622.798
1437.12	608.4
1437.43	614.435
1437.74	619.225
1438.06	621.739
1438.37	631.481
1438.68	628.001
1438.99	619.008
1439.3	617.197
1439.61	615.844
1439.93	613.736
1440.24	609.38
1440.55	611.426
1440.86	614.553
1441.17	614.957
1441.48	618.357
1441.8	621.266
1442.11	610.796
1442.42	622.65
1442.73	619.276
1443.04	625.511
1443.35	616.466
1443.67	608.76
1443.98	620.636
1444.29	617.891
1444.6	613.037
1444.91	614.549
1445.22	618.95
1445.53	623.269
1445.85	631.35
1446.16	618.925
1446.47	623.286
1446.78	616.314
1447.09	630.811
1447.4	632.425
1447.71	623.099
1448.02	619.409
1448.33	621.047
1448.65	631.713
1448.96	630.505
1449.27	619.949
1449.58	626.698
1449.89	618.255
1450.2	607.459
1450.51	612.618
1450.82	619.792
1451.14	630.428
1451.45	630.174
1451.76	633.668
1452.07	614.348
1452.38	628.506
1452.69	622.03
1453	623.802
1453.31	629.167
1453.62	613.392
1453.93	625.21
1454.25	625.7
1454.56	635.044
1454.87	636.564
1455.18	625.681
1455.49	631.159
1455.8	627.682
1456.11	630.194
1456.42	628.808
1456.73	627.138
1457.04	632.706
1457.35	629.687
1457.66	626.553
1457.97	644.653
1458.28	635.224
1458.59	632.667
1458.9	631.366
1459.22	625.092
1459.53	628.676
1459.84	634.842
1460.15	637.877
1460.46	632.364
1460.77	627.875
1461.08	632.565
1461.39	633.579
1461.7	631.188
1462.01	624.476
1462.32	642.331
1462.63	629.373
1462.94	623.861
1463.25	621.2
1463.56	625.777
1463.87	616.233
1464.18	611.111
1464.49	622.451
1464.8	633.513
1465.11	639.255
1465.42	637.472
1465.73	636.279
1466.04	623.1
1466.35	621.786
1466.66	622.434
1466.97	637.906
1467.28	632.72
1467.59	628.715
1467.9	640.479
1468.21	643.201
1468.52	626.792
1468.83	638.485
1469.14	631.623
1469.45	626.918
1469.76	627.158
1470.07	634.031
1470.38	633.307
1470.69	619.992
1471	619.474
1471.31	621.701
1471.62	635.163
1471.93	636.975
1472.24	633.668
1472.55	618.177
1472.86	618.956
1473.17	629.091
1473.48	633.805
1473.79	626.186
1474.1	616.966
1474.41	627.253
1474.72	631.493
1475.03	627.696
1475.34	619.122
1475.65	633.007
1475.96	621.978
1476.27	617.908
1476.58	624.822
1476.89	628.862
1477.2	616.465
1477.51	614.008
1477.82	634.784
1478.13	616.907
1478.44	616.299
1478.74	631.629
1479.05	627.063
1479.36	622.917
1479.67	620.323
1479.98	628.013
1480.29	612.857
1480.6	624.571
1480.91	629.152
1481.22	610.199
1481.53	630.362
1481.84	634.73
1482.15	634.068
1482.46	629.136
1482.77	636.549
1483.07	633.806
1483.38	633.658
1483.69	626.074
1484	625.184
1484.31	642.03
1484.62	610.245
1484.93	629.417
1485.24	611.592
1485.55	611.344
1485.86	624.878
1486.17	622.847
1486.47	630.293
1486.78	622.138
1487.09	621.996
1487.4	624.679
1487.71	622.305
1488.02	623.48
1488.33	624.699
1488.64	623.776
1488.94	629.203
1489.25	630.199
1489.56	623.028
1489.87	630.176
1490.18	628.005
1490.49	616.147
1490.8	617.136
1491.11	611.253
1491.41	620.57
1491.72	632.429
1492.03	619.828
1492.34	631.421
1492.65	614.454
1492.96	610.987
1493.27	613.352
1493.57	616.75
1493.88	616.177
1494.19	615.109
1494.5	614.577
1494.81	605.2
1495.12	625.618
1495.43	626.451
1495.73	616.476
1496.04	631.831
1496.35	629.446
1496.66	619.931
1496.97	609.43
1497.28	610.653
1497.58	617.98
1497.89	614.555
1498.2	616.322
1498.51	614.057
1498.82	613.786
1499.13	618.566
1499.43	612.438
1499.74	609.262
1500.05	618.375
1500.36	621.179
1500.67	608.11
1500.97	609.59
1501.28	614.967
1501.59	611.518
1501.9	603.709
1502.21	611.111
1502.51	622.131
1502.82	624.993
1503.13	622.001
1503.44	613.435
1503.74	612.039
1504.05	619.668
1504.36	625.985
1504.67	616.643
1504.98	605.654
1505.29	614.883
1505.59	602.374
1505.9	608.019
1506.21	607.297
1506.52	609.937
1506.82	617.808
1507.13	614.042
1507.44	605.862
1507.75	618.518
1508.06	613.971
1508.36	599.808
1508.67	611.28
1508.98	615.181
1509.29	601.816
1509.59	614.339
1509.9	603.03
1510.21	595.363
1510.52	605.258
1510.82	610.04
1511.13	603.092
1511.44	591.108
1511.75	593.052
1512.05	617.486
1512.36	616.755
1512.67	594.785
1512.98	613.104
1513.28	603.856
1513.59	603.505
1513.9	595.327
1514.2	606.587
1514.51	603.938
1514.82	604.64
1515.13	592.651
1515.43	602.351
1515.74	585.395
1516.05	603.403
1516.35	596.006
1516.66	606.72
1516.97	613.841
1517.28	600.218
1517.58	611.973
1517.89	608.692
1518.2	597.066
1518.51	599.815
1518.81	605.096
1519.12	599.371
1519.43	615.247
1519.73	600.665
1520.04	587.086
1520.35	606.1
1520.65	607.089
1520.96	608.045
1521.27	599.037
1521.57	597.967
1521.88	616.837
1522.19	606.028
1522.5	611.61
1522.8	595.857
1523.11	576.378
1523.41	614.369
1523.72	606.219
1524.03	596.997
1524.34	611.392
1524.64	617.422
1524.95	610.814
1525.26	589.934
1525.56	595.383
1525.87	591.643
1526.17	592.171
1526.48	596.252
1526.79	603.631
1527.1	600.617
1527.4	610.715
1527.71	601.322
1528.02	610.436
1528.32	604.342
1528.63	601.217
1528.93	602.026
1529.24	596.127
1529.55	599.745
1529.85	599.287
1530.16	599.284
1530.47	601.18
1530.77	601.242
1531.08	600.542
1531.38	611.669
1531.69	612.207
1532	590.059
1532.3	601.883
1532.61	598.882
1532.92	602.245
1533.22	587.669
1533.53	610.289
1533.84	597.201
1534.14	604.709
1534.45	592.994
1534.75	608.341
1535.06	606.88
1535.37	620.344
1535.67	612.687
1535.98	605.573
1536.28	606.673
1536.59	599.284
1536.9	603.692
1537.2	595.199
1537.51	619.054
1537.81	622.458
1538.12	616.227
1538.42	597.731
1538.73	605.691
1539.04	597.89
1539.34	601.611
1539.65	604.815
1539.95	593.557
1540.26	600.612
1540.56	602.55
1540.67	603.123
1540.98	593.055
1541.29	595.731
1541.59	607.466
1541.9	616.013
1542.21	608.224
1542.52	607.507
1542.82	613.112
1543.13	612.627
1543.44	607.461
1543.75	609.07
1544.05	595.601
1544.36	604.988
1544.67	607.069
1544.98	601.498
1545.29	609.522
1545.59	601.001
1545.9	613.293
1546.21	603.411
1546.52	596.804
1546.82	620.229
1547.13	611.833
1547.44	618.939
1547.75	599.449
1548.05	610.884
1548.36	604.195
1548.67	593.826
1548.98	610.162
1549.28	598.159
1549.59	605.28
1549.9	610.769
1550.2	607.466
1550.51	607.903
1550.82	607.602
1551.13	605.001
1551.43	620.225
1551.74	604.938
1552.05	613.726
1552.36	618.79
1552.66	622.272
1552.97	610.884
1553.28	619.08
1553.59	614.03
1553.89	617.963
1554.2	597.147
1554.51	607.593
1554.81	605.072
1555.12	617.745
1555.43	611.859
1555.73	607.29
1556.04	618.771
1556.35	609.673
1556.65	603.713
1556.96	612.592
1557.27	614.158
1557.58	629.942
1557.88	602.448
1558.19	603.84
1558.5	607.118
1558.8	608.237
1559.11	615.172
1559.42	611.328
1559.72	617.049
1560.03	620.45
1560.34	621.336
1560.64	612.081
1560.95	604.861
1561.26	615.627
1561.56	612.356
1561.87	614.831
1562.18	613.215
1562.48	626.192
1562.79	614.681
1563.1	607.078
1563.4	605.801
1563.71	607.36
1564.02	611.213
1564.32	611.506
1564.63	614.844
1564.93	603.483
1565.24	614.582
1565.55	618.07
1565.85	622.248
1566.16	630.721
1566.47	619.165
1566.77	620.161
1567.08	612.862
1567.39	618.307
1567.69	615.136
1568	615.126
1568.31	609.668
1568.61	615.188
1568.92	609.278
1569.22	611.439
1569.53	605.337
1569.84	607.994
1570.14	606.918
1570.45	623.423
1570.75	631.391
1571.06	625.613
1571.37	607.874
1571.67	610.345
1571.98	619.944
1572.29	616.236
1572.59	615.876
1572.9	613.772
1573.2	612.89
1573.51	610.474
1573.81	617.02
1574.12	624.462
1574.43	619.295
1574.73	619.103
1575.04	610.039
1575.34	621.24
1575.65	624.048
1575.96	617.876
1576.26	618.149
1576.57	617.148
1576.87	615.867
1577.18	616.227
1577.48	630.83
1577.79	627.806
1578.1	618.024
1578.4	610.627
1578.71	613.232
1579.01	607.308
1579.32	604.386
1579.63	618.746
1579.93	626.654
1580.24	633.56
1580.54	617.14
1580.85	625.043
1581.15	617.79
1581.46	625.267
1581.76	633.032
1582.07	617.433
1582.37	624.134
1582.68	616.003
1582.99	625.92
1583.29	617.841
1583.6	623.979
1583.9	633.078
1584.21	632.306
1584.51	612.256
1584.82	634.745
1585.12	629.707
1585.43	626.949
1585.73	609.826
1586.04	609.859
1586.34	623.135
1586.65	637.537
1586.95	628.787
1587.26	625.146
1587.56	634.296
1587.87	623.97
1588.17	625.672
1588.48	612.781
1588.78	625.813
1589.09	624.144
1589.39	625.333
1589.7	624.463
1590.01	617.642
1590.31	605.73
1590.61	626.951
1590.92	610.23
1591.22	616.67
1591.53	640.392
1591.83	624.169
1592.14	619.313
1592.44	640.332
1592.75	633.046
1593.05	623.452
1593.36	626.038
1593.66	631.183
1593.97	627.969
1594.27	629.389
1594.58	635.995
1594.88	618.011
1595.19	622.464
1595.49	630.371
1595.8	622.823
1596.1	629.715
1596.41	613.168
1596.71	620.829
1597.01	633.769
1597.32	638.352
1597.62	620.857
1597.93	629.904
1598.23	619.064
1598.54	616.434
1598.84	631.66
1599.15	619.23
1599.45	618.625
1599.75	611.811
1600.06	622.467
1600.36	626.17
1600.67	623.291
1600.97	645.129
1601.28	634.846
1601.58	638.553
1601.89	617.646
1602.19	627.982
1602.49	624.938
1602.8	624.663
1603.1	629.313
1603.41	624.151
1603.71	623.928
1604.01	630.19
1604.32	628.992
1604.62	622.207
1604.93	624.862
1605.23	621.132
1605.54	624.91
1605.84	626.872
1606.14	621.602
1606.45	616.384
1606.75	609.524
1607.06	619.132
1607.36	622.601
1607.66	625.55
1607.97	617.002
1608.27	627.915
1608.57	621.271
1608.88	610.832
1609.18	599.587
1609.49	611.457
1609.79	621.288
1610.1	613.882
1610.4	619.478
1610.7	617.876
1611	624.613
1611.31	622.62
1611.61	625.276
1611.92	619.003
1612.22	611.851
1612.53	607.83
1612.83	612.703
1613.13	629.833
1613.43	622.215
1613.74	611.797
1614.04	624.811
1614.35	621.216
1614.65	614.486
1614.95	609.306
1615.26	621.001
1615.56	631.072
1615.86	619.065
1616.17	609.793
1616.47	619.527
1616.77	622.322
1617.08	623.448
1617.38	617.864
1617.68	630.206
1617.99	627.672
1618.29	617.755
1618.59	613.753
1618.9	627.212
1619.2	634.45
1619.5	606.925
1619.81	602.666
1620.11	614.035
1620.41	620.684
1620.72	612.28
1621.02	607.624
1621.32	616.47
1621.63	605.158
1621.93	614.397
1622.23	621.22
1622.54	611.383
1622.84	615.312
1623.14	626.761
1623.44	605.745
1623.75	623.442
1624.05	605.154
1624.35	620.086
1624.66	607.202
1624.96	610.283
1625.26	609.832
1625.56	612.326
1625.87	615.283
1626.17	602.774
1626.47	614.07
1626.78	604.399
1627.08	606.166
1627.38	612.713
1627.68	597.729
1627.99	609.248
1628.29	614.392
1628.59	621.085
1628.9	625.229
1629.2	629.552
1629.5	603.731
1629.8	610.984
1630.11	610.992
1630.41	602.224
1630.71	606.927
1631.01	611.122
1631.32	610.331
1631.62	598.59
1631.92	603.179
1632.22	608.909
1632.53	605.564
1632.83	604.752
1633.13	604.925
1633.43	610.901
1633.74	595.314
1634.04	597.161
1634.34	605.472
1634.64	605.4
1634.95	620.518
1635.25	614.573
1635.55	609.288
1635.85	609.947
1636.16	602.979
1636.46	616.058
1636.76	601.243
1637.06	599.014
1637.36	595.418
1637.67	602.549
1637.97	594.341
1638.27	614.682
1638.57	618.193
1638.88	604.994
1639.18	607.157
1639.48	622.709
1639.78	610.319
1640.08	588.565
1640.39	600.92
1640.69	615.967
1640.99	602.11
1641.29	604.091
1641.59	604.017
1641.9	606.821
1642.2	597.403
1642.5	612.564
1642.8	610.896
1643.1	611.604
1643.4	608.595
1643.71	605.769
1644.01	613.622
1644.31	610.462
1644.61	598.618
1644.91	598.625
1645.21	610.142
1645.52	610.972
1645.82	612.186
1646.12	589.164
1646.42	603.218
1646.72	604.895
1647.03	601.158
1647.33	604.926
1647.63	608.493
1647.93	610.658
1648.23	598.393
1648.53	601.77
1648.83	605.442
1649.14	606.352
1649.44	605.223
1649.74	592.616
1650.04	606.649
1650.34	610.599
1650.64	605.342
1650.95	602.594
1651.25	595.492
1651.55	598.412
1651.85	607.381
1652.15	604.021
1652.45	602.453
1652.75	607.158
1653.05	608.389
1653.36	598.686
1653.66	604.567
1653.96	605.541
1654.26	605.86
1654.56	615.09
1654.86	604.968
1655.16	594.142
1655.46	603.563
1655.77	604.969
1656.07	601.233
1656.37	595.267
1656.67	596.136
1656.97	598.066
1657.27	604.995
1657.57	602.039
1657.87	594.843
1658.17	599.275
1658.47	610.277
1658.77	607.79
1659.08	614.242
1659.38	611.408
1659.68	609.201
1659.98	606.627
1660.28	595.161
1660.58	596.814
1660.88	594.476
1661.18	602.291
1661.48	600.56
1661.78	593.715
1662.08	594.964
1662.39	613.916
1662.69	609.491
1662.99	608.672
1663.29	610.654
1663.59	608.645
1663.89	614.731
1664.19	604.893
1664.49	599.589
1664.79	597.781
1665.09	611.525
1665.39	599.883
1665.69	609.538
1665.99	594.581
1666.29	589.544
1666.59	604.197
1666.89	601.044
1667.2	599.219
1667.49	605.029
1667.79	597.672
1668.1	596.404
1668.4	600.974
1668.7	604.617
1669	599.061
1669.3	606.846
1669.6	607.134
1669.9	604.892
1670.2	602.845
1670.5	603.452
1670.8	600.499
1671.1	610.793
1671.4	615.966
1671.7	592.339
1672	605.704
1672.3	604.7
1672.6	586.768
1672.9	602.689
1673.2	616.701
1673.5	596.154
1673.8	613.532
1674.1	607.217
1674.4	599.221
1674.7	600.213
1675	601.537
1675.3	607.704
1675.6	613.427
1675.9	600.395
1676.2	594.871
1676.5	594.203
1676.8	612.288
1677.1	597.456
1677.4	602.908
1677.7	601.849
1678	609.568
1678.3	619.791
1678.6	599.984
1678.9	601.263
1679.2	610.99
1679.5	609.768
1679.8	601.725
1680.1	613.214
1680.4	584.426
1680.7	601.862
1681	593.748
1681.3	603.953
1681.59	606.705
1681.89	615.282
1682.19	612.129
1682.49	606.593
1682.79	617.242
1683.09	620.661
1683.39	608.461
1683.69	607.907
1683.99	605.133
1684.29	606.809
1684.59	608.712
1684.89	618.529
1685.19	620.95
1685.49	604.964
1685.79	619.917
1686.09	609.091
1686.39	595.147
1686.69	605.204
1686.98	599.56
1687.28	611.853
1687.58	607.014
1687.88	603.478
1688.18	610.393
1688.48	609.318
1688.78	608.885
1689.08	608.739
1689.38	617.471
1689.68	616.451
1689.98	613.68
1690.28	605.401
1690.57	602.581
1690.87	606.218
1691.17	597.591
1691.47	610.293
1691.77	626.016
1692.07	617.632
1692.37	601.774
1692.67	604.359
1692.97	612.69
1693.26	620.019
1693.56	618.187
1693.86	620.318
1694.16	615.932
1694.46	615.461
1694.76	608.102
1695.06	615.515
1695.36	600.976
1695.65	610.034
1695.95	614.237
1696.25	614.694
1696.55	622.974
1696.85	621.59
1697.15	620.983
1697.45	618.557
1697.75	604.516
1698.04	604.955
1698.34	612.246
1698.64	612.33
1698.94	613.594
1699.24	619.826
1699.54	623.927
1699.84	627.208
1700	626.416
1700.3	617.458
1700.6	603.797
1700.9	615.88
1701.2	608.994
1701.5	619.717
1701.8	614.954
1702.1	613.627
1702.4	611.112
1702.7	614.621
1703	610.926
1703.3	621.088
1703.6	621.386
1703.91	610.574
1704.21	617.453
1704.51	613.597
1704.81	600.419
1705.11	620.11
1705.41	619.646
1705.71	613.199
1706.01	630.949
1706.31	618.243
1706.61	601.571
1706.91	616.979
1707.21	616.845
1707.51	615.127
1707.81	605.232
1708.11	614.587
1708.41	619.362
1708.71	620.64
1709.01	614.272
1709.31	614.831
1709.61	629.186
1709.91	612.448
1710.21	628.57
1710.51	622.388
1710.81	624.544
1711.11	631.415
1711.41	624.054
1711.71	598.969
1712.01	621.005
1712.31	632.714
1712.61	621.431
1712.91	633.561
1713.21	613.203
1713.51	617.162
1713.81	636.796
1714.11	624.274
1714.41	610.409
1714.71	632.248
1715.01	619.003
1715.31	622.836
1715.61	606.408
1715.91	607.332
1716.21	609.891
1716.51	626.646
1716.81	616.055
1717.11	627.027
1717.41	621.628
1717.71	618.827
1718.01	610.643
1718.31	628.781
1718.61	618.893
1718.91	627.519
1719.2	618.496
1719.5	606.589
1719.8	630.079
1720.1	627.931
1720.4	626.536
1720.7	608.366
1721	610.437
1721.3	619.582
1721.6	616.162
1721.9	612.6
1722.2	621.185
1722.5	611.193
1722.8	617.208
1723.1	615.377
1723.4	626.735
1723.7	615.944
1723.99	607.754
1724.29	616.163
1724.59	623.967
1724.89	606.459
1725.19	615.203
1725.49	626.431
1725.79	624.535
1726.09	613.428
1726.39	617.152
1726.69	620.597
1726.99	614.78
1727.29	620.172
1727.58	623.028
1727.88	619.016
1728.18	600.944
1728.48	610.891
1728.78	609.035
1729.08	615.847
1729.38	612.75
1729.68	619.741
1729.98	616.509
1730.28	610.535
1730.58	609.266
1730.87	618.296
1731.17	612.577
1731.47	613.471
1731.77	598.821
1732.07	618.212
1732.37	614.264
1732.67	626.921
1732.97	618.491
1733.26	605.223
1733.56	610.935
1733.86	606.011
1734.16	615.629
1734.46	610.33
1734.76	617.56
1735.06	614.757
1735.35	607.474
1735.65	607.555
1735.95	612.437
1736.25	625.435
1736.55	618.581
1736.85	614.725
1737.15	601.71
1737.44	619.033
1737.74	616.588
1738.04	615.201
1738.34	611.22
1738.64	615.346
1738.94	615.332
1739.24	621.685
1739.53	627.075
1739.83	612.63
1740.13	613.711
1740.43	608.168
1740.73	620.25
1741.03	602.418
1741.32	615.266
1741.62	618.609
1741.92	619.51
1742.22	616.689
1742.52	613.102
1742.81	619.534
1743.11	616.438
1743.41	618.32
1743.71	616.648
1744.01	612.783
1744.31	617.099
1744.6	609.06
1744.9	606.873
1745.2	621.494
1745.5	616.002
1745.79	615.405
1746.09	613.568
1746.39	626.699
1746.69	608.043
1746.99	611.632
1747.28	613.314
1747.58	617.402
1747.88	612.358
1748.18	600.938
1748.48	598.45
1748.77	613.715
1749.07	616.525
1749.37	615.188
1749.67	608.903
1749.96	609.093
1750.26	594.503
1750.56	607.028
1750.86	595.326
1751.16	612.003
1751.45	623.726
1751.75	616.094
1752.05	616.496
1752.35	606.621
1752.64	605.147
1752.94	613.489
1753.24	604.219
1753.54	615.037
1753.83	622.037
1754.13	620.855
1754.43	607.535
1754.73	613.894
1755.02	603.515
1755.32	613.925
1755.62	615.796
1755.92	609.746
1756.21	609.622
1756.51	597.287
1756.81	596.605
1757.11	615.491
1757.4	599.154
1757.7	607.038
1758	604.708
1758.3	615.109
1758.59	594.879
1758.89	609.178
1759.19	585.259
1759.48	610.477
1759.78	598.084
1760.08	619.451
1760.38	622.267
1760.67	608.153
1760.97	607.362
1761.27	607.166
1761.56	603.159
1761.86	610.866
1762.16	614.071
1762.45	608.219
1762.75	599.774
1763.05	606.751
1763.35	614.367
1763.64	607.466
1763.94	613.644
1764.24	611.854
1764.53	603.661
1764.83	585.281
1765.13	605.119
1765.42	610.155
1765.72	607.47
1766.02	608.017
1766.32	613.313
1766.61	606.224
1766.91	604.264
1767.21	607.745
1767.5	611.404
1767.8	609.178
1768.09	608.7
1768.39	614.808
1768.69	608.273
1768.99	602.628
1769.28	617.857
1769.58	618.701
1769.88	609.641
1770.17	619.492
1770.47	616.606
1770.76	612.32
1771.06	619.959
1771.36	610.796
1771.65	597.684
1771.95	607.424
1772.25	618.951
1772.54	615.792
1772.84	620.216
1773.14	613.277
1773.43	618.764
1773.73	608.502
1774.03	603.334
1774.32	607.654
1774.62	602.714
1774.91	606.982
1775.21	606.839
1775.51	610.116
1775.8	605.373
1776.1	609.026
1776.4	601.706
1776.69	596.885
1776.99	604.621
1777.28	621.007
1777.58	619.463
1777.88	612.646
1778.17	608.059
1778.47	605.176
1778.76	607.673
1779.06	605.351
1779.36	604.829
1779.65	611.995
1779.95	610.446
1780.24	604.923
1780.54	607.682
1780.84	611.983
1781.13	607.597
1781.43	626.254
1781.72	621.255
1782.02	607.467
1782.32	609.265
1782.61	612.731
1782.91	604.403
1783.2	601.489
1783.5	604.384
1783.79	605.895
1784.09	610.649
1784.39	622.289
1784.68	610.449
1784.98	605.461
1785.27	613.211
1785.57	601.669
1785.87	608.757
1786.16	622.974
1786.46	607.72
1786.75	614.354
1787.05	596.785
1787.34	627.149
1787.64	634.437
1787.93	616.352
1788.23	618.351
1788.52	614.123
1788.82	606.528
1789.12	609.469
1789.41	604.474
1789.71	613.951
1790	608.818
1790.3	630.389
1790.59	612.965
1790.89	620.606
1791.18	602.139
1791.48	604.122
1791.77	604.643
1792.07	609.663
1792.36	621.988
1792.66	612.847
1792.96	604.514
1793.25	619.18
1793.55	614.435
1793.84	624.347
1794.14	612.658
1794.43	604.881
1794.73	620.323
1795.02	612.599
1795.32	597.913
1795.61	614.908
1795.91	623.275
1796.2	610.376
1796.5	628.026
1796.79	617.885
1797.09	613.265
1797.38	614.76
1797.68	624.052
1797.97	604.323
1798.27	626.487
1798.56	599.904
1798.86	620.472
1799.15	616.133
1799.45	631.103
1799.74	630.917
1800.04	618.129
1800.33	619.271
1800.63	608.629
1800.92	626.259
1801.21	617.119
1801.51	630.296
1801.8	626.952
1802.1	624.245
1802.39	617.53
1802.69	628.897
1802.98	619.901
1803.28	625.977
1803.57	616.261
1803.87	629.747
1804.16	630.676
1804.46	639.889
1804.75	619.018
1805.04	616.518
1805.34	617.835
1805.63	638.019
1805.93	624.287
1806.22	630.522
1806.52	617.23
1806.81	633.817
1807.11	619.891
1807.4	618.453
1807.69	617.678
1807.99	632.913
1808.28	625.403
1808.58	639.835
1808.87	627.355
1809.17	629.638
1809.46	622.201
1809.76	629.108
1810.05	624.53
1810.34	623.419
1810.64	628.939
1810.93	624.358
1811.23	621.542
1811.52	615.92
1811.81	626.335
1812.11	620.44
1812.4	626.656
1812.7	633.381
1812.99	632.111
1813.28	631.957
1813.58	630.597
1813.87	630.204
1814.17	636.086
1814.46	635.215
1814.76	624.088
1815.05	619.248
1815.34	635.427
1815.64	631.019
1815.93	622.942
1816.22	626.356
1816.52	628.083
1816.81	621.016
1817.1	627.791
1817.4	619.127
1817.69	627.982
1817.99	624.089
1818.28	615.746
1818.57	624.364
1818.87	634.531
1819.16	627.212
1819.46	613.75
1819.75	609.555
1820.04	608.029
1820.34	614.969
1820.63	633.806
1820.92	633.261
1821.22	636.617
1821.51	645.628
1821.8	638.686
1822.1	629.338
1822.39	634.86
1822.69	633.805
1822.98	632.333
1823.27	628.155
1823.57	626.561
1823.86	633.242
1824.15	631.909
1824.45	621.823
1824.74	633.654
1825.03	640.617
1825.33	623.092
1825.62	619.702
1825.91	622.76
1826.2	629.097
1826.5	632.848
1826.79	629.819
1827.08	620.604
1827.38	636.368
1827.67	640.888
1827.96	640.553
1828.26	622.216
1828.55	618.367
1828.84	630.61
1829.14	621.657
1829.43	623.186
1829.72	629.187
1830.02	626.914
1830.31	623.648
1830.6	632.42
1830.89	629.112
1831.19	631.154
1831.48	644.15
1831.77	649.967
1832.07	632.266
1832.36	638.445
1832.65	645.619
1832.95	638.73
1833.24	638.142
1833.53	633.104
1833.82	630.857
1834.12	623.555
1834.41	642.363
1834.7	632.468
1835	641.245
1835.29	629.866
1835.58	625.884
1835.87	631.455
1836.17	641.128
1836.46	632.148
1836.75	654.184
1837.05	631.834
1837.34	635.281
1837.63	638.242
1837.92	629.025
1838.22	641.533
1838.51	633.348
1838.8	631.301
1839.09	648.34
1839.38	634.042
1839.68	632.861
1839.97	642.03
1840.26	641.361
1840.55	636.277
1840.85	651.431
1841.14	625.061
1841.43	633.276
1841.72	635.43
1842.02	638.476
1842.31	618.091
1842.6	633.329
1842.89	641.886
1843.19	626.564
1843.48	630.627
1843.77	637.446
1844.06	641.016
1844.36	643.31
1844.65	640.75
1844.94	631.622
1845.23	625.841
1845.52	637.687
1845.82	634.848
1846.11	639.626
1846.4	626.077
1846.69	628.817
1846.98	636.772
1847.28	640.417
1847.57	628.61
1847.86	621.398
1848.15	622.688
1848.44	633.108
1848.74	639.523
1849.03	634.888
1849.32	638.699
1849.61	643.182
1849.9	640.807
1850.19	646.445
1850.49	628.982
1850.78	617.075
1851.07	635.917
1851.36	631.246
1851.65	622.45
1851.95	629.867
1852.24	636.784
1852.53	635.429
1852.82	632.61
1853.11	638.138
1853.4	645.054
1853.7	646.547
1853.99	643.025
1854.28	650.969
1854.57	644.039
1854.86	644.682
1855.16	619.429
1855.45	629.644
1855.74	626.844
1856.03	634.133
1856.32	635.955
1856.61	626.095
1856.9	643.91
1857.19	623.444
1857.49	638.831
1857.78	654.343
1858.07	636.237
1858.36	630.666
1858.65	626.021
1858.79	628.965
1859.09	637.141
1859.38	633.329
1859.67	630.727
1859.97	638.912
1860.26	625.493
1860.55	629.714
1860.85	615.378
1861.14	633.486
1861.43	623.374
1861.73	631.335
1862.02	627.19
1862.31	617.945
1862.61	636.316
1862.9	643.003
1863.19	640.986
1863.49	635.355
1863.78	641.516
1864.07	630.906
1864.37	632.135
1864.66	638.864
1864.95	645.536
1865.24	639.944
1865.54	637.129
1865.83	632.465
1866.12	625.09
1866.42	627.762
1866.71	625.184
1867	626.721
1867.3	625.997
1867.59	649.39
1867.88	619.267
1868.18	614.132
1868.47	639.112
1868.76	628.772
1869.05	635.594
1869.35	639.046
1869.64	629.235
1869.93	633.436
1870.23	633.255
1870.52	626.254
1870.81	624.905
1871.1	614.655
1871.4	623.683
1871.69	615.238
1871.98	623.983
1872.27	630.408
1872.57	633.846
1872.86	623.511
1873.15	632.404
1873.45	631.565
1873.74	636.377
1874.03	608.969
1874.32	608.484
1874.62	621.292
1874.91	629.666
1875.2	634.314
1875.49	621.759
1875.79	636.465
1876.08	621.687
1876.37	628.13
1876.66	645.53
1876.96	627.257
1877.25	633.725
1877.54	630.112
1877.83	633.536
1878.12	609.974
1878.42	624.611
1878.71	623.433
1879	618.391
1879.29	624.757
1879.59	624.114
1879.88	638.929
1880.17	629.512
1880.46	625.249
1880.75	628.061
1881.05	628.677
1881.34	619.05
1881.63	613.7
1881.92	620.108
1882.21	637.556
1882.51	625.452
1882.8	619.199
1883.09	620.405
1883.38	625.485
1883.67	627.247
1883.97	632.865
1884.26	619.544
1884.55	613.38
1884.84	631.265
1885.13	619.248
1885.43	626.638
1885.72	622.665
1886.01	617.921
1886.3	615.842
1886.59	638.296
1886.89	629.817
1887.18	618.847
1887.47	633.489
1887.76	620.023
1888.05	642.582
1888.35	625.871
1888.64	624.355
1888.93	621.217
1889.22	606.934
1889.51	625.151
1889.8	625.327
1890.1	624.61
1890.39	617.809
1890.68	625.415
1890.97	635.404
1891.26	628.53
1891.55	613.609
1891.84	619.572
1892.14	621.029
1892.43	626.844
1892.72	614.272
1893.01	630.173
1893.3	627.632
1893.59	615.862
1893.88	622.324
1894.18	623.578
1894.47	622.666
1894.76	618.019
1895.05	621.198
1895.34	621.607
1895.63	630.562
1895.92	625.547
1896.22	627.04
1896.51	625.074
1896.8	623.301
1897.09	630.133
1897.38	636.246
1897.67	613.673
1897.96	621.23
1898.25	628.567
1898.55	631.234
1898.84	624.087
1899.13	628.523
1899.42	602.269
1899.71	626.88
1900	624.184
1900.29	619.895
1900.58	625.102
1900.87	611.171
1901.16	630.579
1901.46	634.986
1901.75	624.489
1902.04	626.276
1902.33	616.372
1902.62	636.405
1902.91	641.532
1903.2	627.976
1903.49	615.972
1903.78	627.822
1904.07	614.427
1904.36	620.015
1904.65	632.461
1904.95	622.587
1905.24	622.31
1905.53	619.431
1905.82	615.83
1906.11	624.015
1906.4	613.181
1906.69	628.552
1906.98	628.569
1907.27	618.809
1907.56	624.519
1907.85	625.321
1908.14	615.771
1908.43	626.959
1908.72	632.181
1909.01	624.267
1909.3	633.181
1909.6	622.956
1909.89	623.852
1910.18	619.79
1910.47	630.142
1910.76	632.493
1911.05	622.416
1911.34	625.831
1911.63	623.774
1911.92	626.816
1912.21	637.286
1912.5	623.898
1912.79	639.037
1913.08	635.371
1913.37	629.25
1913.66	633.637
1913.95	622.694
1914.24	626.757
1914.53	635.983
1914.82	635.334
1915.11	640.304
1915.4	616.806
1915.69	637.758
1915.98	620.563
1916.27	625.739
1916.56	634.343
1916.85	633.487
1917.14	623.194
1917.43	626.88
1917.72	635.245
1918.01	620.937
1918.3	630.106
1918.59	616.135
1918.88	627.298
1919.17	632.753
1919.46	632.752
1919.75	628.397
1920.04	643.045
1920.33	625.763
1920.62	629.436
1920.91	633.32
1921.2	637.916
1921.49	634.456
1921.78	638.567
1922.07	632.062
1922.36	636.919
1922.65	639.272
1922.94	632.638
1923.23	624.767
1923.52	624.663
1923.81	639.062
1924.1	656.921
1924.39	630.24
1924.68	623.188
1924.97	632.055
1925.26	639.766
1925.55	642.453
1925.84	636.349
1926.13	628.618
1926.42	624.734
1926.71	630.131
1927	623.785
1927.29	627.545
1927.57	633.991
1927.86	641.148
1928.15	645.676
1928.44	630
1928.73	638.99
1929.02	636.143
1929.31	634.554
1929.6	634.237
1929.89	638.223
1930.18	638.354
1930.47	628.988
1930.76	644.294
1931.05	640.462
1931.34	635.131
1931.62	624.955
1931.91	639.693
1932.2	648.506
1932.49	645.289
1932.78	640.89
1933.07	640.151
1933.36	640.662
1933.65	654.401
1933.94	645.887
1934.23	645.607
1934.52	654.263
1934.81	640.128
1935.09	647.029
1935.38	640.797
1935.67	637.85
1935.96	637.966
1936.25	646.593
1936.54	639.109
1936.83	637.046
1937.12	639.024
1937.41	638.865
1937.69	643.833
1937.98	649.861
1938.27	641.141
1938.56	646.755
1938.85	660.829
1939.14	660.554
1939.43	656.095
1939.72	649.656
1940	661.361
1940.29	651.204
1940.58	643.073
1940.87	634.245
1941.16	638.443
1941.45	651.718
1941.74	647.056
1942.02	638.375
1942.31	633.686
1942.6	652.057
1942.89	640.217
1943.18	645.004
1943.47	651.029
1943.76	650.364
1944.04	640.437
1944.33	647.385
1944.62	639.59
1944.91	643.647
1945.2	647.874
1945.49	661.427
1945.77	648.099
1946.06	653.785
1946.35	642.21
1946.64	649.34
1946.93	651.602
1947.22	656.047
1947.51	645.773
1947.79	642.717
1948.08	666.057
1948.37	666.409
1948.66	645.045
1948.95	649.613
1949.23	655.953
1949.52	658.391
1949.81	657.804
1950.1	659.354
1950.39	649.327
1950.68	658.616
1950.96	656.11
1951.25	654.464
1951.54	649.926
1951.83	652.989
1952.12	657.983
1952.4	657.584
1952.69	650.546
1952.98	662.49
1953.27	668.68
1953.56	658.124
1953.84	646.454
1954.13	654.956
1954.42	652.442
1954.71	654.775
1954.99	659.77
1955.28	648.3
1955.57	657.519
1955.86	652.338
1956.15	650.283
1956.43	659.981
1956.72	658.57
1957.01	645.35
1957.3	636.077
1957.59	655.858
1957.87	658.047
1958.16	658.377
1958.45	665.107
1958.74	654.11
1959.02	653.652
1959.31	649.136
1959.6	651.982
1959.89	661.665
1960.17	658.747
1960.46	658.114
1960.75	654.839
1961.04	648.638
1961.32	648.301
1961.61	651.374
1961.9	644.682
1962.19	666.922
1962.47	662.588
1962.76	651.847
1963.05	654.386
1963.34	652.106
1963.62	649.119
1963.91	651.013
1964.2	661.033
1964.48	645.855
1964.77	643.742
1965.06	661.935
1965.35	668.155
1965.63	655.827
1965.92	652.405
1966.21	652.464
1966.5	651.604
1966.78	658.546
1967.07	640.566
1967.36	651.431
1967.64	656.951
1967.93	652.267
1968.22	660.027
1968.5	663.526
1968.79	656.295
1969.08	640.077
1969.37	660.179
1969.65	661.797
1969.94	659.977
1970.23	665.946
1970.51	651.802
1970.8	658.716
1971.09	670.934
1971.37	664.733
1971.66	663.252
1971.95	651.315
1972.24	650.062
1972.52	662.047
1972.81	646.24
1973.1	643.702
1973.38	663.633
1973.67	644.685
1973.96	644.338
1974.24	658.119
1974.53	650.28
1974.82	656.111
1975.1	654.766
1975.39	647.971
1975.68	638.259
1975.96	647.705
1976.25	656.354
1976.54	644.767
1976.82	655.545
1977.11	662.836
1977.4	646.042
1977.68	650.239
1977.97	649.514
1978.26	657.761
1978.54	648.05
1978.83	651.764
1979.11	655.401
1979.4	661.267
1979.69	656.408
1979.97	644.525
1980.26	649.823
1980.55	640.323
1980.83	651.61
1981.12	656.123
1981.4	647.124
1981.69	657.624
1981.98	656.31
1982.26	646.685
1982.55	641.202
1982.84	632.434
1983.12	651.992
1983.41	642.412
1983.69	657.843
1983.98	654.074
1984.27	645.645
1984.55	652.465
1984.84	661.11
1985.13	656.485
1985.41	647.718
1985.7	642.258
1985.98	656.338
1986.27	662.225
1986.56	656.743
1986.84	657.296
1987.13	652.184
1987.41	652.782
1987.7	656.292
1987.99	634.873
1988.27	641.289
1988.56	635.289
1988.84	637.336
1989.13	647.031
1989.41	641.105
1989.7	650.168
1989.99	635.402
1990.27	645.32
1990.56	632.58
1990.84	647.336
1991.13	647.26
1991.42	656.734
1991.7	649.079
1991.99	651.534
1992.27	657.439
1992.56	641.698
1992.84	648.419
1993.13	650.075
1993.42	635.665
1993.7	629.611
1993.99	636.636
1994.27	640.98
1994.56	640.091
1994.84	643.213
1995.13	638.791
1995.41	645.307
1995.7	636.338
1995.98	649.02
1996.27	644.615
1996.56	642.285
1996.84	640.771
1997.13	640.99
1997.41	641.722
1997.7	635.579
1997.98	631.295
1998.27	635.303
1998.55	634.744
1998.84	646.167
1999.12	624.881
1999.41	628.402
1999.69	617.805
1999.98	616.616
1999.99	608
