1200.11	857.31
1200.43	874.805
1200.76	875.35
1201.08	876.177
1201.4	869.923
1201.73	862.281
1202.05	863.395
1202.37	870.312
1202.7	887.152
1203.02	884.862
1203.34	900.292
1203.67	897.539
1203.99	894.925
1204.32	897.367
1204.64	885.556
1204.96	885.013
1205.29	883.895
1205.61	883.522
1205.93	892.678
1206.26	893.659
1206.58	877.661
1206.9	874.577
1207.23	891.436
1207.55	891.529
1207.87	883.006
1208.2	903.457
1208.52	880.692
1208.84	889.434
1209.16	907.707
1209.49	886.988
1209.81	886.889
1210.13	894.203
1210.46	895.803
1210.78	896.716
1211.1	896.867
1211.42	907.88
1211.75	895.518
1212.07	891.387
1212.39	899.003
1212.72	884.987
1213.04	908.17
1213.36	888.489
1213.69	899.992
1214.01	911.166
1214.33	904.358
1214.65	903.911
1214.98	907.909
1215.3	906.457
1215.62	879.148
1215.95	901.344
1216.27	890.656
1216.59	886.15
1216.91	883.981
1217.24	902.13
1217.56	888.536
1217.88	900.021
1218.2	925.062
1218.53	908.856
1218.85	883.522
1219.17	910.138
1219.5	907.54
1219.82	902.782
1220.14	912.126
1220.46	921.198
1220.78	918.613
1221.11	909.509
1221.43	900.465
1221.75	906.761
1222.07	897.753
1222.4	914.009
1222.72	905.68
1223.04	913.785
1223.36	943.045
1223.69	918.005
1224.01	921.368
1224.33	919.714
1224.65	919.771
1224.97	922.126
1225.3	916.659
1225.62	923.642
1225.94	903.452
1226.26	902.817
1226.58	914.736
1226.91	915.156
1227.23	921.244
1227.55	913.419
1227.87	887.715
1228.2	899.519
1228.52	897.744
1228.84	906.539
1229.16	903.936
1229.48	921.667
1229.81	921.584
1230.13	891.65
1230.45	906.889
1230.77	919.445
1231.09	916.578
1231.41	905.554
1231.74	907.399
1232.06	916.911
1232.38	928.832
1232.7	925.652
1233.02	900.889
1233.35	920.285
1233.67	915.844
1233.99	898.235
1234.31	917.555
1234.63	920.644
1234.95	931.023
1235.28	914.223
1235.6	899.276
1235.92	920.831
1236.24	901.854
1236.56	909.395
1236.88	926.003
1237.2	908.103
1237.53	916.328
1237.85	913.867
1238.17	929.305
1238.49	922.953
1238.81	913.141
1239.13	901.283
1239.46	934.777
1239.78	927.57
1240.1	930.41
1240.42	928.049
1240.74	914.961
1241.06	909.541
1241.38	906.818
1241.7	918.879
1242.03	913.344
1242.35	911.776
1242.67	910.929
1242.99	927.328
1243.31	908.035
1243.63	908.303
1243.95	900.103
1244.27	891.992
1244.59	914.51
1244.92	906.713
1245.24	898.619
1245.56	900.053
1245.88	900.334
1246.2	906.459
1246.52	901.594
1246.84	902.694
1247.16	931.336
1247.48	902.773
1247.8	898.891
1248.12	919.718
1248.45	896.005
1248.77	898.424
1249.09	908.166
1249.41	913.243
1249.73	921.355
1250.05	918.932
1250.37	914.805
1250.69	907.749
1251.01	891.332
1251.33	910.911
1251.65	907.572
1251.97	925.295
1252.29	909.531
1252.61	897.306
1252.93	899.628
1253.26	910.853
1253.57	896.101
1253.9	912.651
1254.22	906.961
1254.54	910.93
1254.86	913.837
1255.18	911.753
1255.5	912.4
1255.82	895.436
1256.14	894.441
1256.46	891.105
1256.78	906.229
1257.1	911.415
1257.42	878.938
1257.74	900.54
1258.06	925.778
1258.38	910.616
1258.7	919.874
1259.02	912.859
1259.34	911.62
1259.66	911.751
1259.98	901.923
1260.3	894.411
1260.62	899.42
1260.94	909.283
1261.26	895.042
1261.58	912.402
1261.9	909.049
1262.22	909.418
1262.54	904.319
1262.86	915.155
1263.18	907.132
1263.5	911.207
1263.82	911.082
1264.14	902.33
1264.46	918.624
1264.78	896.907
1265.1	898.564
1265.42	895.717
1265.74	900.339
1266.06	906.389
1266.38	924.547
1266.7	887.329
1267.02	907.131
1267.34	903.1
1267.66	902.234
1267.98	895.419
1268.3	888.729
1268.62	891.086
1268.94	889.048
1269.26	897.488
1269.58	919.996
1269.9	908.21
1270.22	896.497
1270.54	906.376
1270.85	904.222
1271.17	899.859
1271.49	898.341
1271.81	902.862
1272.13	901.529
1272.45	901.059
1272.77	913.496
1273.09	908.173
1273.41	926.709
1273.73	926.346
1274.05	900.454
1274.37	914.443
1274.69	913.441
1275.01	921.62
1275.33	896.354
1275.64	892.589
1275.96	921.419
1276.28	894.706
1276.6	901.017
1276.92	919.14
1277.24	908.994
1277.56	900.765
1277.88	918.413
1278.2	902.122
1278.52	895.286
1278.84	901.42
1279.15	896.248
1279.47	911.827
1279.79	925.523
1280.11	913.671
1280.43	920.086
1280.75	922.933
1281.07	910.255
1281.39	902.728
1281.71	905.236
1282.03	889.856
1282.34	928.385
1282.66	923.852
1282.98	906.274
1283.3	902.903
1283.62	919.775
1283.94	915.438
1284.26	914.306
1284.57	912.527
1284.89	896.028
1285.21	911.806
1285.53	920.541
1285.85	918.574
1286.17	902.545
1286.49	913.058
1286.81	908.54
1287.12	909.791
1287.44	918.114
1287.76	906.864
1288.08	909.836
1288.4	899.444
1288.72	908.081
1289.03	897.565
1289.35	915.908
1289.67	925.171
1289.99	909.923
1290.31	929.009
1290.63	926.311
1290.94	926.656
1291.26	937.411
1291.58	912.124
1291.9	916.714
1292.22	914.952
1292.54	911.623
1292.85	926.666
1293.17	941.406
1293.49	921.834
1293.81	919.979
1294.13	930.75
1294.44	920.411
1294.76	931.382
1295.08	937.781
1295.4	939.368
1295.72	938.165
1296.03	939.551
1296.35	950.669
1296.67	937.354
1296.99	942.222
1297.31	938.264
1297.62	944.007
1297.94	943.632
1298.26	936.503
1298.58	939.687
1298.9	943.863
1299.21	946.135
1299.53	942.129
1299.85	962.223
1300.17	953.309
1300.48	951.087
1300.8	946.496
1301.12	945.5
1301.44	954.563
1301.76	967.844
1302.07	965.793
1302.39	938.393
1302.71	949.204
1303.03	946.281
1303.34	962.288
1303.66	955.687
1303.98	949.739
1304.3	954.836
1304.61	963.448
1304.93	956.273
1305.25	960.516
1305.57	962.476
1305.88	952.92
1306.2	964.751
1306.52	962.077
1306.84	978.55
1307.15	954.098
1307.47	975.46
1307.79	971.853
1308.1	962.381
1308.42	973.958
1308.74	980.212
1309.06	959.307
1309.37	972.789
1309.69	978.641
1310.01	977.692
1310.33	971.531
1310.64	971.887
1310.96	996.997
1311.28	987.529
1311.59	978.897
1311.91	959.687
1312.23	971.101
1312.54	980.175
1312.86	997.21
1313.18	1003.43
1313.5	986.744
1313.81	988.675
1314.13	992.819
1314.45	1006.53
1314.76	974.194
1315.08	982.068
1315.4	993.587
1315.71	994.604
1316.03	1004.7
1316.35	1025.27
1316.66	1012.42
1316.98	1013.39
1317.3	1008.24
1317.61	1021.68
1317.93	1038.12
1318.25	1035.96
1318.56	1036.88
1318.88	1041.55
1319.2	1038.94
1319.51	1054.27
1319.83	1051.35
1320.15	1046.3
1320.46	1043.91
1320.78	1070.42
1321.1	1066.15
1321.41	1082.47
1321.73	1100.02
1322.05	1086.26
1322.36	1081.72
1322.68	1097.07
1323	1131.58
1323.31	1122.38
1323.63	1155.22
1323.94	1188.18
1324.26	1182.92
1324.58	1217.49
1324.89	1209.63
1325.21	1228.74
1325.53	1270.89
1325.84	1274.01
1326.16	1298.34
1326.47	1349.4
1326.79	1369.41
1327.11	1391.24
1327.42	1421.33
1327.74	1457.05
1328.06	1531.09
1328.37	1568.53
1328.69	1625.78
1329	1660.63
1329.32	1682.31
1329.64	1792.18
1329.95	1832.11
1330.27	1856.8
1330.58	1920.91
1330.9	1996.2
1331.22	2047.34
1331.53	2119.76
1331.85	2159.82
1332.16	2239.54
1332.48	2307.15
1332.79	2351.27
1333.11	2377.02
1333.43	2459.55
1333.74	2498.43
1334.06	2534.07
1334.37	2630.3
1334.69	2616.02
1335	2636.44
1335.32	2684.14
1335.63	2648.22
1335.95	2631.7
1336.27	2600.09
1336.58	2557.87
1336.9	2498.2
1337.21	2447.77
1337.53	2380.37
1337.85	2298.07
1338.16	2193.5
1338.48	2128.13
1338.79	2045.96
1339.11	1982.88
1339.42	1908.67
1339.74	1808.65
1340.05	1745.42
1340.37	1686.62
1340.68	1610.31
1341	1556.26
1341.31	1509.95
1341.63	1451.18
1341.94	1410.69
1342.26	1367.03
1342.58	1321.86
1342.89	1297.58
1343.21	1285.62
1343.52	1246.19
1343.83	1211.39
1344.15	1210.2
1344.47	1191
1344.78	1167.89
1345.1	1159.67
1345.41	1159.62
1345.73	1134.31
1346.04	1120.25
1346.36	1111.15
1346.67	1113.42
1346.99	1099.41
1347.3	1099.58
1347.62	1086.17
1347.93	1092.62
1348.25	1081.38
1348.56	1064.74
1348.88	1082.83
1349.19	1070.41
1349.5	1033.63
1349.82	1047.39
1350.13	1069.79
1350.45	1061.36
1350.76	1052.5
1351.08	1048.28
1351.39	1059.39
1351.71	1052.6
1352.02	1035.42
1352.34	1054.72
1352.65	1043.97
1352.97	1051.54
1353.28	1060.02
1353.6	1057.8
1353.91	1058.75
1354.22	1044.78
1354.54	1055.63
1354.85	1047.51
1355.17	1041.44
1355.48	1055.83
1355.8	1040.47
1356.11	1049.76
1356.43	1051.47
1356.74	1036.15
1357.06	1053.56
1357.37	1032.94
1357.68	1033.89
1358	1039.61
1358.31	1034.03
1358.63	1054.31
1358.94	1040.3
1359.26	1035.85
1359.57	1025.39
1359.88	1026.27
1360.2	1049.59
1360.51	1059.81
1360.83	1012.08
1361.14	1029.26
1361.45	1011.34
1361.77	1025.86
1362.08	1033.57
1362.4	1023.59
1362.71	1031.91
1363.02	1031.52
1363.34	1023.04
1363.65	1015.41
1363.97	1013.18
1364.28	1039.4
1364.59	1028.65
1364.91	1032.74
1365.22	1040.56
1365.54	1046.19
1365.85	1029.98
1366.16	1026.45
1366.48	1021.08
1366.79	1034.02
1367.11	1031.56
1367.42	1012.18
1367.73	1022.6
1368.05	1016.76
1368.36	1040.19
1368.67	1005.21
1368.99	1029.17
1369.3	1031.66
1369.61	1001.07
1369.93	1016.85
1370.24	1017.1
1370.55	1028.14
1370.87	1026.65
1371.18	1034.08
1371.5	1003.32
1371.81	1045.57
1372.12	1019.38
1372.17	1017.6
1372.48	1031.52
1372.8	1030.13
1373.12	1043.84
1373.43	1046.64
1373.75	1026.36
1374.06	1035.27
1374.38	1032.58
1374.69	1006.73
1375.01	1008.64
1375.32	1035.45
1375.64	1040.09
1375.96	1009.15
1376.27	991.993
1376.59	1035.12
1376.9	1013.54
1377.22	1018.82
1377.53	999.593
1377.85	1015.53
1378.16	1037.06
1378.48	1014.61
1378.79	1017.94
1379.11	1015.37
1379.42	1031.95
1379.74	1008.63
1380.05	1005.21
1380.37	1022.85
1380.69	1011.22
1381	1019.02
1381.32	1000.59
1381.63	1028.33
1381.94	1004.45
1382.26	1006.35
1382.58	1007.81
1382.89	1012.82
1383.21	1018.18
1383.52	1028.71
1383.84	1011.3
1384.15	1026.36
1384.47	1031.58
1384.78	1007.16
1385.1	1023.25
1385.41	1022.1
1385.73	1018.87
1386.04	1009.57
1386.35	990.182
1386.67	1041.49
1386.99	1006.97
1387.3	1029.46
1387.61	1008.18
1387.93	1003.38
1388.24	1027.99
1388.56	1000.16
1388.87	1025.27
1389.19	1014.21
1389.5	1024.32
1389.82	1014.42
1390.13	1003.38
1390.45	1016.03
1390.76	1014.5
1391.08	1023.53
1391.39	1017.47
1391.71	1031.86
1392.02	1019.09
1392.33	1014.29
1392.65	995.178
1392.96	1003.07
1393.28	1003.96
1393.59	983.592
1393.91	1023.22
1394.22	1015.97
1394.54	977.774
1394.85	1003.83
1395.16	1021.22
1395.48	1005.36
1395.79	1029.21
1396.11	1021.95
1396.42	1000.38
1396.73	1002.74
1397.05	1014.44
1397.36	1042.63
1397.68	1002.56
1397.99	1004.65
1398.31	1018.52
1398.62	1010.63
1398.94	1017.88
1399.25	1038.33
1399.56	1020.8
1399.88	1018.53
1400.19	1028.28
1400.5	1027.32
1400.82	994.979
1401.13	1010.24
1401.45	994.026
1401.76	1007.59
1402.08	1009.76
1402.39	1021.88
1402.7	1007.78
1403.02	1015.41
1403.33	1020.49
1403.65	1020.3
1403.96	1029.6
1404.27	1001.01
1404.59	1007.27
1404.9	1000.43
1405.21	1008.44
1405.53	1009.08
1405.84	1020.72
1406.15	1026.52
1406.47	1027.73
1406.78	1035.66
1407.09	1023.57
1407.41	1032.1
1407.72	1015
1408.04	998.31
1408.35	1007.4
1408.66	1023.2
1408.98	1026.8
1409.29	998.084
1409.6	1021.43
1409.92	1013.45
1410.23	1021.79
1410.54	1024.78
1410.86	1029.7
1411.17	1012.72
1411.48	1000.21
1411.8	1015.95
1412.11	1036.29
1412.43	1027.22
1412.74	1038.36
1413.05	1033.25
1413.36	1027.1
1413.68	1020.71
1413.99	1011.71
1414.3	1040.94
1414.62	1043.06
1414.93	1044.04
1415.24	1041.09
1415.56	1051.97
1415.87	1027.45
1416.18	1027.8
1416.5	1014.26
1416.81	1051.96
1417.12	1039.36
1417.44	1021.24
1417.75	1033.75
1418.06	1024.45
1418.37	1027.2
1418.69	1017.92
1419	1025.51
1419.31	1022.62
1419.63	1052.6
1419.94	1037.98
1420.25	1050.27
1420.56	1035.9
1420.88	1034.92
1421.19	1047.73
1421.5	1032.22
1421.82	1039.23
1422.13	1065.31
1422.44	1059.29
1422.76	1042.8
1423.07	1059.67
1423.38	1064.64
1423.69	1044.05
1424.01	1040.53
1424.32	1057.97
1424.63	1050.57
1424.94	1038.99
1425.26	1051.06
1425.57	1035.21
1425.88	1052.09
1426.19	1046.19
1426.51	1055.44
1426.82	1059.16
1427.13	1064.37
1427.44	1034.82
1427.76	1047.21
1428.07	1065.18
1428.38	1045.93
1428.69	1056.92
1429.01	1067.45
1429.32	1068.78
1429.63	1082.07
1429.94	1031.57
1430.25	1055.54
1430.57	1071.91
1430.88	1053.14
1431.19	1075.08
1431.5	1080.88
1431.82	1077.92
1432.13	1086.27
1432.44	1048.13
1432.75	1056.93
1433.06	1060.57
1433.38	1080.44
1433.69	1058.86
1434	1091.17
1434.31	1058.96
1434.62	1062.41
1434.94	1054.42
1435.25	1083.33
1435.56	1083.42
1435.87	1085.74
1436.18	1079.81
1436.5	1078.25
1436.81	1068.34
1437.12	1078.06
1437.43	1077.11
1437.74	1087.42
1438.06	1074.75
1438.37	1061.48
1438.68	1087.96
1438.99	1087.98
1439.3	1065.1
1439.61	1076.05
1439.93	1083.23
1440.24	1089.2
1440.55	1074.47
1440.86	1080.72
1441.17	1074.85
1441.48	1073.62
1441.8	1110.47
1442.11	1071.9
1442.42	1081.24
1442.73	1085.22
1443.04	1100.93
1443.35	1087.98
1443.67	1096.59
1443.98	1070.23
1444.29	1084.49
1444.6	1091.62
1444.91	1077.93
1445.22	1103.55
1445.53	1069.31
1445.85	1096.48
1446.16	1128.29
1446.47	1098.36
1446.78	1102.82
1447.09	1093.59
1447.4	1098.47
1447.71	1100.56
1448.02	1081.83
1448.33	1082.67
1448.65	1094.72
1448.96	1114.73
1449.27	1108.02
1449.58	1098.32
1449.89	1113.41
1450.2	1102.79
1450.51	1092.03
1450.82	1114.73
1451.14	1104.15
1451.45	1094.85
1451.76	1108.71
1452.07	1094.22
1452.38	1095.43
1452.69	1094.06
1453	1094.75
1453.31	1113.41
1453.62	1119.57
1453.93	1128.09
1454.25	1110.08
1454.56	1087.14
1454.87	1086
1455.18	1114.86
1455.49	1112.56
1455.8	1111.39
1456.11	1096.82
1456.42	1110.31
1456.73	1106.39
1457.04	1114.35
1457.35	1105
1457.66	1098.33
1457.97	1110.33
1458.28	1114.55
1458.59	1111.02
1458.9	1118.71
1459.22	1105.13
1459.53	1107.46
1459.84	1107.86
1460.15	1114.82
1460.46	1103.97
1460.77	1097.29
1461.08	1096.69
1461.39	1087.49
1461.7	1101.53
1462.01	1104.33
1462.32	1100.17
1462.63	1098.93
1462.94	1109.32
1463.25	1114.81
1463.56	1108.19
1463.87	1105.66
1464.18	1118.61
1464.49	1107.16
1464.8	1085.1
1465.11	1108.83
1465.42	1117.92
1465.73	1122.52
1466.04	1120.16
1466.35	1128.22
1466.66	1116.5
1466.97	1138.27
1467.28	1117.67
1467.59	1111.03
1467.9	1113.85
1468.21	1096.93
1468.52	1108.37
1468.83	1110.4
1469.14	1100.35
1469.45	1102.07
1469.76	1095.86
1470.07	1095.13
1470.38	1107.89
1470.69	1126.99
1471	1105.99
1471.31	1106.63
1471.62	1118.85
1471.93	1103.37
1472.24	1094.24
1472.55	1112.81
1472.86	1095.85
1473.17	1093.11
1473.48	1125.56
1473.79	1107.17
1474.1	1127.99
1474.41	1084.73
1474.72	1109.16
1475.03	1085.29
1475.34	1100.99
1475.65	1107.34
1475.96	1092.85
1476.27	1106.01
1476.58	1105.43
1476.89	1087.72
1477.2	1097.13
1477.51	1119.97
1477.82	1112
1478.13	1099.75
1478.44	1101.06
1478.74	1103.19
1479.05	1108.76
1479.36	1106.27
1479.67	1108.11
1479.98	1089.7
1480.29	1087.14
1480.6	1109.49
1480.91	1109.89
1481.22	1102.65
1481.53	1093.31
1481.84	1143.74
1482.15	1083.34
1482.46	1117.91
1482.77	1111.95
1483.07	1140.03
1483.38	1098.84
1483.69	1096.14
1484	1086.94
1484.31	1099.64
1484.62	1116.02
1484.93	1111.12
1485.24	1095.36
1485.55	1096.05
1485.86	1106.53
1486.17	1084.82
1486.47	1097.92
1486.78	1095.07
1487.09	1084.46
1487.4	1125.09
1487.71	1125.05
1488.02	1082.6
1488.33	1093.98
1488.64	1086.81
1488.94	1099.72
1489.25	1090.06
1489.56	1090.63
1489.87	1095.97
1490.18	1094.02
1490.49	1109.65
1490.8	1085.66
1491.11	1079.89
1491.41	1100.5
1491.72	1110.79
1492.03	1107.9
1492.34	1084.06
1492.65	1090.52
1492.96	1098.09
1493.27	1113.16
1493.57	1093.38
1493.88	1094.03
1494.19	1126.39
1494.5	1108.34
1494.81	1097.35
1495.12	1104.27
1495.43	1101.15
1495.73	1086.05
1496.04	1085.04
1496.35	1097.76
1496.66	1098.23
1496.97	1089.55
1497.28	1096.31
1497.58	1082.21
1497.89	1088.45
1498.2	1096.7
1498.51	1106.37
1498.82	1097.55
1499.13	1081.12
1499.43	1089.36
1499.74	1078.75
1500.05	1085.09
1500.36	1096.59
1500.67	1104.69
1500.97	1096.97
1501.28	1083.68
1501.59	1086.3
1501.9	1089.05
1502.21	1095.37
1502.51	1099.98
1502.82	1097.55
1503.13	1094.67
1503.44	1075.23
1503.74	1077.39
1504.05	1093.9
1504.36	1095.31
1504.67	1079.07
1504.98	1085.48
1505.29	1075
1505.59	1072.03
1505.9	1082.58
1506.21	1089.47
1506.52	1088.8
1506.82	1087
1507.13	1078.05
1507.44	1072.27
1507.75	1078.06
1508.06	1090.38
1508.36	1069.78
1508.67	1090
1508.98	1099.9
1509.29	1070.11
1509.59	1070.21
1509.9	1081.95
1510.21	1079.27
1510.52	1065.25
1510.82	1080.49
1511.13	1079.41
1511.44	1089.12
1511.75	1077.52
1512.05	1078.72
1512.36	1085.14
1512.67	1070.18
1512.98	1109.68
1513.28	1084.01
1513.59	1085.62
1513.9	1086.31
1514.2	1087.85
1514.51	1069.62
1514.82	1075.25
1515.13	1086.51
1515.43	1075.34
1515.74	1075.41
1516.05	1088.94
1516.35	1061.41
1516.66	1070.57
1516.97	1072.9
1517.28	1102.25
1517.58	1069.95
1517.89	1076.1
1518.2	1071.51
1518.51	1065.41
1518.81	1070.4
1519.12	1082.14
1519.43	1098.85
1519.73	1081.73
1520.04	1076.37
1520.35	1076.44
1520.65	1088.44
1520.96	1085.61
1521.27	1067.31
1521.57	1083.44
1521.88	1089.63
1522.19	1067.59
1522.5	1071.74
1522.8	1060.39
1523.11	1079.23
1523.41	1079.22
1523.72	1072.63
1524.03	1071.4
1524.34	1071.24
1524.64	1079.7
1524.95	1083.72
1525.26	1108.01
1525.56	1077.22
1525.87	1096.52
1526.17	1069.08
1526.48	1073.27
1526.79	1078.2
1527.1	1076.01
1527.4	1075.49
1527.71	1064.83
1528.02	1081.2
1528.32	1072.45
1528.63	1072.43
1528.93	1107.12
1529.24	1057.54
1529.55	1054.7
1529.85	1061.71
1530.16	1078.57
1530.47	1067.31
1530.77	1051.53
1531.08	1071
1531.38	1091.06
1531.69	1073.45
1532	1071.7
1532.3	1072.93
1532.61	1062.59
1532.92	1057.72
1533.22	1098.44
1533.53	1069.24
1533.84	1079.76
1534.14	1076.63
1534.45	1057.95
1534.75	1046.38
1535.06	1064.03
1535.37	1068.46
1535.67	1061.13
1535.98	1062.03
1536.28	1067.53
1536.59	1062.57
1536.9	1071.08
1537.2	1058.7
1537.51	1072.11
1537.81	1045.42
1538.12	1055.72
1538.42	1059.29
1538.73	1063.37
1539.04	1055.3
1539.34	1068.35
1539.65	1075.13
1539.95	1066.59
1540.26	1050.63
1540.56	1064.93
1540.67	1072.73
1540.98	1082.86
1541.29	1066.14
1541.59	1066.43
1541.9	1076.84
1542.21	1067.02
1542.52	1074.99
1542.82	1065.75
1543.13	1069.95
1543.44	1069.23
1543.75	1058.55
1544.05	1061.77
1544.36	1081.44
1544.67	1055.8
1544.98	1080.6
1545.29	1052.19
1545.59	1055.4
1545.9	1088.5
1546.21	1088.87
1546.52	1101.52
1546.82	1077.33
1547.13	1083.04
1547.44	1094.51
1547.75	1091.48
1548.05	1085.98
1548.36	1074.69
1548.67	1069.12
1548.98	1087.73
1549.28	1078.29
1549.59	1072.42
1549.9	1086.49
1550.2	1080.83
1550.51	1083.16
1550.82	1109.75
1551.13	1063.86
1551.43	1091.95
1551.74	1074.74
1552.05	1075.47
1552.36	1071.58
1552.66	1077.45
1552.97	1092.47
1553.28	1093.55
1553.59	1091.2
1553.89	1098.03
1554.2	1079.61
1554.51	1070.7
1554.81	1056.73
1555.12	1091.25
1555.43	1056.48
1555.73	1075.46
1556.04	1095.01
1556.35	1101.44
1556.65	1110.11
1556.96	1104.38
1557.27	1096.23
1557.58	1089.05
1557.88	1084.51
1558.19	1092.3
1558.5	1084.5
1558.8	1075.31
1559.11	1077.57
1559.42	1077.45
1559.72	1078.66
1560.03	1102.65
1560.34	1107.2
1560.64	1090.93
1560.95	1096.71
1561.26	1091.44
1561.56	1085.81
1561.87	1080.81
1562.18	1078.64
1562.48	1068.1
1562.79	1089.67
1563.1	1104.09
1563.4	1099.1
1563.71	1094.73
1564.02	1099.72
1564.32	1091.96
1564.63	1102.36
1564.93	1089.48
1565.24	1084.84
1565.55	1097.61
1565.85	1086.25
1566.16	1079.59
1566.47	1103.05
1566.77	1097.36
1567.08	1077.55
1567.39	1092.9
1567.69	1121.67
1568	1112.56
1568.31	1100.22
1568.61	1105.58
1568.92	1118.17
1569.22	1101.07
1569.53	1088.25
1569.84	1095
1570.14	1089.81
1570.45	1092.23
1570.75	1097.53
1571.06	1112.15
1571.37	1116.56
1571.67	1095.6
1571.98	1105.22
1572.29	1096.09
1572.59	1117.46
1572.9	1103.49
1573.2	1110.83
1573.51	1101.39
1573.81	1115.85
1574.12	1099.34
1574.43	1102.24
1574.73	1099.32
1575.04	1120.29
1575.34	1099.54
1575.65	1095.35
1575.96	1099.39
1576.26	1106.89
1576.57	1122.89
1576.87	1101.19
1577.18	1123.12
1577.48	1129.83
1577.79	1115.51
1578.1	1097.38
1578.4	1098.55
1578.71	1116.69
1579.01	1140.01
1579.32	1114.88
1579.63	1127.82
1579.93	1121.26
1580.24	1102.63
1580.54	1095.55
1580.85	1100.79
1581.15	1105.39
1581.46	1116.87
1581.76	1121.72
1582.07	1093.77
1582.37	1127.41
1582.68	1125.58
1582.99	1131.11
1583.29	1122.91
1583.6	1098.49
1583.9	1133.59
1584.21	1124.82
1584.51	1130.47
1584.82	1121.4
1585.12	1118.19
1585.43	1124.4
1585.73	1117.11
1586.04	1130.67
1586.34	1108.4
1586.65	1116.41
1586.95	1112.21
1587.26	1121.75
1587.56	1123.86
1587.87	1105.39
1588.17	1118.18
1588.48	1119.45
1588.78	1120.88
1589.09	1110.69
1589.39	1130.36
1589.7	1130.87
1590.01	1115.75
1590.31	1101.91
1590.61	1115.94
1590.92	1122.85
1591.22	1101.09
1591.53	1136.41
1591.83	1125.55
1592.14	1129.6
1592.44	1157.17
1592.75	1161.74
1593.05	1124.08
1593.36	1097.22
1593.66	1099.66
1593.97	1129.34
1594.27	1127.14
1594.58	1142.78
1594.88	1130.36
1595.19	1130.6
1595.49	1142.91
1595.8	1123.58
1596.1	1121.57
1596.41	1109.82
1596.71	1121.59
1597.01	1121.34
1597.32	1121.43
1597.62	1120.83
1597.93	1113.71
1598.23	1109.61
1598.54	1100
1598.84	1114.07
1599.15	1145.62
1599.45	1127.38
1599.75	1105.28
1600.06	1108.57
1600.36	1113.73
1600.67	1112.56
1600.97	1101.91
1601.28	1119.45
1601.58	1127.29
1601.89	1107.62
1602.19	1107.82
1602.49	1118.76
1602.8	1124.19
1603.1	1095.15
1603.41	1113.57
1603.71	1098.65
1604.01	1122.1
1604.32	1117.12
1604.62	1113.34
1604.93	1127.2
1605.23	1122.79
1605.54	1099.04
1605.84	1100.5
1606.14	1113.05
1606.45	1122.76
1606.75	1128.74
1607.06	1122.88
1607.36	1119.74
1607.66	1099.45
1607.97	1092.9
1608.27	1120.01
1608.57	1112.56
1608.88	1105.96
1609.18	1102.06
1609.49	1112.39
1609.79	1114.94
1610.1	1112.99
1610.4	1113.37
1610.7	1095.43
1611	1105.75
1611.31	1095.54
1611.61	1111.62
1611.92	1123.3
1612.22	1123.21
1612.53	1111.99
1612.83	1115.58
1613.13	1112.67
1613.43	1115.38
1613.74	1097.21
1614.04	1094.33
1614.35	1083.54
1614.65	1091.06
1614.95	1100.54
1615.26	1110.39
1615.56	1094.47
1615.86	1109.06
1616.17	1110.33
1616.47	1107.4
1616.77	1097.07
1617.08	1078.61
1617.38	1089.79
1617.68	1098.79
1617.99	1083.11
1618.29	1101.34
1618.59	1096.48
1618.9	1098.27
1619.2	1085.32
1619.5	1092.32
1619.81	1101.82
1620.11	1101.44
1620.41	1084.41
1620.72	1090.98
1621.02	1084.56
1621.32	1080.16
1621.63	1102.19
1621.93	1082.02
1622.23	1080
1622.54	1098.22
1622.84	1095.76
1623.14	1092.08
1623.44	1083.25
1623.75	1089.57
1624.05	1083.87
1624.35	1104.28
1624.66	1078.17
1624.96	1093.46
1625.26	1070.61
1625.56	1096.39
1625.87	1086.05
1626.17	1080.34
1626.47	1086.1
1626.78	1065.14
1627.08	1098.56
1627.38	1078.01
1627.68	1062.04
1627.99	1053.49
1628.29	1114.2
1628.59	1097
1628.9	1064.46
1629.2	1071.72
1629.5	1081.61
1629.8	1080.6
1630.11	1078.64
1630.41	1085.95
1630.71	1073.27
1631.01	1086.03
1631.32	1073.22
1631.62	1094.47
1631.92	1067.55
1632.22	1062.3
1632.53	1077.53
1632.83	1080.74
1633.13	1059.28
1633.43	1080.56
1633.74	1082.03
1634.04	1078.13
1634.34	1071.07
1634.64	1055.05
1634.95	1052.92
1635.25	1064.52
1635.55	1073.61
1635.85	1063.87
1636.16	1062.41
1636.46	1061.61
1636.76	1061.58
1637.06	1066.49
1637.36	1062.03
1637.67	1065.01
1637.97	1067.79
1638.27	1073.15
1638.57	1068.72
1638.88	1070.43
1639.18	1061.39
1639.48	1073.35
1639.78	1055.74
1640.08	1050.28
1640.39	1056.4
1640.69	1054.46
1640.99	1051.55
1641.29	1066.7
1641.59	1052.1
1641.9	1069.91
1642.2	1072.9
1642.5	1049.45
1642.8	1052.11
1643.1	1068.4
1643.4	1058.2
1643.71	1055.71
1644.01	1036.54
1644.31	1035.59
1644.61	1052.95
1644.91	1075.2
1645.21	1050.69
1645.52	1051.83
1645.82	1064.02
1646.12	1060.88
1646.42	1050.73
1646.72	1036.62
1647.03	1043.02
1647.33	1069.63
1647.63	1078.65
1647.93	1066.86
1648.23	1057.15
1648.53	1060.12
1648.83	1037.95
1649.14	1037.69
1649.44	1056.22
1649.74	1071.94
1650.04	1048.45
1650.34	1068.65
1650.64	1059.78
1650.95	1049.13
1651.25	1060.54
1651.55	1072.19
1651.85	1057.73
1652.15	1048.12
1652.45	1046.78
1652.75	1045.11
1653.05	1062.45
1653.36	1071.38
1653.66	1055.63
1653.96	1035.43
1654.26	1050.34
1654.56	1054.67
1654.86	1052.66
1655.16	1049.44
1655.46	1051.27
1655.77	1075.65
1656.07	1065.49
1656.37	1052.24
1656.67	1046.52
1656.97	1062.68
1657.27	1057.68
1657.57	1048.75
1657.87	1048.57
1658.17	1058.66
1658.47	1048.3
1658.77	1037.01
1659.08	1047.72
1659.38	1048.39
1659.68	1065.55
1659.98	1078.18
1660.28	1053.48
1660.58	1061.13
1660.88	1054.57
1661.18	1062.52
1661.48	1059.77
1661.78	1053.05
1662.08	1073.07
1662.39	1070.49
1662.69	1060.32
1662.99	1060.58
1663.29	1050.69
1663.59	1049.27
1663.89	1037.28
1664.19	1046.23
1664.49	1040.07
1664.79	1051.86
1665.09	1066.19
1665.39	1078.42
1665.69	1070.56
1665.99	1045.22
1666.29	1046.22
1666.59	1060.63
1666.89	1070.87
1667.2	1058.25
1667.49	1074.22
1667.79	1077.49
1668.1	1046.62
1668.4	1065.08
1668.7	1064.5
1669	1045.88
1669.3	1053.07
1669.6	1053.4
1669.9	1064.46
1670.2	1072.01
1670.5	1069.15
1670.8	1053.46
1671.1	1061.4
1671.4	1051.74
1671.7	1063.77
1672	1067.47
1672.3	1047.83
1672.6	1072.59
1672.9	1055.29
1673.2	1103.64
1673.5	1066.92
1673.8	1062.44
1674.1	1071.55
1674.4	1063.54
1674.7	1079.14
1675	1086.44
1675.3	1040.39
1675.6	1063.81
1675.9	1066.54
1676.2	1085.16
1676.5	1072
1676.8	1064.01
1677.1	1080.47
1677.4	1071.08
1677.7	1064.61
1678	1058.61
1678.3	1097.36
1678.6	1043.69
1678.9	1072.97
1679.2	1083.35
1679.5	1057.89
1679.8	1063.85
1680.1	1076.64
1680.4	1068.05
1680.7	1079.09
1681	1075.55
1681.3	1075.7
1681.59	1059.41
1681.89	1049.91
1682.19	1065.67
1682.49	1080.52
1682.79	1081.31
1683.09	1086.48
1683.39	1093.92
1683.69	1090.71
1683.99	1079.82
1684.29	1092.57
1684.59	1083.3
1684.89	1075.29
1685.19	1076.63
1685.49	1072.35
1685.79	1093.58
1686.09	1080.31
1686.39	1074.44
1686.69	1089.57
1686.98	1072.73
1687.28	1093.82
1687.58	1100.02
1687.88	1066.88
1688.18	1071.59
1688.48	1095.08
1688.78	1104.74
1689.08	1110.48
1689.38	1076.39
1689.68	1079.1
1689.98	1067.59
1690.28	1080.17
1690.57	1073.38
1690.87	1092.65
1691.17	1098.94
1691.47	1094.07
1691.77	1098.51
1692.07	1077.29
1692.37	1088.71
1692.67	1058.71
1692.97	1068.79
1693.26	1083.89
1693.56	1093.6
1693.86	1086.08
1694.16	1099.91
1694.46	1087.4
1694.76	1091.41
1695.06	1101.09
1695.36	1111.43
1695.65	1095.8
1695.95	1077.75
1696.25	1073.98
1696.55	1075.98
1696.85	1102.44
1697.15	1085.58
1697.45	1058.56
1697.75	1087.02
1698.04	1090.17
1698.34	1073.75
1698.64	1067.47
1698.94	1093.8
1699.24	1093.31
1699.54	1096.77
1699.84	1103.96
1700	1103.71
1700.3	1090.43
1700.6	1087.2
1700.9	1084.8
1701.2	1096.7
1701.5	1086.7
1701.8	1106.72
1702.1	1090.12
1702.4	1087.6
1702.7	1084.91
1703	1090.77
1703.3	1090.09
1703.6	1110.25
1703.91	1070.95
1704.21	1092.36
1704.51	1120.91
1704.81	1090.91
1705.11	1097.67
1705.41	1093.6
1705.71	1096.96
1706.01	1113.46
1706.31	1093.29
1706.61	1105.86
1706.91	1078.35
1707.21	1109.67
1707.51	1113.63
1707.81	1105.4
1708.11	1089.88
1708.41	1095.58
1708.71	1127.81
1709.01	1095.54
1709.31	1089.49
1709.61	1079.67
1709.91	1119.82
1710.21	1113.75
1710.51	1092.24
1710.81	1099.45
1711.11	1104.64
1711.41	1076.85
1711.71	1089.16
1712.01	1097.8
1712.31	1089.05
1712.61	1091.89
1712.91	1105.19
1713.21	1090.52
1713.51	1104.09
1713.81	1103.12
1714.11	1104.33
1714.41	1110.75
1714.71	1099.99
1715.01	1111.63
1715.31	1102.99
1715.61	1101.37
1715.91	1087.18
1716.21	1091.87
1716.51	1094.77
1716.81	1111.34
1717.11	1112.92
1717.41	1090.72
1717.71	1073.61
1718.01	1066.48
1718.31	1091.98
1718.61	1093.24
1718.91	1107.76
1719.2	1108.6
1719.5	1094.5
1719.8	1113.95
1720.1	1088.64
1720.4	1092.59
1720.7	1110.08
1721	1082.76
1721.3	1080.49
1721.6	1087.82
1721.9	1094.93
1722.2	1125.33
1722.5	1136.62
1722.8	1101.03
1723.1	1121.95
1723.4	1094.24
1723.7	1102.32
1723.99	1083.93
1724.29	1061.67
1724.59	1063.07
1724.89	1089.93
1725.19	1102.14
1725.49	1105.42
1725.79	1100.27
1726.09	1128.47
1726.39	1104.22
1726.69	1104.32
1726.99	1086.48
1727.29	1097.61
1727.58	1098.82
1727.88	1104.72
1728.18	1101.13
1728.48	1100.56
1728.78	1075.5
1729.08	1089.07
1729.38	1095.31
1729.68	1086.99
1729.98	1093.6
1730.28	1098.13
1730.58	1101.76
1730.87	1093.74
1731.17	1103.76
1731.47	1095.44
1731.77	1095.53
1732.07	1092.61
1732.37	1091.53
1732.67	1088.89
1732.97	1072.91
1733.26	1088.72
1733.56	1113.37
1733.86	1097.62
1734.16	1087.32
1734.46	1095.95
1734.76	1075.7
1735.06	1087.92
1735.35	1071.7
1735.65	1085.5
1735.95	1083.57
1736.25	1067.94
1736.55	1081.98
1736.85	1075.64
1737.15	1089.79
1737.44	1086.42
1737.74	1096.15
1738.04	1084.79
1738.34	1090.29
1738.64	1105.17
1738.94	1078.34
1739.24	1080.31
1739.53	1076.24
1739.83	1088.72
1740.13	1072.76
1740.43	1072.01
1740.73	1064.18
1741.03	1086.35
1741.32	1099.43
1741.62	1108.63
1741.92	1092.25
1742.22	1082.65
1742.52	1075.06
1742.81	1061.52
1743.11	1078.87
1743.41	1074.23
1743.71	1091.13
1744.01	1085.35
1744.31	1085.72
1744.6	1103.61
1744.9	1093.15
1745.2	1089.23
1745.5	1072.07
1745.79	1087.33
1746.09	1082.48
1746.39	1064.78
1746.69	1060.51
1746.99	1049.61
1747.28	1081.37
1747.58	1082.62
1747.88	1079.49
1748.18	1083.38
1748.48	1075.64
1748.77	1091.67
1749.07	1074.59
1749.37	1096.62
1749.67	1084.11
1749.96	1073.29
1750.26	1047.27
1750.56	1090.27
1750.86	1095.18
1751.16	1079.45
1751.45	1053.92
1751.75	1073.29
1752.05	1083.89
1752.35	1067.56
1752.64	1057.86
1752.94	1062.96
1753.24	1086.58
1753.54	1069.85
1753.83	1069.62
1754.13	1067.28
1754.43	1063.4
1754.73	1087.44
1755.02	1063.28
1755.32	1060.66
1755.62	1051.39
1755.92	1053.67
1756.21	1072.35
1756.51	1074.94
1756.81	1067.18
1757.11	1061.26
1757.4	1075.24
1757.7	1071.77
1758	1084.72
1758.3	1074.34
1758.59	1069.02
1758.89	1068.38
1759.19	1076.73
1759.48	1055.65
1759.78	1069.5
1760.08	1079.58
1760.38	1082.52
1760.67	1081.8
1760.97	1059.05
1761.27	1058.28
1761.56	1097.7
1761.86	1082.41
1762.16	1041.57
1762.45	1066.59
1762.75	1086.59
1763.05	1076.8
1763.35	1078.97
1763.64	1067.3
1763.94	1069.07
1764.24	1065
1764.53	1052.18
1764.83	1068.66
1765.13	1072.66
1765.42	1083.05
1765.72	1072.41
1766.02	1079.38
1766.32	1082.1
1766.61	1081.76
1766.91	1093.78
1767.21	1085.39
1767.5	1063.09
1767.8	1066.75
1768.09	1083.62
1768.39	1074.24
1768.69	1067.7
1768.99	1064.52
1769.28	1079.36
1769.58	1082.88
1769.88	1082.59
1770.17	1050.82
1770.47	1064.84
1770.76	1084.09
1771.06	1072.15
1771.36	1071.14
1771.65	1080.51
1771.95	1081.81
1772.25	1069.4
1772.54	1083.62
1772.84	1060.06
1773.14	1060.32
1773.43	1062.52
1773.73	1071.14
1774.03	1064.45
1774.32	1068.31
1774.62	1078.98
1774.91	1063.78
1775.21	1075.53
1775.51	1086.57
1775.8	1081.96
1776.1	1067.12
1776.4	1076.4
1776.69	1088.13
1776.99	1071.27
1777.28	1058.99
1777.58	1077.14
1777.88	1074.41
1778.17	1067.02
1778.47	1084.19
1778.76	1088.19
1779.06	1064.94
1779.36	1083.45
1779.65	1093.23
1779.95	1076.63
1780.24	1065.58
1780.54	1070.21
1780.84	1081.85
1781.13	1079.74
1781.43	1084.08
1781.72	1087.57
1782.02	1083.28
1782.32	1070.24
1782.61	1076.63
1782.91	1084.18
1783.2	1091.23
1783.5	1080.52
1783.79	1082
1784.09	1077.28
1784.39	1080.05
1784.68	1092.14
1784.98	1078.08
1785.27	1074.64
1785.57	1076.15
1785.87	1091.22
1786.16	1108.34
1786.46	1084.11
1786.75	1081.33
1787.05	1083.19
1787.34	1081.18
1787.64	1103.93
1787.93	1106.15
1788.23	1090.58
1788.52	1077.75
1788.82	1085.54
1789.12	1097.39
1789.41	1076.87
1789.71	1086.58
1790	1084.15
1790.3	1100.21
1790.59	1084.04
1790.89	1089.65
1791.18	1073.49
1791.48	1093.09
1791.77	1083.37
1792.07	1085.48
1792.36	1075.78
1792.66	1076.14
1792.96	1066.97
1793.25	1091.16
1793.55	1094.06
1793.84	1119.92
1794.14	1078.65
1794.43	1086.46
1794.73	1085.93
1795.02	1083.38
1795.32	1087.06
1795.61	1114.57
1795.91	1059.28
1796.2	1087.44
1796.5	1069.92
1796.79	1088.32
1797.09	1074.18
1797.38	1104.3
1797.68	1098.51
1797.97	1074.6
1798.27	1083.05
1798.56	1098.04
1798.86	1082.73
1799.15	1114.43
1799.45	1081.36
1799.74	1079.3
1800.04	1116.84
1800.33	1136.93
1800.63	1102.59
1800.92	1108.76
1801.21	1085.93
1801.51	1080.23
1801.8	1082.71
1802.1	1100.33
1802.39	1097.41
1802.69	1115.71
1802.98	1113.93
1803.28	1098.43
1803.57	1086.55
1803.87	1098.37
1804.16	1121.47
1804.46	1108.32
1804.75	1109.74
1805.04	1119.11
1805.34	1119.26
1805.63	1105.05
1805.93	1125.09
1806.22	1113.04
1806.52	1128.09
1806.81	1114.68
1807.11	1106.58
1807.4	1112.52
1807.69	1112.68
1807.99	1120.51
1808.28	1111.65
1808.58	1112.5
1808.87	1127.12
1809.17	1109.89
1809.46	1107.06
1809.76	1095.84
1810.05	1118.94
1810.34	1125.89
1810.64	1122.91
1810.93	1108.64
1811.23	1126.98
1811.52	1125.34
1811.81	1124.73
1812.11	1118.55
1812.4	1127.72
1812.7	1131.2
1812.99	1113.97
1813.28	1116.94
1813.58	1124.61
1813.87	1126.4
1814.17	1107.2
1814.46	1112.01
1814.76	1122.23
1815.05	1129.99
1815.34	1133.44
1815.64	1118.6
1815.93	1106.23
1816.22	1120.39
1816.52	1127.87
1816.81	1123.53
1817.1	1123.6
1817.4	1118.63
1817.69	1130.77
1817.99	1131.65
1818.28	1113.14
1818.57	1119.51
1818.87	1123.05
1819.16	1134.5
1819.46	1145.23
1819.75	1142.48
1820.04	1122.82
1820.34	1116.79
1820.63	1121.59
1820.92	1124.5
1821.22	1134.61
1821.51	1139.92
1821.8	1153.32
1822.1	1147.51
1822.39	1144.91
1822.69	1131.9
1822.98	1143.13
1823.27	1128.94
1823.57	1124.31
1823.86	1133.11
1824.15	1130.82
1824.45	1134.1
1824.74	1132.99
1825.03	1123.1
1825.33	1115.91
1825.62	1129.68
1825.91	1141.51
1826.2	1140.6
1826.5	1125.76
1826.79	1135.46
1827.08	1142.1
1827.38	1142.88
1827.67	1142.58
1827.96	1162.24
1828.26	1140.38
1828.55	1123.42
1828.84	1135.02
1829.14	1138.67
1829.43	1133.54
1829.72	1142.69
1830.02	1135.01
1830.31	1146.28
1830.6	1132.17
1830.89	1139.82
1831.19	1142.16
1831.48	1134.54
1831.77	1135.58
1832.07	1117.68
1832.36	1145.1
1832.65	1127.94
1832.95	1125.35
1833.24	1137.6
1833.53	1136.6
1833.82	1146.88
1834.12	1143.95
1834.41	1152.39
1834.7	1182.98
1835	1142.22
1835.29	1154.8
1835.58	1110.27
1835.87	1145.97
1836.17	1132.72
1836.46	1128.73
1836.75	1142.95
1837.05	1135.47
1837.34	1147.86
1837.63	1156.18
1837.92	1160.77
1838.22	1136.67
1838.51	1124.47
1838.8	1142.6
1839.09	1150.07
1839.38	1144.64
1839.68	1151.64
1839.97	1138.51
1840.26	1138.72
1840.55	1163.27
1840.85	1143.16
1841.14	1127.23
1841.43	1140.22
1841.72	1159.67
1842.02	1150.99
1842.31	1154.1
1842.6	1131.92
1842.89	1148.17
1843.19	1155.07
1843.48	1138.25
1843.77	1137.83
1844.06	1150.57
1844.36	1121.68
1844.65	1151.22
1844.94	1153.26
1845.23	1129.02
1845.52	1124.08
1845.82	1118.04
1846.11	1146.05
1846.4	1142.75
1846.69	1130.24
1846.98	1130.95
1847.28	1129.26
1847.57	1143.63
1847.86	1166.92
1848.15	1140.39
1848.44	1134.18
1848.74	1145.51
1849.03	1141.44
1849.32	1131.05
1849.61	1137.46
1849.9	1136.94
1850.19	1141.51
1850.49	1147.22
1850.78	1134.11
1851.07	1136.02
1851.36	1131.86
1851.65	1127.4
1851.95	1129.6
1852.24	1134.57
1852.53	1125.24
1852.82	1140.33
1853.11	1127.29
1853.4	1131.4
1853.7	1145.64
1853.99	1124.01
1854.28	1162.62
1854.57	1135.82
1854.86	1142.94
1855.16	1167.52
1855.45	1140.29
1855.74	1133.65
1856.03	1133.11
1856.32	1135.05
1856.61	1167.65
1856.9	1151.76
1857.19	1117.4
1857.49	1140.4
1857.78	1127.36
1858.07	1140.24
1858.36	1132.6
1858.65	1096.82
1858.79	1098.53
1859.09	1107.22
1859.38	1121.55
1859.67	1133.22
1859.97	1155.55
1860.26	1128.96
1860.55	1118.31
1860.85	1097.77
1861.14	1142.33
1861.43	1116.59
1861.73	1159.5
1862.02	1157.39
1862.31	1127.02
1862.61	1126.33
1862.9	1142.03
1863.19	1145.44
1863.49	1130.4
1863.78	1132.38
1864.07	1138.86
1864.37	1131.59
1864.66	1132.17
1864.95	1146.78
1865.24	1133.1
1865.54	1128.74
1865.83	1122.13
1866.12	1139.55
1866.42	1115.45
1866.71	1139.08
1867	1134.64
1867.3	1148.82
1867.59	1117.31
1867.88	1118.45
1868.18	1110.1
1868.47	1150.91
1868.76	1146
1869.05	1124.73
1869.35	1114.83
1869.64	1128.7
1869.93	1141.34
1870.23	1130.85
1870.52	1126.84
1870.81	1133.69
1871.1	1103.17
1871.4	1122.41
1871.69	1111.79
1871.98	1120.89
1872.27	1107.15
1872.57	1118.47
1872.86	1127.54
1873.15	1113.28
1873.45	1117.61
1873.74	1141.26
1874.03	1122
1874.32	1151.77
1874.62	1126.27
1874.91	1117.27
1875.2	1115.91
1875.49	1086.81
1875.79	1139.56
1876.08	1110.24
1876.37	1114.08
1876.66	1128.5
1876.96	1089.41
1877.25	1120.3
1877.54	1132.21
1877.83	1129.02
1878.12	1117.17
1878.42	1132.98
1878.71	1107.45
1879	1114.75
1879.29	1123.98
1879.59	1116.38
1879.88	1122.13
1880.17	1115.19
1880.46	1102.42
1880.75	1119.53
1881.05	1120.7
1881.34	1130.15
1881.63	1125.8
1881.92	1121.58
1882.21	1115.6
1882.51	1106.16
1882.8	1113.76
1883.09	1126.13
1883.38	1118.6
1883.67	1105.99
1883.97	1102.69
1884.26	1129.07
1884.55	1112.39
1884.84	1114.35
1885.13	1101.92
1885.43	1103.9
1885.72	1113.8
1886.01	1105.68
1886.3	1096.77
1886.59	1112.72
1886.89	1131.68
1887.18	1111.77
1887.47	1143.99
1887.76	1112.66
1888.05	1134.73
1888.35	1127.06
1888.64	1121.83
1888.93	1106
1889.22	1113.58
1889.51	1106.23
1889.8	1122.46
1890.1	1117.16
1890.39	1115.45
1890.68	1125.72
1890.97	1125.12
1891.26	1118.13
1891.55	1128.54
1891.84	1110.75
1892.14	1129.38
1892.43	1107.47
1892.72	1106.15
1893.01	1090.26
1893.3	1112.08
1893.59	1108.04
1893.88	1120.2
1894.18	1106.68
1894.47	1101.87
1894.76	1097.59
1895.05	1109.51
1895.34	1099.22
1895.63	1094.49
1895.92	1109.41
1896.22	1116.22
1896.51	1101.48
1896.8	1127.98
1897.09	1114.88
1897.38	1099.25
1897.67	1111.31
1897.96	1125.4
1898.25	1109.38
1898.55	1095.14
1898.84	1121.49
1899.13	1095.02
1899.42	1093.54
1899.71	1103.71
1900	1110.23
1900.29	1106.71
1900.58	1126.74
1900.87	1108.99
1901.16	1127.33
1901.46	1139.15
1901.75	1124.56
1902.04	1115.4
1902.33	1103.61
1902.62	1114.85
1902.91	1106.6
1903.2	1111.27
1903.49	1101.63
1903.78	1109.38
1904.07	1134.67
1904.36	1128.5
1904.65	1115.03
1904.95	1119.12
1905.24	1122.2
1905.53	1128.02
1905.82	1116.92
1906.11	1113.26
1906.4	1097.35
1906.69	1112.19
1906.98	1094.79
1907.27	1101.52
1907.56	1103.49
1907.85	1111.67
1908.14	1120.82
1908.43	1108.03
1908.72	1118.92
1909.01	1116.48
1909.3	1109.18
1909.6	1121.91
1909.89	1131.35
1910.18	1108.9
1910.47	1116.27
1910.76	1112.14
1911.05	1124.82
1911.34	1117.8
1911.63	1096.98
1911.92	1122.93
1912.21	1135.33
1912.5	1121.96
1912.79	1099.9
1913.08	1123.81
1913.37	1100.92
1913.66	1098.77
1913.95	1144.44
1914.24	1132.63
1914.53	1115.84
1914.82	1120.19
1915.11	1112.25
1915.4	1100.61
1915.69	1133.42
1915.98	1096.19
1916.27	1108.11
1916.56	1125.65
1916.85	1137.1
1917.14	1133.88
1917.43	1123.83
1917.72	1128.43
1918.01	1136.35
1918.3	1134.23
1918.59	1124.69
1918.88	1127.18
1919.17	1139.79
1919.46	1137.36
1919.75	1102.52
1920.04	1115.79
1920.33	1128.85
1920.62	1145.53
1920.91	1132.15
1921.2	1129.65
1921.49	1130.54
1921.78	1115.76
1922.07	1138.8
1922.36	1117.01
1922.65	1140.37
1922.94	1111.74
1923.23	1127.56
1923.52	1139.52
1923.81	1130.71
1924.1	1137.45
1924.39	1150.88
1924.68	1140.4
1924.97	1149.88
1925.26	1154.15
1925.55	1112.47
1925.84	1146.21
1926.13	1138.85
1926.42	1134.3
1926.71	1161.8
1927	1148.62
1927.29	1143.12
1927.57	1156.61
1927.86	1139.25
1928.15	1156.48
1928.44	1132.39
1928.73	1132.82
1929.02	1155.65
1929.31	1139.58
1929.6	1128.42
1929.89	1137.47
1930.18	1140.71
1930.47	1144.01
1930.76	1128.16
1931.05	1135.06
1931.34	1145.24
1931.62	1151.33
1931.91	1155.69
1932.2	1150.51
1932.49	1154.06
1932.78	1154.32
1933.07	1147.53
1933.36	1152.6
1933.65	1141.13
1933.94	1162.13
1934.23	1141.39
1934.52	1156.01
1934.81	1154.92
1935.09	1150.73
1935.38	1164.23
1935.67	1137.89
1935.96	1153.95
1936.25	1171.18
1936.54	1161.38
1936.83	1161.76
1937.12	1129.55
1937.41	1146.38
1937.69	1158.68
1937.98	1150.75
1938.27	1146.77
1938.56	1162.82
1938.85	1151.96
1939.14	1174.54
1939.43	1169.25
1939.72	1145.95
1940	1160.95
1940.29	1154.38
1940.58	1158.2
1940.87	1141.85
1941.16	1172.12
1941.45	1166.67
1941.74	1170.46
1942.02	1180.35
1942.31	1171.62
1942.6	1173.11
1942.89	1166.66
1943.18	1149.62
1943.47	1159.67
1943.76	1165.62
1944.04	1176.1
1944.33	1159.17
1944.62	1169.31
1944.91	1168.32
1945.2	1146.49
1945.49	1171.19
1945.77	1175.59
1946.06	1169.46
1946.35	1184.62
1946.64	1166.24
1946.93	1144.66
1947.22	1169.55
1947.51	1185.03
1947.79	1162.71
1948.08	1180.92
1948.37	1169.48
1948.66	1158.1
1948.95	1147.88
1949.23	1190.84
1949.52	1191.63
1949.81	1152.6
1950.1	1197.02
1950.39	1175.17
1950.68	1177.49
1950.96	1181.37
1951.25	1187.17
1951.54	1184.05
1951.83	1158.32
1952.12	1187.57
1952.4	1181.47
1952.69	1156.35
1952.98	1164.73
1953.27	1172.21
1953.56	1192.13
1953.84	1186.58
1954.13	1199.12
1954.42	1178.03
1954.71	1169.31
1954.99	1164.1
1955.28	1184.46
1955.57	1158.87
1955.86	1177.02
1956.15	1178.22
1956.43	1194.16
1956.72	1194.08
1957.01	1202.11
1957.3	1173.72
1957.59	1185.98
1957.87	1170.62
1958.16	1172.75
1958.45	1182.11
1958.74	1170.79
1959.02	1186.12
1959.31	1183.17
1959.6	1164.84
1959.89	1176.04
1960.17	1181.24
1960.46	1192.79
1960.75	1181.64
1961.04	1190.4
1961.32	1168.75
1961.61	1191.22
1961.9	1197.53
1962.19	1181.89
1962.47	1182.92
1962.76	1176.75
1963.05	1183.73
1963.34	1183.03
1963.62	1167.05
1963.91	1177.13
1964.2	1189.99
1964.48	1204.45
1964.77	1169.41
1965.06	1181.4
1965.35	1182.28
1965.63	1183.18
1965.92	1212.45
1966.21	1170.55
1966.5	1195.9
1966.78	1188.65
1967.07	1183.79
1967.36	1191.84
1967.64	1176.74
1967.93	1195.51
1968.22	1176.49
1968.5	1190.72
1968.79	1197.37
1969.08	1205.47
1969.37	1205.35
1969.65	1200.27
1969.94	1173.72
1970.23	1177.84
1970.51	1184.4
1970.8	1183.76
1971.09	1210.93
1971.37	1194.04
1971.66	1195.41
1971.95	1165.21
1972.24	1164.39
1972.52	1174.64
1972.81	1181.58
1973.1	1169.86
1973.38	1152.86
1973.67	1175.63
1973.96	1171.24
1974.24	1177.98
1974.53	1198.52
1974.82	1196.08
1975.1	1195.57
1975.39	1182.01
1975.68	1185.83
1975.96	1196.32
1976.25	1185.41
1976.54	1182.36
1976.82	1193.76
1977.11	1185.97
1977.4	1178.24
1977.68	1176.85
1977.97	1184.2
1978.26	1168.07
1978.54	1164.96
1978.83	1174.88
1979.11	1180.18
1979.4	1195.17
1979.69	1171.63
1979.97	1173.42
1980.26	1183.01
1980.55	1172.88
1980.83	1196.98
1981.12	1176.09
1981.4	1182.07
1981.69	1166.53
1981.98	1168.42
1982.26	1178.09
1982.55	1173.83
1982.84	1176.84
1983.12	1177.34
1983.41	1178.67
1983.69	1178.35
1983.98	1162.26
1984.27	1171.02
1984.55	1173.71
1984.84	1159.94
1985.13	1161.56
1985.41	1155.79
1985.7	1176.12
1985.98	1150.24
1986.27	1153.22
1986.56	1161.53
1986.84	1176.18
1987.13	1169.19
1987.41	1170.66
1987.7	1144.92
1987.99	1168.15
1988.27	1155.74
1988.56	1173.53
1988.84	1169.88
1989.13	1169.52
1989.41	1150.27
1989.7	1191.17
1989.99	1153.56
1990.27	1167.38
1990.56	1160.78
1990.84	1170.66
1991.13	1158.54
1991.42	1162.41
1991.7	1163.85
1991.99	1159.2
1992.27	1161.7
1992.56	1141.67
1992.84	1173.61
1993.13	1161.62
1993.42	1156.56
1993.7	1163.55
1993.99	1167.14
1994.27	1156.62
1994.56	1135.93
1994.84	1161.05
1995.13	1160.58
1995.41	1154.73
1995.7	1146.28
1995.98	1141.71
1996.27	1138.3
1996.56	1159.38
1996.84	1149.92
1997.13	1155.43
1997.41	1140.56
1997.7	1145.82
1997.98	1144.28
1998.27	1141.49
1998.55	1150.34
1998.84	1160.15
1999.12	1137.75
1999.41	1153.93
1999.69	1136.44
1999.98	1122.04
1999.99	1112
