1200.11	547.226
1200.43	545.815
1200.76	553.587
1201.08	550.389
1201.4	553.885
1201.73	547.38
1202.05	554.69
1202.37	544.628
1202.7	544.996
1203.02	552.583
1203.34	555.907
1203.67	549.313
1203.99	556.757
1204.32	567.605
1204.64	558.702
1204.96	560.521
1205.29	552.178
1205.61	540.22
1205.93	558.104
1206.26	567.612
1206.58	558.247
1206.9	560.349
1207.23	550.888
1207.55	550.746
1207.87	557.59
1208.2	556.859
1208.52	555.26
1208.84	563.279
1209.16	557.007
1209.49	557.788
1209.81	553.703
1210.13	562.755
1210.46	551.11
1210.78	542.776
1211.1	553.838
1211.42	566.064
1211.75	567.039
1212.07	560.293
1212.39	565.424
1212.72	549.015
1213.04	558.543
1213.36	562.601
1213.69	552.397
1214.01	562.991
1214.33	561.704
1214.65	562.667
1214.98	559.077
1215.3	552.333
1215.62	552.875
1215.95	566.016
1216.27	556.926
1216.59	556.759
1216.91	561.672
1217.24	561.139
1217.56	564.667
1217.88	560.276
1218.2	565.333
1218.53	555.605
1218.85	563.634
1219.17	561.79
1219.5	552.409
1219.82	559.36
1220.14	558.492
1220.46	571.469
1220.78	580.185
1221.11	566.424
1221.43	556.232
1221.75	574.447
1222.07	557.965
1222.4	563.539
1222.72	567.529
1223.04	562.085
1223.36	570.388
1223.69	575.353
1224.01	570.423
1224.33	561.312
1224.65	575.746
1224.97	578.486
1225.3	578.139
1225.62	572.651
1225.94	572.92
1226.26	571.9
1226.58	572.343
1226.91	581.777
1227.23	576.162
1227.55	567.204
1227.87	571.896
1228.2	575.353
1228.52	574.159
1228.84	574.175
1229.16	565.394
1229.48	576.017
1229.81	567.68
1230.13	575.124
1230.45	568.729
1230.77	567.854
1231.09	572.447
1231.41	568.846
1231.74	566.782
1232.06	565.429
1232.38	571.682
1232.7	570.761
1233.02	577.346
1233.35	567.031
1233.67	558.218
1233.99	563.252
1234.31	561.301
1234.63	577.108
1234.95	577.531
1235.28	563.866
1235.6	588.066
1235.92	577.295
1236.24	571.631
1236.56	562.636
1236.88	563.514
1237.2	581.188
1237.53	576.906
1237.85	559.943
1238.17	563.642
1238.49	577.214
1238.81	573.652
1239.13	573.629
1239.46	570.126
1239.78	573.854
1240.1	588.733
1240.42	574.256
1240.74	571.177
1241.06	582.867
1241.38	569.457
1241.7	572.91
1242.03	563.938
1242.35	581.319
1242.67	578.603
1242.99	572.076
1243.31	574.923
1243.63	575.039
1243.95	586.97
1244.27	570.298
1244.59	570.794
1244.92	570.95
1245.24	580.388
1245.56	576.065
1245.88	578.035
1246.2	566.443
1246.52	576.549
1246.84	580.445
1247.16	569.811
1247.48	578.872
1247.8	566.756
1248.12	582.941
1248.45	571.038
1248.77	575.103
1249.09	573.069
1249.41	579.618
1249.73	568.227
1250.05	574.027
1250.37	565.093
1250.69	570.329
1251.01	574.65
1251.33	568.547
1251.65	572.318
1251.97	571.181
1252.29	577.298
1252.61	572.59
1252.93	574.04
1253.26	562.425
1253.57	580.975
1253.9	576.744
1254.22	573.361
1254.54	583.441
1254.86	569.171
1255.18	575.356
1255.5	575.739
1255.82	585.902
1256.14	580.038
1256.46	583.426
1256.78	580.007
1257.1	567.814
1257.42	574.469
1257.74	567.2
1258.06	577.937
1258.38	580.756
1258.7	577.598
1259.02	577.908
1259.34	573.563
1259.66	574.576
1259.98	577.87
1260.3	561.681
1260.62	579.058
1260.94	577.095
1261.26	578.111
1261.58	575.445
1261.9	568.933
1262.22	567.616
1262.54	559.334
1262.86	572.984
1263.18	567.72
1263.5	570.19
1263.82	563.666
1264.14	568.72
1264.46	580.57
1264.78	573.666
1265.1	566.692
1265.42	568.123
1265.74	561.124
1266.06	563.335
1266.38	564.535
1266.7	575.411
1267.02	576.247
1267.34	576.33
1267.66	567.681
1267.98	576.81
1268.3	571.095
1268.62	559.523
1268.94	570.398
1269.26	574.465
1269.58	569.391
1269.9	572.936
1270.22	572.236
1270.54	573.07
1270.85	578.703
1271.17	580.25
1271.49	576.88
1271.81	570.99
1272.13	576.841
1272.45	572.583
1272.77	570.581
1273.09	579.18
1273.41	583.649
1273.73	578.393
1274.05	577.585
1274.37	587.333
1274.69	574.49
1275.01	579.88
1275.33	582.768
1275.64	569.051
1275.96	571.186
1276.28	581.792
1276.6	566.88
1276.92	577.516
1277.24	571.627
1277.56	589.744
1277.88	577.377
1278.2	577.427
1278.52	584.465
1278.84	579.233
1279.15	562.38
1279.47	577.302
1279.79	585.735
1280.11	574.826
1280.43	579.83
1280.75	572.371
1281.07	593.862
1281.39	585.339
1281.71	579.26
1282.03	573.724
1282.34	583.503
1282.66	576.94
1282.98	582.625
1283.3	578.19
1283.62	584.171
1283.94	578.057
1284.26	589.006
1284.57	585.487
1284.89	592.13
1285.21	590.194
1285.53	584.455
1285.85	573.248
1286.17	579.671
1286.49	580.787
1286.81	584.093
1287.12	584.548
1287.44	578.846
1287.76	584.077
1288.08	584.401
1288.4	584.534
1288.72	592.062
1289.03	593.159
1289.35	588.534
1289.67	599.746
1289.99	588.979
1290.31	589.509
1290.63	587.695
1290.94	589.935
1291.26	594.861
1291.58	579.943
1291.9	587.864
1292.22	583.843
1292.54	587.124
1292.85	590.984
1293.17	596.113
1293.49	588.432
1293.81	588.31
1294.13	592.201
1294.44	588.648
1294.76	586.187
1295.08	598.362
1295.4	588.136
1295.72	584.996
1296.03	591.204
1296.35	590.727
1296.67	602.405
1296.99	588.252
1297.31	594.136
1297.62	592.881
1297.94	605.123
1298.26	598.647
1298.58	598.177
1298.9	604.723
1299.21	601.066
1299.53	597.563
1299.85	608.908
1300.17	595.365
1300.48	603.135
1300.8	611.581
1301.12	601.123
1301.44	598.301
1301.76	599.595
1302.07	604.431
1302.39	603.245
1302.71	610.311
1303.03	606.778
1303.34	604.949
1303.66	600.568
1303.98	595.29
1304.3	607.695
1304.61	607.52
1304.93	616.958
1305.25	621.61
1305.57	612.443
1305.88	609.152
1306.2	624.49
1306.52	617.822
1306.84	613.728
1307.15	605.897
1307.47	613.344
1307.79	615.196
1308.1	614.97
1308.42	612.787
1308.74	615.103
1309.06	605.32
1309.37	612.226
1309.69	611.214
1310.01	623.569
1310.33	624.836
1310.64	618.72
1310.96	623.654
1311.28	632.597
1311.59	628.354
1311.91	626.739
1312.23	627.68
1312.54	616.246
1312.86	624.94
1313.18	633.896
1313.5	642.647
1313.81	643.648
1314.13	636.363
1314.45	626.061
1314.76	624.479
1315.08	631.359
1315.4	635.336
1315.71	647.62
1316.03	643.955
1316.35	636.79
1316.66	653.523
1316.98	652.244
1317.3	652.158
1317.61	670.997
1317.93	655.753
1318.25	642.177
1318.56	656.218
1318.88	646.351
1319.2	662.382
1319.51	664.332
1319.83	659.934
1320.15	672.537
1320.46	671.943
1320.78	660.468
1321.1	690.736
1321.41	674.485
1321.73	693.497
1322.05	702.119
1322.36	698.726
1322.68	685.291
1323	721.066
1323.31	726.473
1323.63	729.544
1323.94	755.937
1324.26	744.432
1324.58	770.613
1324.89	742.309
1325.21	783.114
1325.53	792.003
1325.84	805.936
1326.16	825.647
1326.47	847.502
1326.79	869.866
1327.11	893.616
1327.42	914.502
1327.74	950.437
1328.06	985.789
1328.37	991.572
1328.69	1047.63
1329	1100.94
1329.32	1144.71
1329.64	1224.13
1329.95	1276.64
1330.27	1332.92
1330.58	1421.84
1330.9	1505.01
1331.22	1591.53
1331.53	1671.64
1331.85	1836.91
1332.16	1945.15
1332.48	2072.82
1332.79	2230.2
1333.11	2394.61
1333.43	2558.54
1333.74	2761.04
1334.06	2944.5
1334.37	3169.63
1334.69	3409.12
1335	3574.73
1335.32	3781.06
1335.63	3992.6
1335.95	4097.53
1336.27	4173.46
1336.58	4230.5
1336.9	4158.14
1337.21	4031.62
1337.53	3879.78
1337.85	3671.07
1338.16	3441.66
1338.48	3200.34
1338.79	2987.19
1339.11	2798.32
1339.42	2617.38
1339.74	2434.95
1340.05	2272.86
1340.37	2117.92
1340.68	1981.33
1341	1870.52
1341.31	1766.31
1341.63	1670.01
1341.94	1556.13
1342.26	1470.28
1342.58	1376.21
1342.89	1306.15
1343.21	1253.34
1343.52	1178.37
1343.83	1129.2
1344.15	1080.52
1344.47	1040.49
1344.78	991.323
1345.1	956.978
1345.41	919.189
1345.73	893.643
1346.04	883.568
1346.36	870.092
1346.67	839.01
1346.99	828.151
1347.3	813.227
1347.62	800.199
1347.93	785.288
1348.25	765.001
1348.56	754.181
1348.88	741.997
1349.19	735.81
1349.5	753.588
1349.82	738.572
1350.13	726.56
1350.45	725.585
1350.76	723.842
1351.08	716.044
1351.39	708.144
1351.71	701.787
1352.02	718.39
1352.34	686.017
1352.65	686.712
1352.97	685.737
1353.28	698.777
1353.6	692.637
1353.91	695.365
1354.22	682.251
1354.54	680.841
1354.85	687.477
1355.17	692.851
1355.48	699.844
1355.8	679.786
1356.11	682.346
1356.43	679.334
1356.74	662.15
1357.06	658.404
1357.37	667.889
1357.68	663.551
1358	672.573
1358.31	664.314
1358.63	662.89
1358.94	661.409
1359.26	679.271
1359.57	667.316
1359.88	659.966
1360.2	677.935
1360.51	659.532
1360.83	673.974
1361.14	672.616
1361.45	672.461
1361.77	672.107
1362.08	672.981
1362.4	667.403
1362.71	659.049
1363.02	664.484
1363.34	661.067
1363.65	670.061
1363.97	662.383
1364.28	666.762
1364.59	660.103
1364.91	661.194
1365.22	684.668
1365.54	670.729
1365.85	668.547
1366.16	659.018
1366.48	662.841
1366.79	669.755
1367.11	648.3
1367.42	657.88
1367.73	646.939
1368.05	652.567
1368.36	669.652
1368.67	653.019
1368.99	664.575
1369.3	654.287
1369.61	652.287
1369.93	661.127
1370.24	664.755
1370.55	665.556
1370.87	659.637
1371.18	648.004
1371.5	652.669
1371.81	662.671
1372.12	645.386
1372.17	643.807
1372.48	653.575
1372.8	653.074
1373.12	647.479
1373.43	659.213
1373.75	660.224
1374.06	667.626
1374.38	655.458
1374.69	659.589
1375.01	648.209
1375.32	661.073
1375.64	658.182
1375.96	680.754
1376.27	654.889
1376.59	663.484
1376.9	666.473
1377.22	643.356
1377.53	651.473
1377.85	653.832
1378.16	648.34
1378.48	664.731
1378.79	657.218
1379.11	662.247
1379.42	646.221
1379.74	662.215
1380.05	657.078
1380.37	656.443
1380.69	657.184
1381	662.948
1381.32	657.496
1381.63	653.318
1381.94	667.464
1382.26	666.183
1382.58	666.836
1382.89	651.462
1383.21	659.31
1383.52	653.075
1383.84	661.612
1384.15	663.7
1384.47	655.438
1384.78	661.029
1385.1	648.577
1385.41	659.819
1385.73	658.873
1386.04	655.709
1386.35	651.814
1386.67	649.966
1386.99	668.151
1387.3	650.853
1387.61	660.068
1387.93	642.816
1388.24	664.337
1388.56	674.171
1388.87	674.621
1389.19	681.621
1389.5	663.51
1389.82	652.328
1390.13	658.263
1390.45	654.901
1390.76	666.754
1391.08	658.212
1391.39	646.835
1391.71	655.919
1392.02	659.488
1392.33	653.742
1392.65	667.122
1392.96	675.893
1393.28	661.602
1393.59	651.76
1393.91	671.45
1394.22	669.702
1394.54	662.533
1394.85	646.826
1395.16	641.833
1395.48	650.109
1395.79	653.921
1396.11	652.427
1396.42	653.793
1396.73	666.805
1397.05	655.559
1397.36	658.464
1397.68	646.14
1397.99	654.567
1398.31	662.729
1398.62	655.447
1398.94	665.038
1399.25	663.283
1399.56	660.552
1399.88	654.577
1400.19	669.148
1400.5	675.896
1400.82	653.73
1401.13	661.88
1401.45	652.473
1401.76	660.051
1402.08	666.643
1402.39	670.683
1402.7	654.268
1403.02	651.216
1403.33	652.102
1403.65	646.551
1403.96	657.471
1404.27	661.882
1404.59	661.851
1404.9	662.038
1405.21	677.434
1405.53	667.297
1405.84	667.378
1406.15	664.487
1406.47	684.061
1406.78	656.096
1407.09	660.898
1407.41	655.693
1407.72	664.439
1408.04	670.305
1408.35	680.7
1408.66	662.433
1408.98	663.512
1409.29	676.685
1409.6	671.064
1409.92	674.054
1410.23	668.698
1410.54	661.424
1410.86	669.799
1411.17	659.277
1411.48	667.167
1411.8	674.575
1412.11	667.36
1412.43	667.51
1412.74	673.801
1413.05	669.007
1413.36	670.414
1413.68	659.812
1413.99	668.115
1414.3	662.828
1414.62	671.062
1414.93	682.954
1415.24	666.152
1415.56	661.288
1415.87	672.43
1416.18	679.053
1416.5	690.061
1416.81	684.717
1417.12	686.67
1417.44	682.01
1417.75	668.148
1418.06	670.783
1418.37	689.526
1418.69	675.782
1419	672.041
1419.31	688.204
1419.63	681.901
1419.94	681.033
1420.25	681.881
1420.56	687.929
1420.88	683.076
1421.19	669.558
1421.5	682.392
1421.82	664.345
1422.13	667.649
1422.44	673.521
1422.76	675.654
1423.07	674.986
1423.38	680.31
1423.69	688.908
1424.01	674.958
1424.32	673.852
1424.63	687.41
1424.94	687.981
1425.26	671.221
1425.57	681.992
1425.88	694.809
1426.19	689.792
1426.51	702.483
1426.82	685.786
1427.13	680.123
1427.44	680.923
1427.76	688.47
1428.07	683.192
1428.38	698.624
1428.69	680.709
1429.01	692.951
1429.32	686.808
1429.63	691.151
1429.94	693.532
1430.25	688.277
1430.57	690.512
1430.88	669.88
1431.19	674.794
1431.5	683.719
1431.82	705.068
1432.13	702.08
1432.44	687.962
1432.75	683.391
1433.06	689.065
1433.38	705.639
1433.69	698.293
1434	691.883
1434.31	704.116
1434.62	686.166
1434.94	702.06
1435.25	679.283
1435.56	710.609
1435.87	705.557
1436.18	716.36
1436.5	713.55
1436.81	687.734
1437.12	704.008
1437.43	691.185
1437.74	706.999
1438.06	703.773
1438.37	707.983
1438.68	695.756
1438.99	706.041
1439.3	700.809
1439.61	689.727
1439.93	713.983
1440.24	710.641
1440.55	704.341
1440.86	701.386
1441.17	699.653
1441.48	711.872
1441.8	716.948
1442.11	704.93
1442.42	691.144
1442.73	695.057
1443.04	708.122
1443.35	693.646
1443.67	687.015
1443.98	692.011
1444.29	704.723
1444.6	694.812
1444.91	696.484
1445.22	701.88
1445.53	695.235
1445.85	697.922
1446.16	702.235
1446.47	698.427
1446.78	705.118
1447.09	729.849
1447.4	715.142
1447.71	702.829
1448.02	705.364
1448.33	720.756
1448.65	715.186
1448.96	723.339
1449.27	716.547
1449.58	718.886
1449.89	713.291
1450.2	710.758
1450.51	711.972
1450.82	710.886
1451.14	716.413
1451.45	723.69
1451.76	715.718
1452.07	723.545
1452.38	728.007
1452.69	727.486
1453	724.485
1453.31	719.031
1453.62	707.407
1453.93	715.365
1454.25	719.776
1454.56	722.251
1454.87	711.632
1455.18	709.906
1455.49	723.036
1455.8	722.652
1456.11	726.262
1456.42	720.673
1456.73	715.173
1457.04	714.371
1457.35	716.705
1457.66	711.693
1457.97	716.183
1458.28	725.976
1458.59	722.251
1458.9	731.415
1459.22	730.835
1459.53	713.128
1459.84	723.047
1460.15	725.797
1460.46	726.066
1460.77	723.993
1461.08	720.785
1461.39	715.279
1461.7	714.197
1462.01	715.956
1462.32	721.279
1462.63	714.159
1462.94	724.042
1463.25	733.663
1463.56	742.167
1463.87	744.607
1464.18	725.909
1464.49	722.939
1464.8	724.584
1465.11	715.867
1465.42	727.552
1465.73	727.356
1466.04	718.387
1466.35	714.99
1466.66	728.488
1466.97	723.415
1467.28	715.529
1467.59	723.869
1467.9	722.101
1468.21	731.003
1468.52	739.455
1468.83	730.394
1469.14	734.158
1469.45	726.686
1469.76	728.908
1470.07	739.314
1470.38	730.028
1470.69	730.71
1471	727.767
1471.31	718.457
1471.62	711.333
1471.93	725.246
1472.24	733.427
1472.55	735.908
1472.86	722.352
1473.17	732.151
1473.48	723.695
1473.79	715.436
1474.1	719.358
1474.41	720.771
1474.72	734.331
1475.03	716.511
1475.34	719.482
1475.65	725.644
1475.96	728.747
1476.27	713.306
1476.58	712.924
1476.89	712.872
1477.2	723.262
1477.51	734.851
1477.82	724.359
1478.13	726.799
1478.44	715.25
1478.74	705.847
1479.05	720.106
1479.36	721.833
1479.67	724.119
1479.98	724.474
1480.29	720.657
1480.6	721.992
1480.91	729.577
1481.22	722.133
1481.53	728.895
1481.84	742.373
1482.15	709.23
1482.46	743.742
1482.77	744.246
1483.07	726.12
1483.38	729.209
1483.69	725.567
1484	720.982
1484.31	721.661
1484.62	719.869
1484.93	722.602
1485.24	727.853
1485.55	719.587
1485.86	716.85
1486.17	717.971
1486.47	709.956
1486.78	710.65
1487.09	721.568
1487.4	717.954
1487.71	712.474
1488.02	719.012
1488.33	719.372
1488.64	712.865
1488.94	707.983
1489.25	726.57
1489.56	729.092
1489.87	713.284
1490.18	712.707
1490.49	723.514
1490.8	716.907
1491.11	712.353
1491.41	715.94
1491.72	714.045
1492.03	712.033
1492.34	722.416
1492.65	718.266
1492.96	702.75
1493.27	704.449
1493.57	719.57
1493.88	726.194
1494.19	707.391
1494.5	722.823
1494.81	718.29
1495.12	716.979
1495.43	709.098
1495.73	711.674
1496.04	705.245
1496.35	720.016
1496.66	708.723
1496.97	720.242
1497.28	712.387
1497.58	703.832
1497.89	704.282
1498.2	721.76
1498.51	715.891
1498.82	699.178
1499.13	717.576
1499.43	718.535
1499.74	712.714
1500.05	709.94
1500.36	713.752
1500.67	720.092
1500.97	711.728
1501.28	710.776
1501.59	702.115
1501.9	694.887
1502.21	714.528
1502.51	722.695
1502.82	704.768
1503.13	694.876
1503.44	700.813
1503.74	708.337
1504.05	711.331
1504.36	707.387
1504.67	712.788
1504.98	702.025
1505.29	696.541
1505.59	703.261
1505.9	714.657
1506.21	698.758
1506.52	699.098
1506.82	712.437
1507.13	713.051
1507.44	700.121
1507.75	704.393
1508.06	697.571
1508.36	696.935
1508.67	702.657
1508.98	694.329
1509.29	696.486
1509.59	700.044
1509.9	708.324
1510.21	702.274
1510.52	701.803
1510.82	703.492
1511.13	695.822
1511.44	693.917
1511.75	699.237
1512.05	707.24
1512.36	685.141
1512.67	687.509
1512.98	702.313
1513.28	701.305
1513.59	696.614
1513.9	690.564
1514.2	695.412
1514.51	691.897
1514.82	686.222
1515.13	695.856
1515.43	697.314
1515.74	709.375
1516.05	684.058
1516.35	690.361
1516.66	683.279
1516.97	685.366
1517.28	690.634
1517.58	683.183
1517.89	693.427
1518.2	696.494
1518.51	684.58
1518.81	686.896
1519.12	693.415
1519.43	679.401
1519.73	691.306
1520.04	685.213
1520.35	689.444
1520.65	688.019
1520.96	680.675
1521.27	680.748
1521.57	692.94
1521.88	690.323
1522.19	687.852
1522.5	684.859
1522.8	706.563
1523.11	699.507
1523.41	709.021
1523.72	687.662
1524.03	715.788
1524.34	694.921
1524.64	691.113
1524.95	689.453
1525.26	692.336
1525.56	686.694
1525.87	690.281
1526.17	682.648
1526.48	699.377
1526.79	698.116
1527.1	693.252
1527.4	704.107
1527.71	683.135
1528.02	683.801
1528.32	684.967
1528.63	671.631
1528.93	695.33
1529.24	696.924
1529.55	695.683
1529.85	703.129
1530.16	684.827
1530.47	700.539
1530.77	686.852
1531.08	682.481
1531.38	677.059
1531.69	680.58
1532	684.684
1532.3	683.715
1532.61	679.946
1532.92	679.206
1533.22	682.951
1533.53	701.492
1533.84	694.078
1534.14	688.878
1534.45	667.355
1534.75	691.353
1535.06	689.867
1535.37	680.356
1535.67	670.605
1535.98	678.084
1536.28	684.691
1536.59	673.288
1536.9	697.214
1537.2	692.528
1537.51	694.518
1537.81	703.213
1538.12	689.357
1538.42	686.726
1538.73	711.499
1539.04	691.501
1539.34	673.398
1539.65	688.484
1539.95	690.924
1540.26	684.351
1540.56	690.469
1540.67	692.638
1540.98	690.406
1541.29	691.766
1541.59	683.1
1541.9	685.298
1542.21	699.287
1542.52	671.644
1542.82	724.102
1543.13	704.459
1543.44	693.412
1543.75	679.636
1544.05	683.835
1544.36	698.714
1544.67	708.858
1544.98	699.16
1545.29	688.7
1545.59	687.307
1545.9	695.799
1546.21	701.503
1546.52	681.793
1546.82	693.709
1547.13	697.818
1547.44	699.385
1547.75	704.955
1548.05	694.708
1548.36	697.174
1548.67	698.852
1548.98	690.809
1549.28	684.364
1549.59	680.876
1549.9	693.656
1550.2	689.813
1550.51	702.558
1550.82	699.986
1551.13	692.445
1551.43	695.885
1551.74	707.34
1552.05	706.929
1552.36	688.126
1552.66	694.366
1552.97	721.196
1553.28	709.007
1553.59	715.469
1553.89	704.418
1554.2	707.529
1554.51	690.458
1554.81	694.476
1555.12	703.356
1555.43	697.127
1555.73	704.107
1556.04	704.767
1556.35	697.978
1556.65	710.207
1556.96	696.345
1557.27	704.221
1557.58	701.724
1557.88	698.492
1558.19	704.29
1558.5	700.626
1558.8	709.09
1559.11	706.823
1559.42	702.333
1559.72	702.52
1560.03	699.59
1560.34	692.642
1560.64	692.667
1560.95	694.837
1561.26	692.055
1561.56	712.586
1561.87	707.401
1562.18	706.302
1562.48	700.977
1562.79	703.229
1563.1	713.894
1563.4	706.712
1563.71	712.341
1564.02	724.217
1564.32	712.312
1564.63	714.517
1564.93	707.474
1565.24	711.73
1565.55	700.441
1565.85	718.316
1566.16	706.033
1566.47	702.667
1566.77	703.377
1567.08	714.645
1567.39	700.584
1567.69	699.17
1568	706.343
1568.31	706.78
1568.61	707.359
1568.92	713.248
1569.22	711.591
1569.53	711.228
1569.84	718.05
1570.14	716.442
1570.45	711.813
1570.75	718.53
1571.06	729.534
1571.37	712.479
1571.67	719.468
1571.98	713.898
1572.29	712.166
1572.59	725.851
1572.9	726.249
1573.2	721
1573.51	708.582
1573.81	713.993
1574.12	730.876
1574.43	708.756
1574.73	718.984
1575.04	710.288
1575.34	721.139
1575.65	716.373
1575.96	713.644
1576.26	728.092
1576.57	723.775
1576.87	717.765
1577.18	718.329
1577.48	730.207
1577.79	721.652
1578.1	722.575
1578.4	729.997
1578.71	723.554
1579.01	723.044
1579.32	715.858
1579.63	722.343
1579.93	728.323
1580.24	736.264
1580.54	717.065
1580.85	719.614
1581.15	722.601
1581.46	715.029
1581.76	714.787
1582.07	726.326
1582.37	714.751
1582.68	709.502
1582.99	729.802
1583.29	715.57
1583.6	717.984
1583.9	718.827
1584.21	701.883
1584.51	726.239
1584.82	724.031
1585.12	720.261
1585.43	725.318
1585.73	711.91
1586.04	705.373
1586.34	723.045
1586.65	718.032
1586.95	724.623
1587.26	719.857
1587.56	727.068
1587.87	727.967
1588.17	712.779
1588.48	715.337
1588.78	714.602
1589.09	716.241
1589.39	718.48
1589.7	706.751
1590.01	718.561
1590.31	724.175
1590.61	725.443
1590.92	711.815
1591.22	729.032
1591.53	738.21
1591.83	710.878
1592.14	725.484
1592.44	734.972
1592.75	719.199
1593.05	724.946
1593.36	723.542
1593.66	728.222
1593.97	729.325
1594.27	718.882
1594.58	708.946
1594.88	724.738
1595.19	730.646
1595.49	718.324
1595.8	713.167
1596.1	725.072
1596.41	727.058
1596.71	718.797
1597.01	720.212
1597.32	722.885
1597.62	725.753
1597.93	712.671
1598.23	725.285
1598.54	707.916
1598.84	707.035
1599.15	706.291
1599.45	705.258
1599.75	721.341
1600.06	707.139
1600.36	714.29
1600.67	727.004
1600.97	714.464
1601.28	730.747
1601.58	736.486
1601.89	726.169
1602.19	720.859
1602.49	711.427
1602.8	712.649
1603.1	727.229
1603.41	712.982
1603.71	718.2
1604.01	707.426
1604.32	714.667
1604.62	728.844
1604.93	719.273
1605.23	710.992
1605.54	732.127
1605.84	709.562
1606.14	729.469
1606.45	709.535
1606.75	711.275
1607.06	725.023
1607.36	725.285
1607.66	707.136
1607.97	714.412
1608.27	714.307
1608.57	717.355
1608.88	708.651
1609.18	709.968
1609.49	717.223
1609.79	708.758
1610.1	714.045
1610.4	710.232
1610.7	706.555
1611	697.635
1611.31	698.887
1611.61	707.648
1611.92	718.646
1612.22	721.908
1612.53	702.865
1612.83	702.853
1613.13	705.345
1613.43	713.371
1613.74	710.531
1614.04	701.047
1614.35	698.567
1614.65	712.881
1614.95	716.914
1615.26	720.626
1615.56	716.366
1615.86	700.606
1616.17	697.382
1616.47	695.001
1616.77	709.841
1617.08	711.352
1617.38	697.745
1617.68	695.242
1617.99	700.044
1618.29	717.356
1618.59	712.162
1618.9	714.151
1619.2	713.333
1619.5	697.382
1619.81	698.514
1620.11	707.321
1620.41	698.831
1620.72	709.091
1621.02	713.341
1621.32	714.653
1621.63	717.858
1621.93	730.26
1622.23	701.922
1622.54	710.412
1622.84	714.575
1623.14	713.25
1623.44	709.09
1623.75	701.803
1624.05	698.369
1624.35	696.74
1624.66	700.339
1624.96	698.306
1625.26	700.197
1625.56	702.112
1625.87	698.756
1626.17	691.786
1626.47	697.587
1626.78	699.788
1627.08	708.478
1627.38	711.258
1627.68	701.161
1627.99	687.522
1628.29	693.583
1628.59	693.258
1628.9	686.199
1629.2	721.585
1629.5	702.416
1629.8	682.778
1630.11	691.514
1630.41	717.322
1630.71	693.245
1631.01	702.284
1631.32	710.138
1631.62	694.527
1631.92	677.763
1632.22	700.711
1632.53	695.82
1632.83	684.673
1633.13	694.049
1633.43	703.685
1633.74	700.124
1634.04	713.662
1634.34	700.471
1634.64	684.341
1634.95	695.563
1635.25	710.372
1635.55	702.562
1635.85	706.964
1636.16	693.322
1636.46	699.261
1636.76	705.194
1637.06	696.475
1637.36	700.364
1637.67	697.909
1637.97	692.909
1638.27	690.165
1638.57	693.229
1638.88	692.903
1639.18	699.845
1639.48	687.718
1639.78	701.007
1640.08	682.477
1640.39	687.561
1640.69	696.972
1640.99	697.282
1641.29	695.224
1641.59	679.869
1641.9	683.791
1642.2	699.414
1642.5	689.548
1642.8	702.087
1643.1	697.015
1643.4	685.588
1643.71	692.544
1644.01	686.599
1644.31	693.742
1644.61	691.9
1644.91	701.247
1645.21	697.338
1645.52	691.216
1645.82	678.323
1646.12	700.987
1646.42	701.114
1646.72	706.53
1647.03	694.62
1647.33	692.57
1647.63	689.132
1647.93	686.081
1648.23	694.746
1648.53	693.165
1648.83	689.757
1649.14	698.575
1649.44	699.559
1649.74	690.102
1650.04	692.759
1650.34	688.456
1650.64	684.295
1650.95	690.228
1651.25	692.463
1651.55	684.68
1651.85	681.627
1652.15	705.38
1652.45	684.775
1652.75	688.135
1653.05	707.18
1653.36	688.879
1653.66	682.636
1653.96	697.808
1654.26	695.173
1654.56	675.661
1654.86	694.037
1655.16	698.458
1655.46	697.582
1655.77	693.878
1656.07	694.724
1656.37	697.351
1656.67	697.14
1656.97	692.625
1657.27	692.617
1657.57	684.815
1657.87	691.982
1658.17	706.544
1658.47	706.614
1658.77	695.246
1659.08	694.662
1659.38	697.594
1659.68	685.388
1659.98	686.296
1660.28	687.412
1660.58	684.772
1660.88	707.336
1661.18	699.092
1661.48	687.757
1661.78	685.362
1662.08	684.989
1662.39	693.964
1662.69	701.067
1662.99	708.439
1663.29	695.136
1663.59	698.082
1663.89	701.767
1664.19	706.778
1664.49	686.479
1664.79	686.795
1665.09	685.259
1665.39	693.711
1665.69	701.222
1665.99	701.289
1666.29	684.149
1666.59	686.542
1666.89	687.196
1667.2	710.269
1667.49	700.578
1667.79	705.444
1668.1	705.049
1668.4	685.011
1668.7	691.794
1669	699.812
1669.3	690.831
1669.6	698.629
1669.9	705.697
1670.2	687.914
1670.5	693.54
1670.8	694.478
1671.1	688.505
1671.4	694.023
1671.7	698.827
1672	711.694
1672.3	696.115
1672.6	685.454
1672.9	683.284
1673.2	689.527
1673.5	700.687
1673.8	702.882
1674.1	705.848
1674.4	712.79
1674.7	702.873
1675	692.913
1675.3	696.045
1675.6	694.566
1675.9	700.498
1676.2	704.2
1676.5	688.468
1676.8	702.555
1677.1	689.395
1677.4	702.313
1677.7	695.356
1678	698.081
1678.3	696.904
1678.6	692.448
1678.9	708.438
1679.2	695.408
1679.5	678.931
1679.8	706.779
1680.1	712.005
1680.4	704.276
1680.7	697.362
1681	696.877
1681.3	711.034
1681.59	694.389
1681.89	697.839
1682.19	695.738
1682.49	679.994
1682.79	699.333
1683.09	700.656
1683.39	706.769
1683.69	717.291
1683.99	702.676
1684.29	707.628
1684.59	713.204
1684.89	708.64
1685.19	702.391
1685.49	698.65
1685.79	701.543
1686.09	709.243
1686.39	710.184
1686.69	686.691
1686.98	706.882
1687.28	718.818
1687.58	705.045
1687.88	707.375
1688.18	705.377
1688.48	718.215
1688.78	721.367
1689.08	708.492
1689.38	692.296
1689.68	710.959
1689.98	715.44
1690.28	708.823
1690.57	699.359
1690.87	708.148
1691.17	710.12
1691.47	718.937
1691.77	717.302
1692.07	711.24
1692.37	713.095
1692.67	706.641
1692.97	717.469
1693.26	730.088
1693.56	710.264
1693.86	723.163
1694.16	713.197
1694.46	695.861
1694.76	701.474
1695.06	717.545
1695.36	714.988
1695.65	709.906
1695.95	730.26
1696.25	718.106
1696.55	720.665
1696.85	717.072
1697.15	708.523
1697.45	713.689
1697.75	707.988
1698.04	700.246
1698.34	721.135
1698.64	721.1
1698.94	715.43
1699.24	717.059
1699.54	717.522
1699.84	711.375
1700	713.77
1700.3	714.694
1700.6	731.829
1700.9	725.445
1701.2	711.859
1701.5	721.65
1701.8	720.163
1702.1	703.064
1702.4	718.784
1702.7	712.607
1703	722.333
1703.3	721.226
1703.6	709.327
1703.91	723.65
1704.21	715.66
1704.51	719.385
1704.81	720.537
1705.11	715.182
1705.41	712.364
1705.71	711.831
1706.01	728.416
1706.31	703.47
1706.61	704.292
1706.91	714.334
1707.21	708.417
1707.51	701.782
1707.81	717.869
1708.11	695.807
1708.41	708.726
1708.71	697.912
1709.01	702.165
1709.31	700.58
1709.61	701.209
1709.91	726.487
1710.21	709.66
1710.51	697.125
1710.81	715.861
1711.11	705.01
1711.41	730.327
1711.71	716.988
1712.01	701.669
1712.31	726.57
1712.61	704.094
1712.91	709.979
1713.21	692.96
1713.51	699.245
1713.81	697.471
1714.11	714.075
1714.41	716.348
1714.71	722.727
1715.01	701.712
1715.31	709.271
1715.61	709.224
1715.91	697.448
1716.21	721.597
1716.51	711.328
1716.81	721.8
1717.11	736.063
1717.41	716.54
1717.71	728.846
1718.01	721.716
1718.31	715.166
1718.61	720.803
1718.91	709.258
1719.2	722.716
1719.5	718.334
1719.8	717.2
1720.1	709.032
1720.4	720.548
1720.7	720.583
1721	718.779
1721.3	711.065
1721.6	703.446
1721.9	702.954
1722.2	724.976
1722.5	719.786
1722.8	705.633
1723.1	699.312
1723.4	697.79
1723.7	692.212
1723.99	700.912
1724.29	728.891
1724.59	724.268
1724.89	717.857
1725.19	715.876
1725.49	717.293
1725.79	712.835
1726.09	712.146
1726.39	705.076
1726.69	721.709
1726.99	703.935
1727.29	725.103
1727.58	715.251
1727.88	715.806
1728.18	702.747
1728.48	710.544
1728.78	702.638
1729.08	701.973
1729.38	700.33
1729.68	704.98
1729.98	712.995
1730.28	721.545
1730.58	724.874
1730.87	722.513
1731.17	714.866
1731.47	709.869
1731.77	717.372
1732.07	719.333
1732.37	716.885
1732.67	725.45
1732.97	718.18
1733.26	724.232
1733.56	722.247
1733.86	710.98
1734.16	710.244
1734.46	719.21
1734.76	705.568
1735.06	704.516
1735.35	711.109
1735.65	707.38
1735.95	700.002
1736.25	705.728
1736.55	704.803
1736.85	699.549
1737.15	707.14
1737.44	702.127
1737.74	710.606
1738.04	692.021
1738.34	702.705
1738.64	703.288
1738.94	705.977
1739.24	697.268
1739.53	716.931
1739.83	720.369
1740.13	713.009
1740.43	708.571
1740.73	703.077
1741.03	700.375
1741.32	698.497
1741.62	717.132
1741.92	706.949
1742.22	712.171
1742.52	712.951
1742.81	703.045
1743.11	703.743
1743.41	714.283
1743.71	691.615
1744.01	689.71
1744.31	709.92
1744.6	701.315
1744.9	695.591
1745.2	690.965
1745.5	706.478
1745.79	701.221
1746.09	702.661
1746.39	731.876
1746.69	708.067
1746.99	715.231
1747.28	716.078
1747.58	707.293
1747.88	709.576
1748.18	710.235
1748.48	705.809
1748.77	704.685
1749.07	702.413
1749.37	710.734
1749.67	708.356
1749.96	708.891
1750.26	723.443
1750.56	707.712
1750.86	713.235
1751.16	704.547
1751.45	720.285
1751.75	711.426
1752.05	697.646
1752.35	716.876
1752.64	710.867
1752.94	729.082
1753.24	697.47
1753.54	704.302
1753.83	704.45
1754.13	701.779
1754.43	721.093
1754.73	703.851
1755.02	711.431
1755.32	696.556
1755.62	701.94
1755.92	711.465
1756.21	716.448
1756.51	705.397
1756.81	707.339
1757.11	717.945
1757.4	689.55
1757.7	711.67
1758	700.147
1758.3	696.948
1758.59	706.517
1758.89	722.499
1759.19	709.34
1759.48	702.826
1759.78	703.418
1760.08	696.516
1760.38	707.71
1760.67	698.224
1760.97	698.386
1761.27	702.851
1761.56	704.319
1761.86	717.918
1762.16	712.453
1762.45	718.986
1762.75	703.967
1763.05	708.419
1763.35	707.224
1763.64	696.946
1763.94	727.038
1764.24	719.436
1764.53	706.208
1764.83	710.951
1765.13	707.188
1765.42	702.106
1765.72	716.79
1766.02	712.219
1766.32	706.399
1766.61	702.335
1766.91	704.458
1767.21	694.352
1767.5	717.042
1767.8	717.879
1768.09	717.703
1768.39	693.946
1768.69	699.434
1768.99	710.96
1769.28	710.163
1769.58	715.484
1769.88	722.399
1770.17	709.986
1770.47	716.456
1770.76	718.96
1771.06	708.156
1771.36	692.857
1771.65	698.275
1771.95	705.965
1772.25	700.643
1772.54	706.831
1772.84	708.9
1773.14	705.21
1773.43	711.67
1773.73	698.507
1774.03	694.197
1774.32	701.94
1774.62	704.023
1774.91	699.784
1775.21	696.809
1775.51	708.127
1775.8	698.824
1776.1	705.157
1776.4	705.44
1776.69	696.742
1776.99	697.997
1777.28	703.984
1777.58	716.863
1777.88	717.702
1778.17	723.08
1778.47	706.887
1778.76	717.133
1779.06	707.163
1779.36	704.142
1779.65	709.38
1779.95	714.073
1780.24	711.311
1780.54	720.485
1780.84	712.097
1781.13	704.886
1781.43	704.377
1781.72	710.241
1782.02	703.41
1782.32	695.516
1782.61	690.652
1782.91	712.335
1783.2	710.172
1783.5	726.522
1783.79	713.998
1784.09	707.765
1784.39	715.866
1784.68	714.93
1784.98	711.626
1785.27	715.029
1785.57	708.443
1785.87	719.203
1786.16	716.59
1786.46	700.464
1786.75	698.311
1787.05	705.473
1787.34	708.443
1787.64	704.887
1787.93	704.03
1788.23	724.399
1788.52	718.289
1788.82	720.666
1789.12	721.518
1789.41	716.291
1789.71	720.289
1790	705.07
1790.3	706.176
1790.59	700.418
1790.89	709.356
1791.18	717.113
1791.48	719.381
1791.77	713.337
1792.07	717.237
1792.36	700.362
1792.66	710.052
1792.96	721.317
1793.25	727.54
1793.55	736.864
1793.84	717.868
1794.14	703.385
1794.43	714.478
1794.73	730.806
1795.02	719.54
1795.32	719.986
1795.61	715.924
1795.91	732.137
1796.2	728.419
1796.5	718.76
1796.79	711.187
1797.09	727.618
1797.38	724.94
1797.68	725.029
1797.97	714.716
1798.27	717.908
1798.56	710.917
1798.86	725.661
1799.15	723.86
1799.45	707.613
1799.74	724.417
1800.04	737.333
1800.33	718.147
1800.63	724.657
1800.92	735.497
1801.21	720.668
1801.51	719.893
1801.8	733.913
1802.1	733.854
1802.39	722.769
1802.69	721.852
1802.98	720.065
1803.28	730.222
1803.57	718.56
1803.87	718.271
1804.16	725.48
1804.46	724.565
1804.75	718.833
1805.04	715.683
1805.34	726.114
1805.63	725.276
1805.93	724.278
1806.22	718.818
1806.52	731.861
1806.81	713.213
1807.11	714.937
1807.4	728.843
1807.69	730.946
1807.99	727.444
1808.28	735.195
1808.58	731.503
1808.87	728.169
1809.17	735.182
1809.46	719.345
1809.76	720.276
1810.05	729.753
1810.34	715.842
1810.64	739.213
1810.93	730.895
1811.23	717.778
1811.52	718.545
1811.81	714.443
1812.11	731.827
1812.4	744.285
1812.7	743.354
1812.99	727.507
1813.28	723.756
1813.58	742.341
1813.87	723.072
1814.17	732.224
1814.46	736.949
1814.76	739.028
1815.05	733.751
1815.34	725.094
1815.64	727.608
1815.93	740.793
1816.22	731.405
1816.52	739.791
1816.81	727.487
1817.1	724.04
1817.4	729.861
1817.69	728.551
1817.99	747.296
1818.28	732.642
1818.57	727.153
1818.87	730.695
1819.16	735.782
1819.46	729.277
1819.75	723.711
1820.04	722.415
1820.34	724.805
1820.63	728.498
1820.92	738.035
1821.22	734.481
1821.51	723.171
1821.8	726.828
1822.1	725.194
1822.39	734.908
1822.69	740.216
1822.98	732.994
1823.27	737.262
1823.57	764.104
1823.86	751.439
1824.15	737.592
1824.45	731.216
1824.74	723.323
1825.03	737.662
1825.33	751.219
1825.62	742.341
1825.91	736.008
1826.2	744.964
1826.5	736.783
1826.79	741.884
1827.08	739.589
1827.38	746.897
1827.67	744.759
1827.96	746.844
1828.26	745.445
1828.55	749.006
1828.84	735.978
1829.14	751.798
1829.43	746.164
1829.72	756.31
1830.02	765.434
1830.31	745.905
1830.6	734.055
1830.89	744.759
1831.19	755.32
1831.48	760.063
1831.77	770.687
1832.07	747.779
1832.36	753.113
1832.65	739.059
1832.95	742.614
1833.24	743.376
1833.53	738.142
1833.82	733.626
1834.12	730.154
1834.41	740.185
1834.7	740.797
1835	735.969
1835.29	738.058
1835.58	742.311
1835.87	749.538
1836.17	741.732
1836.46	734.274
1836.75	739.514
1837.05	748.674
1837.34	758.731
1837.63	736.878
1837.92	744.563
1838.22	737.385
1838.51	744.564
1838.8	736.208
1839.09	734.226
1839.38	728.556
1839.68	742.019
1839.97	742.852
1840.26	744.694
1840.55	752.188
1840.85	733.956
1841.14	755.795
1841.43	757.268
1841.72	756.227
1842.02	742.495
1842.31	757.424
1842.6	742.339
1842.89	750.43
1843.19	741.728
1843.48	748.157
1843.77	748.216
1844.06	741.164
1844.36	745.393
1844.65	741.354
1844.94	746.626
1845.23	749.217
1845.52	745.255
1845.82	733.72
1846.11	719.826
1846.4	743.776
1846.69	738.351
1846.98	735.273
1847.28	729.696
1847.57	730.547
1847.86	741.192
1848.15	746.294
1848.44	745.909
1848.74	740.735
1849.03	747.705
1849.32	738.457
1849.61	732.917
1849.9	750.497
1850.19	752.596
1850.49	740.966
1850.78	743.594
1851.07	745.428
1851.36	733.707
1851.65	742.54
1851.95	740.426
1852.24	749.951
1852.53	741.371
1852.82	745.797
1853.11	743.283
1853.4	739.134
1853.7	748.801
1853.99	750.774
1854.28	747.049
1854.57	751.578
1854.86	741.367
1855.16	736.425
1855.45	739.924
1855.74	746.533
1856.03	748.917
1856.32	752.376
1856.61	730.414
1856.9	716.554
1857.19	739.293
1857.49	727.055
1857.78	736
1858.07	732.88
1858.36	754.992
1858.65	745.611
1858.79	745.745
1859.09	732.198
1859.38	743.774
1859.67	752.969
1859.97	735.37
1860.26	740.22
1860.55	765.203
1860.85	744.474
1861.14	745.739
1861.43	735.171
1861.73	733.682
1862.02	754.295
1862.31	760.756
1862.61	740.21
1862.9	737.915
1863.19	740.706
1863.49	750.725
1863.78	735.859
1864.07	750.983
1864.37	745.016
1864.66	751.25
1864.95	748.216
1865.24	734.641
1865.54	734.199
1865.83	722.914
1866.12	725.854
1866.42	735.027
1866.71	746.602
1867	746.919
1867.3	739.796
1867.59	742.142
1867.88	730.848
1868.18	750.305
1868.47	745.433
1868.76	730.509
1869.05	725.462
1869.35	732.047
1869.64	735.073
1869.93	763.278
1870.23	745.028
1870.52	749.609
1870.81	746.793
1871.1	727.008
1871.4	727.698
1871.69	743.198
1871.98	719.914
1872.27	758.222
1872.57	734.701
1872.86	736.693
1873.15	728.669
1873.45	745.204
1873.74	739.933
1874.03	741.147
1874.32	722.694
1874.62	733.88
1874.91	735.517
1875.2	711.581
1875.49	735.374
1875.79	732.659
1876.08	732.556
1876.37	739.889
1876.66	733.318
1876.96	720.622
1877.25	735.471
1877.54	739.048
1877.83	733.5
1878.12	727.55
1878.42	738.086
1878.71	737.567
1879	729.928
1879.29	745.905
1879.59	735.194
1879.88	739.106
1880.17	724.63
1880.46	714.196
1880.75	722.392
1881.05	732.495
1881.34	727.776
1881.63	730.721
1881.92	746.546
1882.21	737.898
1882.51	734.62
1882.8	721.728
1883.09	731.766
1883.38	731.643
1883.67	732.615
1883.97	737.198
1884.26	737.148
1884.55	743.46
1884.84	725.203
1885.13	738.042
1885.43	734.293
1885.72	725.006
1886.01	736.636
1886.3	716.156
1886.59	736.194
1886.89	717.101
1887.18	734.388
1887.47	739.081
1887.76	743.532
1888.05	723.44
1888.35	728.945
1888.64	742.283
1888.93	738.012
1889.22	740.643
1889.51	739.355
1889.8	745.004
1890.1	729.016
1890.39	723.626
1890.68	720.962
1890.97	705.537
1891.26	745.734
1891.55	734.839
1891.84	741.976
1892.14	719.635
1892.43	725.412
1892.72	720.189
1893.01	743.952
1893.3	737.685
1893.59	736.202
1893.88	724.43
1894.18	727.926
1894.47	723.043
1894.76	744.106
1895.05	751.679
1895.34	746.878
1895.63	745.014
1895.92	728.936
1896.22	751.047
1896.51	743.609
1896.8	747.32
1897.09	729.9
1897.38	727.716
1897.67	731.363
1897.96	730.569
1898.25	734.105
1898.55	751.071
1898.84	733.177
1899.13	727.664
1899.42	723.207
1899.71	736.131
1900	733.394
1900.29	734.91
1900.58	724.261
1900.87	741.68
1901.16	732.917
1901.46	736.587
1901.75	734.146
1902.04	714.489
1902.33	730.995
1902.62	730.428
1902.91	736.613
1903.2	729.885
1903.49	731.386
1903.78	733.078
1904.07	724.148
1904.36	735.33
1904.65	757.445
1904.95	727.562
1905.24	727.724
1905.53	732.227
1905.82	713.723
1906.11	726.561
1906.4	725.092
1906.69	732.368
1906.98	721.662
1907.27	724.585
1907.56	731.24
1907.85	723.551
1908.14	736.956
1908.43	747.693
1908.72	740.998
1909.01	735.752
1909.3	737.761
1909.6	752.624
1909.89	748.441
1910.18	747.32
1910.47	732.967
1910.76	737.683
1911.05	740.75
1911.34	738.157
1911.63	739.831
1911.92	733.777
1912.21	741.943
1912.5	742.274
1912.79	737.192
1913.08	740.762
1913.37	729.969
1913.66	746.355
1913.95	737.288
1914.24	737.263
1914.53	718.654
1914.82	722.279
1915.11	745.432
1915.4	737.964
1915.69	727.528
1915.98	742.206
1916.27	732.485
1916.56	730.017
1916.85	733.422
1917.14	733.999
1917.43	729.194
1917.72	756.66
1918.01	744.234
1918.3	748.823
1918.59	745.974
1918.88	743.397
1919.17	755.545
1919.46	744.74
1919.75	741.928
1920.04	719.01
1920.33	734.859
1920.62	746.616
1920.91	726.669
1921.2	734.518
1921.49	751.534
1921.78	757.633
1922.07	738.639
1922.36	718.673
1922.65	748.62
1922.94	763.151
1923.23	735.562
1923.52	732.797
1923.81	736.636
1924.1	749.188
1924.39	745.643
1924.68	751.956
1924.97	741.423
1925.26	751.485
1925.55	752.063
1925.84	743.153
1926.13	736.431
1926.42	745.574
1926.71	749.249
1927	743.361
1927.29	751.58
1927.57	755.862
1927.86	730.932
1928.15	743.857
1928.44	754.612
1928.73	757.517
1929.02	746.446
1929.31	733.575
1929.6	735.049
1929.89	747.213
1930.18	751.885
1930.47	749.427
1930.76	750.57
1931.05	739.387
1931.34	749.04
1931.62	753.698
1931.91	752.43
1932.2	744.929
1932.49	762.535
1932.78	749.275
1933.07	745.347
1933.36	763.889
1933.65	762.116
1933.94	755.328
1934.23	761.232
1934.52	751.573
1934.81	742.82
1935.09	745.859
1935.38	752.312
1935.67	753.389
1935.96	762.189
1936.25	757.791
1936.54	759.465
1936.83	766.501
1937.12	762.371
1937.41	766.354
1937.69	758.082
1937.98	749.866
1938.27	755.531
1938.56	760.579
1938.85	760.271
1939.14	756.104
1939.43	737.541
1939.72	748.102
1940	760.419
1940.29	752.662
1940.58	747.112
1940.87	746.223
1941.16	766.716
1941.45	760.904
1941.74	752.975
1942.02	769.272
1942.31	758.219
1942.6	754.08
1942.89	765.513
1943.18	755.875
1943.47	749.731
1943.76	750.104
1944.04	766.773
1944.33	753.55
1944.62	761.839
1944.91	755.893
1945.2	761.232
1945.49	756.996
1945.77	759.248
1946.06	753.705
1946.35	768.512
1946.64	761.432
1946.93	758.896
1947.22	774.483
1947.51	750.882
1947.79	768.882
1948.08	753.333
1948.37	754.634
1948.66	771.199
1948.95	751.991
1949.23	767.997
1949.52	765.695
1949.81	761.715
1950.1	769.15
1950.39	760.279
1950.68	767.316
1950.96	768.235
1951.25	774.041
1951.54	767.501
1951.83	779.137
1952.12	774.766
1952.4	762.767
1952.69	772.629
1952.98	752.18
1953.27	762.218
1953.56	774.303
1953.84	779.695
1954.13	772.895
1954.42	765.155
1954.71	772.814
1954.99	770.044
1955.28	776.512
1955.57	759.674
1955.86	764.177
1956.15	772.442
1956.43	771.278
1956.72	768.59
1957.01	765.999
1957.3	795.421
1957.59	764.832
1957.87	766.803
1958.16	752.813
1958.45	768.266
1958.74	777.432
1959.02	768.781
1959.31	759.523
1959.6	757.362
1959.89	762.459
1960.17	763.244
1960.46	758.93
1960.75	767.613
1961.04	773.949
1961.32	784.882
1961.61	766.767
1961.9	786.829
1962.19	779.938
1962.47	770.267
1962.76	763.315
1963.05	765.931
1963.34	774.169
1963.62	765.319
1963.91	767.653
1964.2	768.571
1964.48	756.44
1964.77	776.084
1965.06	778.645
1965.35	756.306
1965.63	773.482
1965.92	782.577
1966.21	780.282
1966.5	775.463
1966.78	771.951
1967.07	784.266
1967.36	773.086
1967.64	769.623
1967.93	768.992
1968.22	768.891
1968.5	778.874
1968.79	783.934
1969.08	787.462
1969.37	764.657
1969.65	771.079
1969.94	776.222
1970.23	779.233
1970.51	777.346
1970.8	770.561
1971.09	781.767
1971.37	763.81
1971.66	767.111
1971.95	774.732
1972.24	782.817
1972.52	769.63
1972.81	760.763
1973.1	763.107
1973.38	768.057
1973.67	759.707
1973.96	761.813
1974.24	784.059
1974.53	767.038
1974.82	770.29
1975.1	771.464
1975.39	776.674
1975.68	763.641
1975.96	767.98
1976.25	760.569
1976.54	757.911
1976.82	757.774
1977.11	764.842
1977.4	780.428
1977.68	780.072
1977.97	774.988
1978.26	783.167
1978.54	773.898
1978.83	764.899
1979.11	768.864
1979.4	776.302
1979.69	774.256
1979.97	776.645
1980.26	762.492
1980.55	762.227
1980.83	770.701
1981.12	769.257
1981.4	773.965
1981.69	778.285
1981.98	773.79
1982.26	770.85
1982.55	771.968
1982.84	768.375
1983.12	766.675
1983.41	763.246
1983.69	758.738
1983.98	761.846
1984.27	768.579
1984.55	765.624
1984.84	757.616
1985.13	759.714
1985.41	759.711
1985.7	774.929
1985.98	770.051
1986.27	778.372
1986.56	759.74
1986.84	758.244
1987.13	769.831
1987.41	758.817
1987.7	772.613
1987.99	765.377
1988.27	757.576
1988.56	768.522
1988.84	759.449
1989.13	778.689
1989.41	759.704
1989.7	766.67
1989.99	755.476
1990.27	759.431
1990.56	769.337
1990.84	766.253
1991.13	758.812
1991.42	749.817
1991.7	760.917
1991.99	762.78
1992.27	755.51
1992.56	763.519
1992.84	754.37
1993.13	756.918
1993.42	756.689
1993.7	758.412
1993.99	744.408
1994.27	749.133
1994.56	772.907
1994.84	761.623
1995.13	746.882
1995.41	780.85
1995.7	767.761
1995.98	765.009
1996.27	748.687
1996.56	747.384
1996.84	755.607
1997.13	740.315
1997.41	753.462
1997.7	758.418
1997.98	741.351
1998.27	754.658
1998.55	757.303
1998.84	749.294
1999.12	765.82
1999.41	742.924
1999.69	743.216
1999.98	750.812
1999.99	746
