1200.11	325.096
1200.43	329.568
1200.76	327.862
1201.08	327.087
1201.4	327.943
1201.73	323.029
1202.05	324.651
1202.37	325.696
1202.7	324.275
1203.02	330.605
1203.34	328.342
1203.67	327.391
1203.99	324.736
1204.32	326.754
1204.64	326.482
1204.96	329.473
1205.29	328.049
1205.61	323.789
1205.93	326.343
1206.26	324.462
1206.58	330.312
1206.9	324.45
1207.23	330.185
1207.55	326.936
1207.87	322.617
1208.2	330.096
1208.52	329.229
1208.84	329.726
1209.16	329.278
1209.49	326.792
1209.81	328.827
1210.13	325.29
1210.46	326.744
1210.78	328.487
1211.1	325.561
1211.42	325.731
1211.75	326.565
1212.07	327.78
1212.39	328.48
1212.72	326.571
1213.04	327.36
1213.36	332.941
1213.69	333.037
1214.01	324.658
1214.33	327.401
1214.65	327.773
1214.98	326.707
1215.3	327.473
1215.62	327.765
1215.95	322.179
1216.27	330.37
1216.59	328.744
1216.91	325.537
1217.24	330.73
1217.56	328.451
1217.88	325.402
1218.2	324.15
1218.53	327.669
1218.85	328.767
1219.17	329.52
1219.5	331.251
1219.82	326.258
1220.14	328.654
1220.46	324.032
1220.78	329.63
1221.11	327.978
1221.43	327.843
1221.75	329.39
1222.07	332.181
1222.4	328.31
1222.72	325.994
1223.04	332.141
1223.36	325.498
1223.69	327.592
1224.01	324.019
1224.33	324.721
1224.65	325.264
1224.97	325.195
1225.3	323.164
1225.62	329.017
1225.94	323.464
1226.26	325.183
1226.58	328.713
1226.91	327.357
1227.23	327.403
1227.55	326.567
1227.87	322.644
1228.2	328.031
1228.52	325.996
1228.84	329.264
1229.16	331.256
1229.48	324.116
1229.81	331.141
1230.13	328.968
1230.45	326.104
1230.77	327.814
1231.09	325.927
1231.41	327.989
1231.74	323.487
1232.06	328
1232.38	326.563
1232.7	326.603
1233.02	328.247
1233.35	326.239
1233.67	327.159
1233.99	325.927
1234.31	324.012
1234.63	328.544
1234.95	328.696
1235.28	328.553
1235.6	330.505
1235.92	326.527
1236.24	327.484
1236.56	326.173
1236.88	327.997
1237.2	326.532
1237.53	324.478
1237.85	324.681
1238.17	324.417
1238.49	326.881
1238.81	325.972
1239.13	325.476
1239.46	326.88
1239.78	324.37
1240.1	325.885
1240.42	327.494
1240.74	326.248
1241.06	325.615
1241.38	328.248
1241.7	326.347
1242.03	325.44
1242.35	325.138
1242.67	326.362
1242.99	329.482
1243.31	324.266
1243.63	323.222
1243.95	329.232
1244.27	326.992
1244.59	324.897
1244.92	327.472
1245.24	324.258
1245.56	328.455
1245.88	327.186
1246.2	326.567
1246.52	325.695
1246.84	327.806
1247.16	327.28
1247.48	328.714
1247.8	326.486
1248.12	330.012
1248.45	328.626
1248.77	329.182
1249.09	327.647
1249.41	326.25
1249.73	329.343
1250.05	325.065
1250.37	329.043
1250.69	329.954
1251.01	329.535
1251.33	326.966
1251.65	326.247
1251.97	330.75
1252.29	325.058
1252.61	328.86
1252.93	328.376
1253.26	325.508
1253.57	327.712
1253.9	323.14
1254.22	325.031
1254.54	328
1254.86	327.016
1255.18	333.969
1255.5	328.302
1255.82	324.805
1256.14	327.139
1256.46	331.807
1256.78	326.829
1257.1	328.598
1257.42	327.764
1257.74	324.565
1258.06	326.889
1258.38	324.349
1258.7	327.725
1259.02	327.697
1259.34	327.152
1259.66	327.895
1259.98	323.77
1260.3	329.164
1260.62	329.585
1260.94	326.265
1261.26	332.297
1261.58	325.18
1261.9	324.098
1262.22	331.576
1262.54	327.531
1262.86	325.566
1263.18	325.473
1263.5	324.354
1263.82	325.809
1264.14	327.825
1264.46	324.605
1264.78	328.346
1265.1	325.417
1265.42	329.572
1265.74	327.531
1266.06	325.537
1266.38	327.69
1266.7	326.09
1267.02	327.267
1267.34	327.097
1267.66	328.079
1267.98	332.297
1268.3	330.581
1268.62	326.593
1268.94	328.164
1269.26	326.058
1269.58	327.693
1269.9	329.507
1270.22	327.782
1270.54	325.543
1270.85	324.832
1271.17	326.033
1271.49	326.659
1271.81	326.828
1272.13	323.716
1272.45	326.505
1272.77	325.287
1273.09	326.552
1273.41	327.661
1273.73	323.626
1274.05	326.136
1274.37	325.461
1274.69	324.674
1275.01	328.182
1275.33	328.347
1275.64	327.649
1275.96	326.426
1276.28	324.313
1276.6	326.543
1276.92	327.391
1277.24	326.132
1277.56	326.008
1277.88	326.709
1278.2	330.055
1278.52	327.132
1278.84	328.729
1279.15	320.946
1279.47	328.019
1279.79	324.527
1280.11	329.36
1280.43	328.959
1280.75	329.426
1281.07	327.233
1281.39	328.868
1281.71	320.709
1282.03	326.992
1282.34	325.137
1282.66	324.574
1282.98	327.792
1283.3	325.419
1283.62	328.558
1283.94	326.402
1284.26	328.91
1284.57	330.064
1284.89	331.68
1285.21	326.845
1285.53	325.986
1285.85	326.961
1286.17	329.543
1286.49	326.667
1286.81	328.322
1287.12	323.649
1287.44	327.656
1287.76	330.493
1288.08	326.074
1288.4	325.381
1288.72	325.158
1289.03	327.105
1289.35	323.859
1289.67	324.378
1289.99	329.4
1290.31	329.597
1290.63	326.139
1290.94	327.247
1291.26	327.631
1291.58	330.074
1291.9	329.623
1292.22	328.18
1292.54	331.681
1292.85	327.216
1293.17	331.869
1293.49	327.256
1293.81	326.368
1294.13	327.5
1294.44	326.295
1294.76	329.403
1295.08	330.013
1295.4	327.823
1295.72	327.556
1296.03	326.624
1296.35	327.398
1296.67	329.047
1296.99	329.419
1297.31	327.507
1297.62	329.138
1297.94	324.189
1298.26	324.124
1298.58	329.375
1298.9	329.331
1299.21	326.121
1299.53	326.541
1299.85	326.434
1300.17	323.743
1300.48	323.266
1300.8	323.959
1301.12	330.798
1301.44	326.875
1301.76	325.975
1302.07	326.115
1302.39	328.441
1302.71	327.943
1303.03	329.61
1303.34	328.11
1303.66	324.827
1303.98	330.479
1304.3	325.24
1304.61	329.503
1304.93	331.658
1305.25	324.947
1305.57	324.274
1305.88	330.234
1306.2	326.452
1306.52	325.72
1306.84	324.759
1307.15	328.879
1307.47	326.871
1307.79	326.22
1308.1	330.83
1308.42	327.466
1308.74	329.734
1309.06	330.924
1309.37	328.7
1309.69	329.47
1310.01	327.214
1310.33	326.47
1310.64	325.421
1310.96	331.159
1311.28	329.766
1311.59	327.137
1311.91	324.488
1312.23	327.762
1312.54	327.35
1312.86	327.966
1313.18	330.02
1313.5	331.916
1313.81	327.007
1314.13	329.96
1314.45	328.458
1314.76	327.952
1315.08	330.207
1315.4	328.073
1315.71	328.694
1316.03	323.916
1316.35	325.673
1316.66	328.619
1316.98	327.51
1317.3	325.561
1317.61	324.01
1317.93	327.638
1318.25	329.761
1318.56	331.122
1318.88	330.121
1319.2	330.996
1319.51	328.427
1319.83	328.425
1320.15	326.133
1320.46	328.814
1320.78	331.393
1321.1	328.709
1321.41	329.419
1321.73	330.768
1322.05	331.396
1322.36	327.912
1322.68	331.631
1323	332
1323.31	331.212
1323.63	334.398
1323.94	330.185
1324.26	329.945
1324.58	331.037
1324.89	328.057
1325.21	332.807
1325.53	329.113
1325.84	337.781
1326.16	332.75
1326.47	332.793
1326.79	326.254
1327.11	330.116
1327.42	327.449
1327.74	330.562
1328.06	337.418
1328.37	332.94
1328.69	334.125
1329	332.166
1329.32	331.156
1329.64	336.78
1329.95	334.649
1330.27	331.106
1330.58	335.102
1330.9	338.868
1331.22	341.122
1331.53	343.421
1331.85	348.532
1332.16	347.448
1332.48	342.223
1332.79	342.994
1333.11	345.836
1333.43	346.913
1333.74	348.313
1334.06	350.782
1334.37	351.867
1334.69	351.845
1335	352.739
1335.32	352.614
1335.63	354.824
1335.95	350.573
1336.27	354.545
1336.58	351.981
1336.9	347.063
1337.21	349.993
1337.53	345.556
1337.85	347.48
1338.16	349.723
1338.48	345.88
1338.79	341.378
1339.11	339.804
1339.42	344.224
1339.74	342.062
1340.05	335.385
1340.37	335.19
1340.68	335.821
1341	332.121
1341.31	336.484
1341.63	339.695
1341.94	336.31
1342.26	336.514
1342.58	337.498
1342.89	333.191
1343.21	331.194
1343.52	329.045
1343.83	329.794
1344.15	331.801
1344.47	331.47
1344.78	331.387
1345.1	336.109
1345.41	334.877
1345.73	328.174
1346.04	331.153
1346.36	332.124
1346.67	330.83
1346.99	332.227
1347.3	328.447
1347.62	326.328
1347.93	331.014
1348.25	328.718
1348.56	327.055
1348.88	330.382
1349.19	326.433
1349.5	328.145
1349.82	328.353
1350.13	326.07
1350.45	326.579
1350.76	328.23
1351.08	328.566
1351.39	329.148
1351.71	326.633
1352.02	329.1
1352.34	328.53
1352.65	324.075
1352.97	327.219
1353.28	329.742
1353.6	330.095
1353.91	329.671
1354.22	331.626
1354.54	326.402
1354.85	324.24
1355.17	329.839
1355.48	330.992
1355.8	331.399
1356.11	327.208
1356.43	328.469
1356.74	325.825
1357.06	332
1357.37	330.566
1357.68	327.649
1358	330.448
1358.31	330.584
1358.63	328.202
1358.94	330.65
1359.26	332.091
1359.57	330.753
1359.88	329.271
1360.2	327.997
1360.51	330.448
1360.83	331.76
1361.14	325.699
1361.45	327.353
1361.77	324.427
1362.08	327.229
1362.4	327.853
1362.71	324.676
1363.02	328.761
1363.34	332.378
1363.65	323.794
1363.97	328.507
1364.28	332.781
1364.59	324.826
1364.91	323.18
1365.22	328.225
1365.54	326.489
1365.85	326.859
1366.16	322.556
1366.48	331.564
1366.79	328.478
1367.11	325.39
1367.42	324.728
1367.73	331.529
1368.05	329.354
1368.36	328.116
1368.67	326.809
1368.99	327.618
1369.3	328.476
1369.61	330.496
1369.93	334.884
1370.24	330.056
1370.55	331.083
1370.87	327.58
1371.18	323.802
1371.5	323.025
1371.81	328.448
1372.12	328.159
1372.17	327.439
1372.48	324.449
1372.8	329.792
1373.12	329.282
1373.43	328.972
1373.75	328.288
1374.06	328.79
1374.38	327.223
1374.69	331.599
1375.01	331.321
1375.32	333.385
1375.64	325.743
1375.96	332.444
1376.27	328.536
1376.59	330.11
1376.9	334.766
1377.22	329.805
1377.53	326.16
1377.85	331.603
1378.16	329.13
1378.48	323.641
1378.79	329.061
1379.11	331.496
1379.42	330.137
1379.74	326.098
1380.05	325.536
1380.37	329.468
1380.69	325.546
1381	332.053
1381.32	331.815
1381.63	328.895
1381.94	325.292
1382.26	329.466
1382.58	325.114
1382.89	326.833
1383.21	322.34
1383.52	328.844
1383.84	326.349
1384.15	325.498
1384.47	331.607
1384.78	326.197
1385.1	328.091
1385.41	330.744
1385.73	329.04
1386.04	324.144
1386.35	332.094
1386.67	330.101
1386.99	324.816
1387.3	325.138
1387.61	327.599
1387.93	329.035
1388.24	331.521
1388.56	334.047
1388.87	326.614
1389.19	330.272
1389.5	326.333
1389.82	333.615
1390.13	327.529
1390.45	327.949
1390.76	330.181
1391.08	325.206
1391.39	328.823
1391.71	329.855
1392.02	323.098
1392.33	325.404
1392.65	328.594
1392.96	328.18
1393.28	332.441
1393.59	323.528
1393.91	326.452
1394.22	330.27
1394.54	326.78
1394.85	328.055
1395.16	329.322
1395.48	325.312
1395.79	329.201
1396.11	327.395
1396.42	332.154
1396.73	329.262
1397.05	323.737
1397.36	322.283
1397.68	328.474
1397.99	328.424
1398.31	328.303
1398.62	329.747
1398.94	328.953
1399.25	329.813
1399.56	329.806
1399.88	326.722
1400.19	326.215
1400.5	326.28
1400.82	327.832
1401.13	325.878
1401.45	326.548
1401.76	325.214
1402.08	324.664
1402.39	326.276
1402.7	333.748
1403.02	327.431
1403.33	327.929
1403.65	328.1
1403.96	327.231
1404.27	325.978
1404.59	329.408
1404.9	327.724
1405.21	330.122
1405.53	328.121
1405.84	326.18
1406.15	326.804
1406.47	327.341
1406.78	325.849
1407.09	326.224
1407.41	325.381
1407.72	323.844
1408.04	325.969
1408.35	327.765
1408.66	331.349
1408.98	330.198
1409.29	327.934
1409.6	332.037
1409.92	326.895
1410.23	327.993
1410.54	328.384
1410.86	327.196
1411.17	326.124
1411.48	332.149
1411.8	328.416
1412.11	325.284
1412.43	331.032
1412.74	326.575
1413.05	324.993
1413.36	325.408
1413.68	327.994
1413.99	327.876
1414.3	326.401
1414.62	326.321
1414.93	329.605
1415.24	330.403
1415.56	326.041
1415.87	328.983
1416.18	324.388
1416.5	326.641
1416.81	325.541
1417.12	328.347
1417.44	327.456
1417.75	328.773
1418.06	328.22
1418.37	325.942
1418.69	330.46
1419	327.452
1419.31	330.94
1419.63	325.798
1419.94	324.912
1420.25	328.312
1420.56	329.524
1420.88	335.813
1421.19	326.523
1421.5	329.269
1421.82	328.621
1422.13	329.382
1422.44	328.729
1422.76	332.692
1423.07	330.575
1423.38	330.817
1423.69	327.826
1424.01	332.187
1424.32	331.547
1424.63	329.436
1424.94	333.601
1425.26	331.089
1425.57	328.637
1425.88	328.469
1426.19	330.138
1426.51	327.197
1426.82	331.877
1427.13	326.246
1427.44	327.256
1427.76	331.779
1428.07	331.965
1428.38	332.687
1428.69	331.415
1429.01	332.051
1429.32	325.032
1429.63	331.003
1429.94	329.433
1430.25	333.494
1430.57	328.31
1430.88	324.246
1431.19	328.909
1431.5	330.655
1431.82	328.568
1432.13	327.402
1432.44	333.914
1432.75	328.671
1433.06	325.007
1433.38	327.601
1433.69	334.56
1434	331.399
1434.31	326.662
1434.62	326.279
1434.94	329.337
1435.25	333.541
1435.56	327.899
1435.87	329.98
1436.18	328.421
1436.5	329.482
1436.81	330.183
1437.12	332.893
1437.43	326.739
1437.74	329.096
1438.06	328.686
1438.37	328.038
1438.68	334.825
1438.99	334.339
1439.3	330.51
1439.61	325.318
1439.93	332.36
1440.24	327.537
1440.55	331.352
1440.86	330.303
1441.17	325.862
1441.48	328.685
1441.8	327.97
1442.11	330.35
1442.42	333.796
1442.73	332.871
1443.04	328.282
1443.35	326.427
1443.67	330.921
1443.98	331.731
1444.29	332.725
1444.6	333.245
1444.91	333.537
1445.22	329.059
1445.53	325.738
1445.85	326.689
1446.16	323.659
1446.47	329.766
1446.78	326.771
1447.09	327.341
1447.4	332.135
1447.71	331.675
1448.02	331.233
1448.33	334.924
1448.65	333.892
1448.96	328.893
1449.27	330.016
1449.58	328.583
1449.89	328.981
1450.2	328.193
1450.51	329.363
1450.82	326.332
1451.14	324.969
1451.45	331.493
1451.76	330.034
1452.07	329.467
1452.38	331.742
1452.69	332.806
1453	333.11
1453.31	332.888
1453.62	330.671
1453.93	328.043
1454.25	329.539
1454.56	332.488
1454.87	334.277
1455.18	332.436
1455.49	330.447
1455.8	327.63
1456.11	330.804
1456.42	330.384
1456.73	329.267
1457.04	331.036
1457.35	328.607
1457.66	329.616
1457.97	331.86
1458.28	334.315
1458.59	332.131
1458.9	332.37
1459.22	333.931
1459.53	333.734
1459.84	331.24
1460.15	329.8
1460.46	328.889
1460.77	331.826
1461.08	327.67
1461.39	329.138
1461.7	330.734
1462.01	330.213
1462.32	330.833
1462.63	329.747
1462.94	329.542
1463.25	333.75
1463.56	331.452
1463.87	329.578
1464.18	329.398
1464.49	331.792
1464.8	325.014
1465.11	328.725
1465.42	329.537
1465.73	334.209
1466.04	332.056
1466.35	326.554
1466.66	329.176
1466.97	329.054
1467.28	330.169
1467.59	334.428
1467.9	331.671
1468.21	324.229
1468.52	326.381
1468.83	332.066
1469.14	330.722
1469.45	333.107
1469.76	327.611
1470.07	335.042
1470.38	333.978
1470.69	331.411
1471	331.483
1471.31	334.248
1471.62	331.437
1471.93	331.217
1472.24	331.837
1472.55	333.137
1472.86	334.69
1473.17	331.9
1473.48	326.732
1473.79	328.657
1474.1	326.224
1474.41	328.111
1474.72	334.618
1475.03	332.89
1475.34	327.794
1475.65	330.8
1475.96	331.9
1476.27	333.186
1476.58	327.743
1476.89	331.372
1477.2	329.091
1477.51	331.416
1477.82	336.787
1478.13	335.071
1478.44	332.823
1478.74	325.411
1479.05	329.725
1479.36	331.937
1479.67	329.676
1479.98	331.124
1480.29	329.086
1480.6	328.478
1480.91	324.169
1481.22	332.291
1481.53	328.198
1481.84	330.249
1482.15	329.082
1482.46	330.317
1482.77	326.648
1483.07	326.746
1483.38	327.83
1483.69	329.869
1484	330.709
1484.31	331.412
1484.62	329.242
1484.93	328.772
1485.24	329.647
1485.55	330.464
1485.86	333.22
1486.17	333.135
1486.47	336.756
1486.78	331.153
1487.09	331.286
1487.4	328.885
1487.71	328.557
1488.02	335.896
1488.33	329.28
1488.64	331.092
1488.94	328.176
1489.25	329.189
1489.56	330.44
1489.87	331.716
1490.18	328.189
1490.49	327.426
1490.8	330.708
1491.11	328.298
1491.41	328.458
1491.72	323.766
1492.03	326.535
1492.34	333.05
1492.65	331.852
1492.96	329.908
1493.27	328.094
1493.57	327.249
1493.88	330.335
1494.19	333.288
1494.5	330.605
1494.81	328.777
1495.12	329.065
1495.43	330.722
1495.73	328.786
1496.04	331.498
1496.35	332.668
1496.66	331.18
1496.97	333.726
1497.28	331.364
1497.58	327.641
1497.89	329.248
1498.2	325.692
1498.51	328.674
1498.82	331.904
1499.13	330.405
1499.43	330.6
1499.74	329.611
1500.05	329.775
1500.36	331.82
1500.67	328.102
1500.97	329.991
1501.28	329.853
1501.59	328.467
1501.9	329.581
1502.21	329.984
1502.51	330.379
1502.82	329.389
1503.13	327.348
1503.44	326.305
1503.74	326.968
1504.05	331.163
1504.36	331.553
1504.67	332.318
1504.98	330.193
1505.29	325.42
1505.59	326.977
1505.9	324.171
1506.21	328.137
1506.52	329.361
1506.82	330.27
1507.13	334.224
1507.44	330.308
1507.75	330.033
1508.06	329.142
1508.36	329.353
1508.67	330.713
1508.98	328.124
1509.29	331.517
1509.59	329.188
1509.9	330.361
1510.21	332.267
1510.52	329.014
1510.82	333.63
1511.13	331.598
1511.44	328.925
1511.75	329.875
1512.05	330.922
1512.36	331.09
1512.67	326.037
1512.98	328.694
1513.28	329.746
1513.59	331.06
1513.9	333.19
1514.2	328.611
1514.51	326.252
1514.82	329.112
1515.13	325.053
1515.43	327.811
1515.74	328.383
1516.05	327.217
1516.35	328.023
1516.66	328.572
1516.97	330.068
1517.28	330.252
1517.58	334.486
1517.89	332.492
1518.2	327.903
1518.51	330.38
1518.81	324.573
1519.12	328.141
1519.43	332.25
1519.73	331.573
1520.04	324.447
1520.35	326.554
1520.65	328.91
1520.96	330.993
1521.27	332.965
1521.57	329.803
1521.88	324.349
1522.19	328.096
1522.5	329.002
1522.8	329.346
1523.11	334.356
1523.41	332.386
1523.72	329.354
1524.03	329.318
1524.34	333.036
1524.64	331.116
1524.95	333.089
1525.26	329.308
1525.56	329.895
1525.87	331.505
1526.17	331.958
1526.48	327.206
1526.79	331.217
1527.1	332.273
1527.4	334.839
1527.71	328.556
1528.02	324.362
1528.32	327.246
1528.63	323.987
1528.93	331.636
1529.24	323.557
1529.55	322.919
1529.85	328.084
1530.16	329.841
1530.47	328.09
1530.77	327.566
1531.08	328.436
1531.38	326.748
1531.69	329.897
1532	325.548
1532.3	328.272
1532.61	323.024
1532.92	333.251
1533.22	328.075
1533.53	327.133
1533.84	328.872
1534.14	325.522
1534.45	330.359
1534.75	332.336
1535.06	326.119
1535.37	331.547
1535.67	327.077
1535.98	325.317
1536.28	327.116
1536.59	332.683
1536.9	329.574
1537.2	333.141
1537.51	330.542
1537.81	325.674
1538.12	333.439
1538.42	336.29
1538.73	332.115
1539.04	329.875
1539.34	330.207
1539.65	326.227
1539.95	324.019
1540.26	327.281
1540.56	327.824
1540.67	328.198
1540.98	329.066
1541.29	332.976
1541.59	331.623
1541.9	324.237
1542.21	328.93
1542.52	325.551
1542.82	333.684
1543.13	330.898
1543.44	333.833
1543.75	332.812
1544.05	331.864
1544.36	326.043
1544.67	331.78
1544.98	334.841
1545.29	333.616
1545.59	331.088
1545.9	330.725
1546.21	325.304
1546.52	337.763
1546.82	327.096
1547.13	328.762
1547.44	327.946
1547.75	328.96
1548.05	328.913
1548.36	328.939
1548.67	331.972
1548.98	327.257
1549.28	328.003
1549.59	327.803
1549.9	334.232
1550.2	327.645
1550.51	327.667
1550.82	328.168
1551.13	327.712
1551.43	330.509
1551.74	324.841
1552.05	324.542
1552.36	328.36
1552.66	330.701
1552.97	326.514
1553.28	327.064
1553.59	331.555
1553.89	333.3
1554.2	332.053
1554.51	331.668
1554.81	330.226
1555.12	332.465
1555.43	328.051
1555.73	330.256
1556.04	325.835
1556.35	330.207
1556.65	332.293
1556.96	329.838
1557.27	330.948
1557.58	331.311
1557.88	330.901
1558.19	332.57
1558.5	331.563
1558.8	331.022
1559.11	327.241
1559.42	325.688
1559.72	331.459
1560.03	331.091
1560.34	328.819
1560.64	326.269
1560.95	330.154
1561.26	327.262
1561.56	332.62
1561.87	328.356
1562.18	327.212
1562.48	332.912
1562.79	327.23
1563.1	334.482
1563.4	331.798
1563.71	333.001
1564.02	329.457
1564.32	327.845
1564.63	331.896
1564.93	330.663
1565.24	325.205
1565.55	328.831
1565.85	330.131
1566.16	329.421
1566.47	327.518
1566.77	332.044
1567.08	330.758
1567.39	326.115
1567.69	328.583
1568	332.488
1568.31	330.787
1568.61	330.42
1568.92	329.794
1569.22	330.836
1569.53	329.984
1569.84	332.169
1570.14	331.803
1570.45	327.172
1570.75	330.159
1571.06	330.119
1571.37	331.723
1571.67	331.949
1571.98	327.842
1572.29	330.247
1572.59	331.527
1572.9	327.65
1573.2	329.819
1573.51	333.512
1573.81	327.709
1574.12	326.338
1574.43	330.139
1574.73	331.58
1575.04	330.592
1575.34	330.16
1575.65	329.037
1575.96	327.804
1576.26	331.057
1576.57	333.435
1576.87	326.744
1577.18	330.108
1577.48	331.689
1577.79	330.961
1578.1	331.046
1578.4	330
1578.71	332.523
1579.01	331.092
1579.32	333.702
1579.63	330.663
1579.93	333.381
1580.24	325.979
1580.54	327.467
1580.85	329.544
1581.15	328.924
1581.46	331.162
1581.76	332.097
1582.07	329.301
1582.37	331.022
1582.68	327.574
1582.99	328.815
1583.29	331.09
1583.6	333.32
1583.9	327.557
1584.21	328.401
1584.51	332.919
1584.82	327.227
1585.12	324.729
1585.43	327.215
1585.73	330.38
1586.04	330.918
1586.34	336.358
1586.65	334.959
1586.95	329.285
1587.26	324.804
1587.56	329.18
1587.87	332.282
1588.17	332.346
1588.48	326.884
1588.78	333.445
1589.09	331.64
1589.39	328.149
1589.7	328.461
1590.01	330.059
1590.31	331.707
1590.61	326.128
1590.92	329.019
1591.22	326.772
1591.53	333.285
1591.83	334.196
1592.14	331.806
1592.44	331.527
1592.75	332.342
1593.05	329.063
1593.36	329.563
1593.66	328.554
1593.97	326.864
1594.27	330.744
1594.58	328.244
1594.88	333.945
1595.19	330.928
1595.49	326.353
1595.8	330.364
1596.1	329.977
1596.41	328.359
1596.71	330.105
1597.01	334.825
1597.32	327.433
1597.62	328.531
1597.93	331.049
1598.23	329.856
1598.54	329.684
1598.84	327.314
1599.15	333.772
1599.45	331.035
1599.75	337.045
1600.06	333.364
1600.36	332.511
1600.67	333.046
1600.97	335.279
1601.28	334.364
1601.58	335.464
1601.89	336.745
1602.19	329.409
1602.49	331.67
1602.8	330.504
1603.1	332.982
1603.41	328.042
1603.71	332.829
1604.01	332.772
1604.32	333.156
1604.62	329.318
1604.93	329.838
1605.23	333.984
1605.54	330.623
1605.84	329.217
1606.14	328.487
1606.45	329.113
1606.75	326.664
1607.06	328.232
1607.36	328.405
1607.66	327.607
1607.97	329.183
1608.27	330.437
1608.57	330.364
1608.88	331.867
1609.18	329.678
1609.49	333.86
1609.79	329.734
1610.1	328.547
1610.4	328.39
1610.7	329.019
1611	329.328
1611.31	325.763
1611.61	327.267
1611.92	327.341
1612.22	329.733
1612.53	332.514
1612.83	332.762
1613.13	332.506
1613.43	332.71
1613.74	331.041
1614.04	334.112
1614.35	333.067
1614.65	329.476
1614.95	330.101
1615.26	330.732
1615.56	331.068
1615.86	332.555
1616.17	329.343
1616.47	329.794
1616.77	328.462
1617.08	328.695
1617.38	332.335
1617.68	329.445
1617.99	328.579
1618.29	333.46
1618.59	329.09
1618.9	326.57
1619.2	331.434
1619.5	333.5
1619.81	329.104
1620.11	328.361
1620.41	335.947
1620.72	333.843
1621.02	329.143
1621.32	328.625
1621.63	330.529
1621.93	332.791
1622.23	328.658
1622.54	330.962
1622.84	331.739
1623.14	331.42
1623.44	331.537
1623.75	332.16
1624.05	328.75
1624.35	324.019
1624.66	332.569
1624.96	336.303
1625.26	329.051
1625.56	328.911
1625.87	335.586
1626.17	329.498
1626.47	330.971
1626.78	329.704
1627.08	329.793
1627.38	330.634
1627.68	331.537
1627.99	326.193
1628.29	326.129
1628.59	331.354
1628.9	326.913
1629.2	331.455
1629.5	328.556
1629.8	332.497
1630.11	327.035
1630.41	330.474
1630.71	334.773
1631.01	329.131
1631.32	330.185
1631.62	329.742
1631.92	330.491
1632.22	329.432
1632.53	330.233
1632.83	331.928
1633.13	328.929
1633.43	328.457
1633.74	329.323
1634.04	328.535
1634.34	324.117
1634.64	326.791
1634.95	328.407
1635.25	327.921
1635.55	326.998
1635.85	325.317
1636.16	331.57
1636.46	328.062
1636.76	327.306
1637.06	330.156
1637.36	325.96
1637.67	328.4
1637.97	326.748
1638.27	330.83
1638.57	329.588
1638.88	332.787
1639.18	329.65
1639.48	325.946
1639.78	325.342
1640.08	327.392
1640.39	328.926
1640.69	331.625
1640.99	329.094
1641.29	330.928
1641.59	332.999
1641.9	332.817
1642.2	327.786
1642.5	329.772
1642.8	330.788
1643.1	327.817
1643.4	327.069
1643.71	328.205
1644.01	327.268
1644.31	327.763
1644.61	327.363
1644.91	327.542
1645.21	333.31
1645.52	334.287
1645.82	331.26
1646.12	328.684
1646.42	331.048
1646.72	329.105
1647.03	328.083
1647.33	327.232
1647.63	332.731
1647.93	329.118
1648.23	329.169
1648.53	326.489
1648.83	328.429
1649.14	326.107
1649.44	330.514
1649.74	326.517
1650.04	327.422
1650.34	328.954
1650.64	329.439
1650.95	328.713
1651.25	327.35
1651.55	329.19
1651.85	328.491
1652.15	327.02
1652.45	330.522
1652.75	327.8
1653.05	329.667
1653.36	331.673
1653.66	327.569
1653.96	325.356
1654.26	327.12
1654.56	329.274
1654.86	328.082
1655.16	328.769
1655.46	328.648
1655.77	327.507
1656.07	327.096
1656.37	326.726
1656.67	329.332
1656.97	329.885
1657.27	330.197
1657.57	326.268
1657.87	327.703
1658.17	327.725
1658.47	327.524
1658.77	328.201
1659.08	326.73
1659.38	327.057
1659.68	327.637
1659.98	326.483
1660.28	328.123
1660.58	330.004
1660.88	334.187
1661.18	330.437
1661.48	327.12
1661.78	331.77
1662.08	332.059
1662.39	330.891
1662.69	329.422
1662.99	327.482
1663.29	329.366
1663.59	327.177
1663.89	325.542
1664.19	330.516
1664.49	328.636
1664.79	325.894
1665.09	327.188
1665.39	330.073
1665.69	331.336
1665.99	332.075
1666.29	333.347
1666.59	332.827
1666.89	331.728
1667.2	331.441
1667.49	330.552
1667.79	328.046
1668.1	325.732
1668.4	329.967
1668.7	326.767
1669	330.577
1669.3	329.234
1669.6	327.988
1669.9	325.914
1670.2	327.493
1670.5	332.074
1670.8	329.2
1671.1	325.891
1671.4	329.004
1671.7	326.384
1672	331.628
1672.3	329.603
1672.6	328.294
1672.9	328.092
1673.2	329.138
1673.5	332.782
1673.8	330.294
1674.1	331.688
1674.4	326.186
1674.7	329.973
1675	333.527
1675.3	327.124
1675.6	330.48
1675.9	324.678
1676.2	327.093
1676.5	324.312
1676.8	327.857
1677.1	331.585
1677.4	326.207
1677.7	326.139
1678	329.46
1678.3	325.529
1678.6	323.694
1678.9	326.841
1679.2	331.476
1679.5	332.693
1679.8	328.576
1680.1	326.109
1680.4	328.799
1680.7	331.195
1681	331.708
1681.3	329.227
1681.59	329.982
1681.89	333.342
1682.19	330.04
1682.49	329.796
1682.79	326.864
1683.09	327.677
1683.39	328.107
1683.69	331.072
1683.99	328.28
1684.29	325.272
1684.59	327.533
1684.89	331.594
1685.19	328.453
1685.49	330.556
1685.79	327.255
1686.09	326.932
1686.39	329.316
1686.69	326.563
1686.98	329.81
1687.28	330.349
1687.58	330.604
1687.88	329.164
1688.18	330.078
1688.48	325.776
1688.78	326.231
1689.08	326.709
1689.38	331.3
1689.68	327.845
1689.98	328.515
1690.28	326.696
1690.57	329.912
1690.87	329.73
1691.17	329.26
1691.47	327.812
1691.77	330.589
1692.07	329.812
1692.37	328.066
1692.67	329.287
1692.97	330.594
1693.26	325.099
1693.56	326.956
1693.86	332.177
1694.16	327.124
1694.46	333.854
1694.76	329.848
1695.06	329.997
1695.36	333.936
1695.65	333.733
1695.95	330.262
1696.25	328.349
1696.55	324.145
1696.85	327.746
1697.15	327.952
1697.45	326.925
1697.75	327.643
1698.04	329.026
1698.34	328.796
1698.64	328.099
1698.94	328.661
1699.24	332.088
1699.54	336.572
1699.84	333.645
1700	331.704
1700.3	328.618
1700.6	329.393
1700.9	327.419
1701.2	329.5
1701.5	324.653
1701.8	332.798
1702.1	329.295
1702.4	331.665
1702.7	329.006
1703	330.768
1703.3	328.304
1703.6	331.368
1703.91	334.775
1704.21	330.732
1704.51	327.282
1704.81	331.77
1705.11	326.122
1705.41	324.332
1705.71	327.561
1706.01	332.661
1706.31	328.168
1706.61	329.924
1706.91	325.196
1707.21	326.983
1707.51	330.814
1707.81	325.146
1708.11	330.694
1708.41	329.002
1708.71	330.182
1709.01	328.623
1709.31	329.88
1709.61	324.129
1709.91	327.182
1710.21	331.035
1710.51	325.342
1710.81	326.392
1711.11	327.558
1711.41	333.149
1711.71	328.127
1712.01	324.184
1712.31	331.011
1712.61	328.848
1712.91	330.275
1713.21	335.724
1713.51	330.041
1713.81	326.901
1714.11	330.78
1714.41	330.004
1714.71	328.906
1715.01	332.38
1715.31	327.796
1715.61	330.417
1715.91	327.662
1716.21	330.037
1716.51	331.748
1716.81	331.775
1717.11	330.047
1717.41	332.447
1717.71	326.995
1718.01	331.184
1718.31	328.437
1718.61	328.208
1718.91	328.722
1719.2	331.295
1719.5	329.784
1719.8	324.891
1720.1	325.881
1720.4	330.276
1720.7	334.049
1721	330.803
1721.3	326.216
1721.6	329.997
1721.9	326.377
1722.2	331.231
1722.5	329.079
1722.8	333.819
1723.1	331.474
1723.4	330.846
1723.7	334.33
1723.99	330.997
1724.29	332.071
1724.59	330.804
1724.89	324.913
1725.19	324.294
1725.49	327.96
1725.79	329.201
1726.09	331.412
1726.39	331.726
1726.69	330.532
1726.99	326.452
1727.29	326.126
1727.58	327.475
1727.88	328.622
1728.18	328.62
1728.48	330.43
1728.78	331.002
1729.08	327.934
1729.38	333.284
1729.68	331.954
1729.98	330.04
1730.28	327.012
1730.58	330.466
1730.87	330.623
1731.17	331.488
1731.47	327.145
1731.77	329.223
1732.07	331.234
1732.37	330.283
1732.67	332.231
1732.97	330.368
1733.26	328.789
1733.56	325.186
1733.86	327.661
1734.16	326.762
1734.46	329.218
1734.76	329.679
1735.06	324.272
1735.35	333.111
1735.65	331.819
1735.95	330.444
1736.25	327.868
1736.55	325.272
1736.85	329.451
1737.15	330.494
1737.44	331.223
1737.74	329.241
1738.04	330.145
1738.34	331.956
1738.64	330.485
1738.94	330.39
1739.24	327.501
1739.53	327.787
1739.83	330.964
1740.13	329.39
1740.43	333.675
1740.73	327.695
1741.03	330.654
1741.32	326.987
1741.62	330.395
1741.92	329.015
1742.22	329.808
1742.52	331.524
1742.81	329.07
1743.11	326.199
1743.41	326.66
1743.71	326.496
1744.01	330.318
1744.31	328.601
1744.6	331.866
1744.9	330.556
1745.2	332.506
1745.5	329.292
1745.79	331.728
1746.09	331.139
1746.39	328.711
1746.69	329.148
1746.99	332.148
1747.28	327.472
1747.58	328.62
1747.88	333.751
1748.18	332.067
1748.48	332.137
1748.77	330.34
1749.07	332.325
1749.37	329.166
1749.67	332.964
1749.96	327.867
1750.26	332.458
1750.56	327.075
1750.86	328.396
1751.16	332.129
1751.45	327.964
1751.75	328.974
1752.05	321.528
1752.35	341.328
1752.64	330.518
1752.94	330.545
1753.24	327.875
1753.54	327.401
1753.83	327.691
1754.13	330.684
1754.43	324.894
1754.73	325.098
1755.02	328.131
1755.32	328.593
1755.62	334.357
1755.92	330.661
1756.21	328.925
1756.51	329.385
1756.81	330.96
1757.11	328.909
1757.4	325.359
1757.7	328.834
1758	331.02
1758.3	328.769
1758.59	328.387
1758.89	328.533
1759.19	329.421
1759.48	324.51
1759.78	332.544
1760.08	327.184
1760.38	330.449
1760.67	328.859
1760.97	327.434
1761.27	326.279
1761.56	328.836
1761.86	333.465
1762.16	328.583
1762.45	331.218
1762.75	326.039
1763.05	330.264
1763.35	331.093
1763.64	332.413
1763.94	329.651
1764.24	331.109
1764.53	332.045
1764.83	328.993
1765.13	327.979
1765.42	328.731
1765.72	329.007
1766.02	331.572
1766.32	327.868
1766.61	332.167
1766.91	326.601
1767.21	323.749
1767.5	329.745
1767.8	326.923
1768.09	324.602
1768.39	329.738
1768.69	328.589
1768.99	323.632
1769.28	322.252
1769.58	325.148
1769.88	326.523
1770.17	330.313
1770.47	330.778
1770.76	329.148
1771.06	330.832
1771.36	329.067
1771.65	330.055
1771.95	326.445
1772.25	329.086
1772.54	330.289
1772.84	329.5
1773.14	329.539
1773.43	329.338
1773.73	325.909
1774.03	324.632
1774.32	329.414
1774.62	330.535
1774.91	326.539
1775.21	328.866
1775.51	328.703
1775.8	331.569
1776.1	332.956
1776.4	327.921
1776.69	329.532
1776.99	327.585
1777.28	331.88
1777.58	329.077
1777.88	328.828
1778.17	330.095
1778.47	330.433
1778.76	326.179
1779.06	326.432
1779.36	327.662
1779.65	326.924
1779.95	327.858
1780.24	329.047
1780.54	326.279
1780.84	326.36
1781.13	328.103
1781.43	326.545
1781.72	327.883
1782.02	326.701
1782.32	323.282
1782.61	325.502
1782.91	326.902
1783.2	324.516
1783.5	325.287
1783.79	329.673
1784.09	327.535
1784.39	328.864
1784.68	323.767
1784.98	329.366
1785.27	327.485
1785.57	324.9
1785.87	329.393
1786.16	332.156
1786.46	332.115
1786.75	330.03
1787.05	329.376
1787.34	330.609
1787.64	330.765
1787.93	330.618
1788.23	332.073
1788.52	329.971
1788.82	327.392
1789.12	326.543
1789.41	327.585
1789.71	329.747
1790	326.486
1790.3	328.924
1790.59	326.769
1790.89	326.449
1791.18	328.21
1791.48	329.639
1791.77	329.056
1792.07	332.817
1792.36	332.511
1792.66	328.525
1792.96	329.376
1793.25	330.348
1793.55	327.39
1793.84	329.613
1794.14	329.556
1794.43	333.626
1794.73	332.411
1795.02	325.385
1795.32	325.899
1795.61	327.833
1795.91	330.727
1796.2	330.752
1796.5	328.434
1796.79	326.884
1797.09	331.499
1797.38	325.737
1797.68	332.388
1797.97	330.599
1798.27	327.807
1798.56	329.31
1798.86	327.155
1799.15	330.278
1799.45	327.413
1799.74	332.859
1800.04	331.302
1800.33	331.305
1800.63	329.165
1800.92	331.185
1801.21	335.065
1801.51	335.888
1801.8	328.724
1802.1	326.538
1802.39	332.345
1802.69	332.021
1802.98	332.943
1803.28	329.866
1803.57	331.175
1803.87	333.219
1804.16	332.727
1804.46	329.324
1804.75	330.404
1805.04	332.498
1805.34	331.968
1805.63	333.296
1805.93	331.264
1806.22	330.007
1806.52	329.28
1806.81	330.557
1807.11	329.868
1807.4	330.518
1807.69	334.496
1807.99	332.239
1808.28	334
1808.58	331.284
1808.87	330.939
1809.17	332.99
1809.46	331.407
1809.76	330.749
1810.05	328.068
1810.34	331.342
1810.64	329.431
1810.93	328.71
1811.23	326.751
1811.52	327.244
1811.81	331.766
1812.11	330.339
1812.4	330.253
1812.7	328.405
1812.99	331.698
1813.28	329.702
1813.58	330.828
1813.87	328.683
1814.17	330.764
1814.46	329.275
1814.76	327.963
1815.05	328.74
1815.34	328.785
1815.64	330.189
1815.93	334.927
1816.22	331.174
1816.52	327.875
1816.81	328.938
1817.1	328.469
1817.4	327.798
1817.69	327.189
1817.99	329.031
1818.28	333.118
1818.57	333.93
1818.87	332.526
1819.16	331.904
1819.46	327.891
1819.75	326.297
1820.04	330.924
1820.34	330.491
1820.63	332.774
1820.92	330.031
1821.22	327.839
1821.51	330.925
1821.8	333.183
1822.1	334.21
1822.39	330.874
1822.69	327.797
1822.98	331.007
1823.27	332.66
1823.57	329.697
1823.86	330.723
1824.15	333.28
1824.45	332.101
1824.74	332.007
1825.03	331.63
1825.33	331.517
1825.62	330.343
1825.91	329.102
1826.2	329.861
1826.5	329.97
1826.79	331.25
1827.08	331.14
1827.38	328.874
1827.67	330.261
1827.96	330.849
1828.26	331.152
1828.55	333.576
1828.84	332.981
1829.14	332.261
1829.43	329.712
1829.72	331.569
1830.02	332.658
1830.31	331.882
1830.6	329.904
1830.89	331.131
1831.19	327.849
1831.48	329.357
1831.77	328.029
1832.07	326.073
1832.36	328.533
1832.65	330.588
1832.95	328.898
1833.24	331.402
1833.53	331.052
1833.82	329.398
1834.12	335.075
1834.41	328.295
1834.7	330.59
1835	334.025
1835.29	330.018
1835.58	333.985
1835.87	330.512
1836.17	330.001
1836.46	326.15
1836.75	331.767
1837.05	328.888
1837.34	334.867
1837.63	329.908
1837.92	329.278
1838.22	329.252
1838.51	331.78
1838.8	331.898
1839.09	334.144
1839.38	335.947
1839.68	331.102
1839.97	332.369
1840.26	332.958
1840.55	328.172
1840.85	330.591
1841.14	325.912
1841.43	332.413
1841.72	328.87
1842.02	331.169
1842.31	331.263
1842.6	333.1
1842.89	332.781
1843.19	334.072
1843.48	331.829
1843.77	329.748
1844.06	330.138
1844.36	333.052
1844.65	326.877
1844.94	331.494
1845.23	334.428
1845.52	330.182
1845.82	331.344
1846.11	335.107
1846.4	332.443
1846.69	334.571
1846.98	329.628
1847.28	326.384
1847.57	327.343
1847.86	332.076
1848.15	334.641
1848.44	331.564
1848.74	328.799
1849.03	329.17
1849.32	327.743
1849.61	327.742
1849.9	334.918
1850.19	331.284
1850.49	330.22
1850.78	330.827
1851.07	329.111
1851.36	332.258
1851.65	332.559
1851.95	328.08
1852.24	326.028
1852.53	326.804
1852.82	332.952
1853.11	331.352
1853.4	332.381
1853.7	331.885
1853.99	331.144
1854.28	328.814
1854.57	330.142
1854.86	332.568
1855.16	333.136
1855.45	332.161
1855.74	332.817
1856.03	328.422
1856.32	327.23
1856.61	334.902
1856.9	332.814
1857.19	333.592
1857.49	331.961
1857.78	332.495
1858.07	332.956
1858.36	330.743
1858.65	327.901
1858.79	329.221
1859.09	329.37
1859.38	331.415
1859.67	332.855
1859.97	331.29
1860.26	328.226
1860.55	330.146
1860.85	334.058
1861.14	334.394
1861.43	331.402
1861.73	329.643
1862.02	332.472
1862.31	333.669
1862.61	330.311
1862.9	330.121
1863.19	328.835
1863.49	328.855
1863.78	328.434
1864.07	333.665
1864.37	332.616
1864.66	333.816
1864.95	326.541
1865.24	325.775
1865.54	331.529
1865.83	331.965
1866.12	327.554
1866.42	326.476
1866.71	334.31
1867	332.331
1867.3	335.332
1867.59	328.256
1867.88	326.277
1868.18	329.648
1868.47	328.054
1868.76	332.586
1869.05	331.524
1869.35	331.007
1869.64	325.35
1869.93	328.26
1870.23	322.675
1870.52	334.687
1870.81	327.558
1871.1	334.861
1871.4	333.005
1871.69	329.355
1871.98	332.772
1872.27	330.403
1872.57	328.661
1872.86	332.016
1873.15	332.817
1873.45	325.078
1873.74	332.568
1874.03	330.131
1874.32	334.109
1874.62	332.638
1874.91	327.995
1875.2	329.723
1875.49	330.86
1875.79	330.055
1876.08	332.245
1876.37	329.372
1876.66	331.796
1876.96	330.684
1877.25	326.694
1877.54	337.434
1877.83	326.606
1878.12	330.403
1878.42	329.635
1878.71	329.821
1879	326.452
1879.29	328.711
1879.59	329.195
1879.88	330.163
1880.17	332.578
1880.46	324.788
1880.75	330.987
1881.05	332.51
1881.34	333.573
1881.63	334.375
1881.92	332.631
1882.21	327.972
1882.51	328.893
1882.8	330.842
1883.09	333.512
1883.38	330.999
1883.67	329.943
1883.97	325.858
1884.26	324.682
1884.55	330.695
1884.84	328.332
1885.13	328.52
1885.43	329.637
1885.72	326.672
1886.01	328.654
1886.3	328.916
1886.59	328.474
1886.89	329.173
1887.18	328.418
1887.47	332.292
1887.76	329.747
1888.05	332.503
1888.35	330.655
1888.64	333.078
1888.93	330.649
1889.22	330.675
1889.51	328.473
1889.8	329.225
1890.1	324.272
1890.39	329.969
1890.68	327.136
1890.97	331.388
1891.26	330.609
1891.55	326.578
1891.84	326.588
1892.14	330.163
1892.43	326.759
1892.72	330.15
1893.01	327.181
1893.3	330.569
1893.59	327.364
1893.88	330.795
1894.18	333.575
1894.47	336.112
1894.76	332.361
1895.05	328.016
1895.34	332.651
1895.63	325.362
1895.92	327.306
1896.22	328.683
1896.51	332.526
1896.8	329.145
1897.09	331.059
1897.38	328.896
1897.67	330.578
1897.96	329.168
1898.25	331.223
1898.55	328.808
1898.84	327.076
1899.13	329.739
1899.42	329.128
1899.71	327.916
1900	329.402
1900.29	327.339
1900.58	327.964
1900.87	331.003
1901.16	326.468
1901.46	327.388
1901.75	329.917
1902.04	328.925
1902.33	332.488
1902.62	329.931
1902.91	325.447
1903.2	328.902
1903.49	327.02
1903.78	326.157
1904.07	327.482
1904.36	327.616
1904.65	334.016
1904.95	326.945
1905.24	329.939
1905.53	329.62
1905.82	327.844
1906.11	330.86
1906.4	329.65
1906.69	328.094
1906.98	328.916
1907.27	329.41
1907.56	329.361
1907.85	331.16
1908.14	332.556
1908.43	327.156
1908.72	330.083
1909.01	326.493
1909.3	330.272
1909.6	327.455
1909.89	329.178
1910.18	333.546
1910.47	331.048
1910.76	328.745
1911.05	327.189
1911.34	323.934
1911.63	332.039
1911.92	329.584
1912.21	333.99
1912.5	327.761
1912.79	335.355
1913.08	331.949
1913.37	325.491
1913.66	328.797
1913.95	329.654
1914.24	330.563
1914.53	328.002
1914.82	328.097
1915.11	328.755
1915.4	329.116
1915.69	325.623
1915.98	334.468
1916.27	330.323
1916.56	326.978
1916.85	331.886
1917.14	329.592
1917.43	332.075
1917.72	332.476
1918.01	328.564
1918.3	332.896
1918.59	326.987
1918.88	327.285
1919.17	329.62
1919.46	330.248
1919.75	331.082
1920.04	330.616
1920.33	333.767
1920.62	329.019
1920.91	329.664
1921.2	328.004
1921.49	329.866
1921.78	332.343
1922.07	336.807
1922.36	330.883
1922.65	329.779
1922.94	331.935
1923.23	324.502
1923.52	329.195
1923.81	334.193
1924.1	328.166
1924.39	330.816
1924.68	327.199
1924.97	330.572
1925.26	330.52
1925.55	328.848
1925.84	327.166
1926.13	328.802
1926.42	332.472
1926.71	332.911
1927	330.216
1927.29	329.986
1927.57	329.853
1927.86	331.407
1928.15	327.813
1928.44	337.521
1928.73	334.262
1929.02	327.355
1929.31	328.659
1929.6	331.454
1929.89	333.904
1930.18	329.842
1930.47	330.538
1930.76	331.883
1931.05	330.793
1931.34	333.345
1931.62	330.885
1931.91	330.505
1932.2	326.744
1932.49	327.277
1932.78	330.151
1933.07	331.434
1933.36	330.778
1933.65	328.637
1933.94	328.895
1934.23	327.812
1934.52	333.209
1934.81	330.418
1935.09	324.618
1935.38	327.565
1935.67	325.975
1935.96	326.79
1936.25	330.433
1936.54	328.242
1936.83	332.824
1937.12	332.593
1937.41	331.586
1937.69	330.332
1937.98	332.716
1938.27	332.248
1938.56	329.734
1938.85	328.014
1939.14	330.97
1939.43	328.728
1939.72	333.132
1940	333.907
1940.29	329.29
1940.58	329.126
1940.87	330.338
1941.16	332.542
1941.45	329.886
1941.74	333.806
1942.02	328.459
1942.31	326.205
1942.6	332.951
1942.89	333.456
1943.18	330.266
1943.47	330.104
1943.76	330.079
1944.04	330.173
1944.33	331.909
1944.62	334.488
1944.91	328.444
1945.2	331.1
1945.49	332.879
1945.77	328.108
1946.06	334.105
1946.35	327.373
1946.64	330.962
1946.93	327.271
1947.22	328.757
1947.51	330.839
1947.79	328.88
1948.08	331.51
1948.37	333.046
1948.66	331.056
1948.95	330.854
1949.23	328.315
1949.52	331.613
1949.81	327.519
1950.1	329.266
1950.39	330.464
1950.68	331.194
1950.96	336.333
1951.25	329.678
1951.54	334.412
1951.83	331.021
1952.12	326.63
1952.4	328.474
1952.69	328.352
1952.98	329.699
1953.27	333.704
1953.56	335.682
1953.84	330.493
1954.13	330.064
1954.42	331.183
1954.71	331.724
1954.99	333.876
1955.28	332.515
1955.57	332.954
1955.86	330.32
1956.15	326.43
1956.43	328.666
1956.72	329.678
1957.01	334.222
1957.3	327.918
1957.59	333.884
1957.87	331.421
1958.16	331.02
1958.45	329.255
1958.74	332.784
1959.02	330.878
1959.31	329.528
1959.6	326.5
1959.89	330.89
1960.17	335.688
1960.46	329.455
1960.75	330.944
1961.04	336.978
1961.32	327.168
1961.61	334.077
1961.9	333.421
1962.19	331.362
1962.47	328.264
1962.76	329.49
1963.05	328.005
1963.34	328.979
1963.62	328.741
1963.91	331.565
1964.2	332.634
1964.48	325.698
1964.77	330.042
1965.06	331.411
1965.35	329.692
1965.63	328.411
1965.92	329.085
1966.21	326.065
1966.5	332.756
1966.78	332.607
1967.07	327.831
1967.36	333.124
1967.64	327.181
1967.93	331.308
1968.22	331.996
1968.5	331.976
1968.79	332.47
1969.08	326.843
1969.37	331.915
1969.65	328.254
1969.94	330.906
1970.23	329.153
1970.51	330.728
1970.8	327.279
1971.09	334.319
1971.37	329.247
1971.66	333.464
1971.95	335.728
1972.24	328.315
1972.52	331.189
1972.81	330.464
1973.1	326.254
1973.38	334.743
1973.67	332.425
1973.96	332.266
1974.24	332.559
1974.53	331.624
1974.82	331.033
1975.1	334.026
1975.39	332.152
1975.68	334.614
1975.96	334.666
1976.25	330.123
1976.54	332.062
1976.82	326.041
1977.11	325.389
1977.4	327.776
1977.68	331.781
1977.97	333.608
1978.26	327.296
1978.54	330.679
1978.83	333.351
1979.11	331.355
1979.4	331.661
1979.69	331.216
1979.97	333.378
1980.26	329.046
1980.55	329.402
1980.83	328.052
1981.12	333.372
1981.4	328.892
1981.69	327.081
1981.98	332.72
1982.26	328.933
1982.55	332.282
1982.84	327.559
1983.12	330.677
1983.41	331.899
1983.69	327.805
1983.98	331.377
1984.27	328.619
1984.55	332.226
1984.84	330.792
1985.13	327.218
1985.41	328.717
1985.7	332.464
1985.98	333.735
1986.27	327.447
1986.56	325.823
1986.84	329.916
1987.13	330.723
1987.41	332.28
1987.7	329.693
1987.99	329.422
1988.27	333.963
1988.56	329.161
1988.84	331.817
1989.13	332.82
1989.41	328.055
1989.7	327.846
1989.99	328.583
1990.27	332.645
1990.56	328.375
1990.84	327.134
1991.13	331.274
1991.42	332.663
1991.7	326.551
1991.99	329.546
1992.27	336.037
1992.56	332.634
1992.84	330.341
1993.13	334.368
1993.42	329.29
1993.7	328.134
1993.99	332.522
1994.27	328.556
1994.56	331.031
1994.84	328.573
1995.13	328.924
1995.41	329.206
1995.7	330.466
1995.98	331.336
1996.27	332.006
1996.56	329.99
1996.84	329.907
1997.13	323.738
1997.41	337.152
1997.7	332.031
1997.98	329.956
1998.27	333.773
1998.55	329.985
1998.84	331.855
1999.12	329.915
1999.41	322.442
1999.69	333.354
1999.98	331.6
1999.99	336
