1200.11	460.054
1200.43	457.383
1200.76	458.781
1201.08	461.773
1201.4	455.153
1201.73	466.32
1202.05	468.663
1202.37	461.773
1202.7	464.213
1203.02	459.865
1203.34	459.21
1203.67	466.956
1203.99	458.852
1204.32	467.789
1204.64	464.67
1204.96	460.716
1205.29	457.335
1205.61	464.81
1205.93	466.605
1206.26	466.705
1206.58	454.778
1206.9	457.115
1207.23	466.751
1207.55	457.995
1207.87	464.992
1208.2	464.247
1208.52	466.426
1208.84	459.961
1209.16	454.639
1209.49	468.669
1209.81	469.53
1210.13	455.184
1210.46	469.098
1210.78	471.128
1211.1	464.316
1211.42	460.433
1211.75	467.002
1212.07	471.588
1212.39	476.294
1212.72	470.915
1213.04	469.592
1213.36	463.082
1213.69	459.981
1214.01	466.319
1214.33	460.705
1214.65	459.279
1214.98	466.217
1215.3	475.008
1215.62	473.044
1215.95	474.51
1216.27	470.862
1216.59	465.857
1216.91	476.253
1217.24	470.063
1217.56	467.302
1217.88	473.793
1218.2	464.501
1218.53	467.701
1218.85	465.083
1219.17	467.474
1219.5	469.064
1219.82	478.64
1220.14	470.361
1220.46	465.437
1220.78	467.938
1221.11	465.983
1221.43	469.401
1221.75	474.388
1222.07	463.638
1222.4	468.775
1222.72	461.479
1223.04	467.277
1223.36	468.735
1223.69	472.92
1224.01	465.197
1224.33	461.43
1224.65	457.865
1224.97	458.413
1225.3	465.368
1225.62	467.002
1225.94	475.935
1226.26	473.383
1226.58	471.387
1226.91	467.977
1227.23	469.016
1227.55	473.464
1227.87	470.69
1228.2	470.624
1228.52	462.481
1228.84	463.101
1229.16	467.371
1229.48	469.307
1229.81	474.794
1230.13	469.032
1230.45	471.221
1230.77	465.274
1231.09	469.004
1231.41	467.214
1231.74	471.372
1232.06	464.733
1232.38	466.902
1232.7	472.413
1233.02	471.2
1233.35	468.199
1233.67	466.226
1233.99	469.276
1234.31	472.968
1234.63	465.673
1234.95	471.494
1235.28	465.545
1235.6	473.693
1235.92	462.325
1236.24	472.763
1236.56	471.703
1236.88	470.664
1237.2	465.314
1237.53	469.254
1237.85	470.292
1238.17	474.193
1238.49	465.215
1238.81	465.448
1239.13	466.899
1239.46	476.452
1239.78	477.813
1240.1	478.809
1240.42	475.03
1240.74	465.31
1241.06	469.187
1241.38	465.948
1241.7	471.465
1242.03	477.548
1242.35	469.01
1242.67	467.851
1242.99	465.307
1243.31	471.146
1243.63	472.749
1243.95	473.768
1244.27	469.131
1244.59	467.905
1244.92	471.744
1245.24	467.973
1245.56	472.256
1245.88	470.083
1246.2	463.929
1246.52	471.995
1246.84	467.592
1247.16	469.628
1247.48	467.095
1247.8	471.54
1248.12	467.82
1248.45	471.386
1248.77	471.728
1249.09	469.74
1249.41	465.448
1249.73	469.451
1250.05	468.998
1250.37	471.125
1250.69	467.341
1251.01	458.698
1251.33	467.195
1251.65	462.718
1251.97	477.327
1252.29	465.887
1252.61	471.936
1252.93	466.213
1253.26	468.899
1253.57	465.391
1253.9	474.845
1254.22	468.213
1254.54	463.721
1254.86	470.915
1255.18	467.957
1255.5	465.502
1255.82	465.787
1256.14	473.07
1256.46	469.87
1256.78	465.873
1257.1	468.655
1257.42	469.364
1257.74	462.001
1258.06	465.709
1258.38	467.283
1258.7	480.505
1259.02	472.195
1259.34	465.15
1259.66	464.175
1259.98	466.411
1260.3	464.701
1260.62	470.26
1260.94	467.853
1261.26	460.41
1261.58	469.026
1261.9	470.368
1262.22	472.307
1262.54	473.288
1262.86	471.047
1263.18	462.676
1263.5	458.648
1263.82	463.084
1264.14	476.259
1264.46	458.217
1264.78	459.536
1265.1	465.485
1265.42	460.694
1265.74	460.272
1266.06	468.359
1266.38	462.465
1266.7	460.09
1267.02	470.285
1267.34	468.721
1267.66	470.949
1267.98	469.066
1268.3	461.188
1268.62	461.585
1268.94	464.661
1269.26	465.395
1269.58	458.97
1269.9	462.841
1270.22	462.75
1270.54	462.671
1270.85	462.711
1271.17	472.946
1271.49	471.136
1271.81	469.543
1272.13	475.69
1272.45	467.981
1272.77	457.791
1273.09	472.606
1273.41	464.415
1273.73	460.059
1274.05	477.539
1274.37	461.776
1274.69	465.418
1275.01	471.186
1275.33	473.129
1275.64	457.981
1275.96	456.295
1276.28	472.984
1276.6	462.182
1276.92	475.399
1277.24	463.008
1277.56	473.369
1277.88	455.072
1278.2	461.728
1278.52	463.658
1278.84	476.835
1279.15	471.721
1279.47	462.136
1279.79	463.373
1280.11	455.016
1280.43	466.132
1280.75	474.528
1281.07	466.4
1281.39	480.583
1281.71	467.283
1282.03	468.698
1282.34	473.734
1282.66	469.876
1282.98	474.421
1283.3	481.721
1283.62	466.422
1283.94	460.818
1284.26	465.268
1284.57	474.894
1284.89	464.981
1285.21	472.891
1285.53	472.293
1285.85	464.504
1286.17	466.031
1286.49	472.039
1286.81	479.439
1287.12	473.095
1287.44	472.302
1287.76	473.116
1288.08	464.197
1288.4	462.299
1288.72	474.851
1289.03	473.451
1289.35	464.445
1289.67	469.651
1289.99	467.741
1290.31	467.826
1290.63	473.962
1290.94	464.91
1291.26	470.207
1291.58	466.822
1291.9	473.888
1292.22	470.292
1292.54	474.67
1292.85	472.19
1293.17	476.09
1293.49	477.905
1293.81	475.542
1294.13	473.455
1294.44	477.558
1294.76	479.112
1295.08	470.018
1295.4	478.195
1295.72	474.18
1296.03	474.001
1296.35	483.884
1296.67	470.035
1296.99	479.149
1297.31	477.066
1297.62	468.521
1297.94	471.792
1298.26	469.83
1298.58	472.049
1298.9	475.128
1299.21	473.458
1299.53	469.917
1299.85	469.889
1300.17	475.757
1300.48	467.682
1300.8	479.01
1301.12	482.105
1301.44	476.49
1301.76	480.453
1302.07	479.12
1302.39	484.554
1302.71	471.01
1303.03	478.401
1303.34	474.645
1303.66	476.619
1303.98	483.54
1304.3	474.553
1304.61	469.962
1304.93	479.334
1305.25	481.868
1305.57	482.585
1305.88	476.073
1306.2	478.977
1306.52	484.71
1306.84	480.665
1307.15	479.94
1307.47	479.682
1307.79	474.173
1308.1	478.215
1308.42	486.874
1308.74	484.524
1309.06	474.261
1309.37	482.522
1309.69	483.449
1310.01	479.951
1310.33	485.76
1310.64	491.38
1310.96	491.231
1311.28	485.05
1311.59	488.255
1311.91	485.696
1312.23	477.058
1312.54	491.075
1312.86	482.957
1313.18	491.284
1313.5	499.018
1313.81	487.359
1314.13	482.819
1314.45	495.024
1314.76	497.928
1315.08	487.478
1315.4	484.557
1315.71	497.831
1316.03	494.093
1316.35	501.902
1316.66	497.697
1316.98	493.018
1317.3	499.63
1317.61	503.627
1317.93	496.81
1318.25	501.311
1318.56	502.373
1318.88	499.986
1319.2	504.756
1319.51	503.043
1319.83	509.401
1320.15	512.094
1320.46	512.009
1320.78	518.291
1321.1	514.099
1321.41	516.219
1321.73	512.011
1322.05	517.329
1322.36	525.164
1322.68	529.797
1323	548.158
1323.31	534.539
1323.63	541.135
1323.94	541.154
1324.26	544.244
1324.58	557.752
1324.89	570.436
1325.21	567.432
1325.53	585.447
1325.84	607.637
1326.16	609.986
1326.47	616.667
1326.79	640.159
1327.11	655.475
1327.42	675.123
1327.74	709.583
1328.06	727.7
1328.37	751.258
1328.69	781.106
1329	803.663
1329.32	835.88
1329.64	879.161
1329.95	922.358
1330.27	933.833
1330.58	981.712
1330.9	1042.72
1331.22	1099.62
1331.53	1149.21
1331.85	1207.75
1332.16	1305.39
1332.48	1393.53
1332.79	1481.61
1333.11	1607.36
1333.43	1718.91
1333.74	1829.48
1334.06	1986.3
1334.37	2082.56
1334.69	2170.67
1335	2255.41
1335.32	2293.95
1335.63	2339.53
1335.95	2290.67
1336.27	2233.37
1336.58	2148.51
1336.9	2050.41
1337.21	1906.72
1337.53	1746.11
1337.85	1577.77
1338.16	1456.91
1338.48	1349.94
1338.79	1229.71
1339.11	1124.83
1339.42	1049.16
1339.74	995.362
1340.05	945.776
1340.37	900.31
1340.68	859.183
1341	827.402
1341.31	798.36
1341.63	766.282
1341.94	740.738
1342.26	703
1342.58	674.847
1342.89	663.935
1343.21	641.419
1343.52	618.797
1343.83	609.083
1344.15	608.276
1344.47	588.906
1344.78	565.328
1345.1	557.757
1345.41	557.528
1345.73	549.57
1346.04	543.695
1346.36	547.286
1346.67	550.953
1346.99	546.867
1347.3	531.806
1347.62	529.573
1347.93	526.18
1348.25	523.898
1348.56	514.476
1348.88	524.569
1349.19	510.688
1349.5	507.028
1349.82	522.299
1350.13	508.094
1350.45	512.467
1350.76	512.893
1351.08	503.972
1351.39	504.223
1351.71	509.387
1352.02	497.407
1352.34	505.978
1352.65	508.011
1352.97	511.464
1353.28	506.88
1353.6	503.795
1353.91	506.344
1354.22	514.467
1354.54	505.277
1354.85	501.199
1355.17	505.007
1355.48	508.23
1355.8	502.21
1356.11	502.769
1356.43	498.743
1356.74	492.724
1357.06	504.001
1357.37	498.709
1357.68	501.696
1358	500.043
1358.31	506.54
1358.63	493.808
1358.94	507.132
1359.26	506.684
1359.57	503.228
1359.88	492.403
1360.2	502.902
1360.51	504.199
1360.83	508.435
1361.14	512.788
1361.45	496.457
1361.77	499.143
1362.08	503.234
1362.4	486.195
1362.71	494.488
1363.02	499.549
1363.34	490.606
1363.65	502.109
1363.97	495.103
1364.28	500.562
1364.59	506.723
1364.91	506.447
1365.22	509.831
1365.54	512.688
1365.85	489.856
1366.16	499.181
1366.48	502.207
1366.79	497.802
1367.11	496.67
1367.42	502.416
1367.73	499.114
1368.05	488
1368.36	507.623
1368.67	496.802
1368.99	500.263
1369.3	487.318
1369.61	505.989
1369.93	493.69
1370.24	507.388
1370.55	497.184
1370.87	494.478
1371.18	499.853
1371.5	501.412
1371.81	488.303
1372.12	491.519
1372.17	494.445
1372.48	498.225
1372.8	487.512
1373.12	508.909
1373.43	501.834
1373.75	480.1
1374.06	501.091
1374.38	487.447
1374.69	500.565
1375.01	482.199
1375.32	493.584
1375.64	496.242
1375.96	493.202
1376.27	501.016
1376.59	491.133
1376.9	485.306
1377.22	500.022
1377.53	495.339
1377.85	488.235
1378.16	491.205
1378.48	495.101
1378.79	490.736
1379.11	505.253
1379.42	479.363
1379.74	504.623
1380.05	499.426
1380.37	487.173
1380.69	484.51
1381	491.018
1381.32	504.196
1381.63	492.498
1381.94	493.523
1382.26	476.709
1382.58	484.001
1382.89	498.375
1383.21	488.694
1383.52	492.929
1383.84	498.896
1384.15	486.17
1384.47	493.03
1384.78	500.99
1385.1	493.075
1385.41	494.49
1385.73	489.062
1386.04	470.447
1386.35	486.074
1386.67	494.891
1386.99	481.853
1387.3	492.078
1387.61	494.154
1387.93	493.663
1388.24	495.993
1388.56	489.522
1388.87	477.457
1389.19	486.969
1389.5	492.845
1389.82	487.083
1390.13	481.247
1390.45	474.905
1390.76	476.058
1391.08	486.286
1391.39	491.039
1391.71	480.805
1392.02	493.645
1392.33	497.777
1392.65	492.574
1392.96	483.047
1393.28	493.171
1393.59	492.035
1393.91	480.18
1394.22	484.072
1394.54	491.303
1394.85	488.557
1395.16	487.986
1395.48	486.312
1395.79	490.343
1396.11	485.953
1396.42	482.032
1396.73	477.55
1397.05	495.203
1397.36	486.537
1397.68	486.915
1397.99	484.984
1398.31	480.867
1398.62	471.636
1398.94	484.725
1399.25	472.216
1399.56	479.544
1399.88	496.26
1400.19	483.748
1400.5	477.886
1400.82	479.557
1401.13	490.555
1401.45	483.179
1401.76	481.271
1402.08	485.67
1402.39	489.472
1402.7	484.005
1403.02	484.181
1403.33	500.526
1403.65	489.649
1403.96	486.534
1404.27	489.178
1404.59	476.54
1404.9	485.431
1405.21	487.05
1405.53	488.94
1405.84	491.062
1406.15	485.994
1406.47	502.17
1406.78	490.23
1407.09	499.123
1407.41	482.345
1407.72	494.004
1408.04	485.6
1408.35	489.246
1408.66	490.687
1408.98	486.98
1409.29	490.426
1409.6	474.86
1409.92	479.83
1410.23	477.122
1410.54	477.455
1410.86	477.602
1411.17	486.363
1411.48	497.779
1411.8	497.741
1412.11	486.592
1412.43	481.606
1412.74	483.17
1413.05	488.347
1413.36	485.679
1413.68	481.859
1413.99	485.437
1414.3	489.114
1414.62	474.439
1414.93	481.509
1415.24	488.143
1415.56	491.668
1415.87	496.694
1416.18	498.403
1416.5	495.109
1416.81	486.698
1417.12	483.269
1417.44	482.856
1417.75	490.653
1418.06	489.956
1418.37	493.179
1418.69	486.328
1419	479.794
1419.31	481.91
1419.63	488.005
1419.94	495.604
1420.25	480.75
1420.56	487.126
1420.88	491.308
1421.19	490.893
1421.5	482.051
1421.82	492.592
1422.13	497.109
1422.44	496.17
1422.76	493.398
1423.07	481.201
1423.38	489.936
1423.69	494.73
1424.01	488.268
1424.32	493.459
1424.63	497.099
1424.94	494.804
1425.26	478.579
1425.57	485.495
1425.88	485.916
1426.19	486.348
1426.51	487.251
1426.82	490.008
1427.13	501.204
1427.44	498.808
1427.76	503.958
1428.07	498.702
1428.38	490.683
1428.69	500.017
1429.01	501.141
1429.32	502.617
1429.63	498.456
1429.94	501.028
1430.25	487.677
1430.57	491.421
1430.88	494.338
1431.19	488.632
1431.5	497.289
1431.82	494.992
1432.13	493.725
1432.44	485.082
1432.75	488.457
1433.06	493.806
1433.38	505.434
1433.69	503.164
1434	504.701
1434.31	489.401
1434.62	508.197
1434.94	506.195
1435.25	504.926
1435.56	491.755
1435.87	487.944
1436.18	497.851
1436.5	508.339
1436.81	502.922
1437.12	495.97
1437.43	494.816
1437.74	489.366
1438.06	501.692
1438.37	498.027
1438.68	499.955
1438.99	500.649
1439.3	496.008
1439.61	501.75
1439.93	505.007
1440.24	510.865
1440.55	511.527
1440.86	495.852
1441.17	507.322
1441.48	501.72
1441.8	479.357
1442.11	502.165
1442.42	490.738
1442.73	491.567
1443.04	500.72
1443.35	501.637
1443.67	503.274
1443.98	508.287
1444.29	504.47
1444.6	494.468
1444.91	508.218
1445.22	505.073
1445.53	512.844
1445.85	509.563
1446.16	499.78
1446.47	505.351
1446.78	501.293
1447.09	494.626
1447.4	501.716
1447.71	514.828
1448.02	506.551
1448.33	510.471
1448.65	505.352
1448.96	498.563
1449.27	498.549
1449.58	504.592
1449.89	506.66
1450.2	511.407
1450.51	511.7
1450.82	509.691
1451.14	504.803
1451.45	509.154
1451.76	501.168
1452.07	504.28
1452.38	510.848
1452.69	508.88
1453	504.836
1453.31	507.394
1453.62	521.113
1453.93	517.201
1454.25	511.254
1454.56	512.411
1454.87	516.755
1455.18	507.514
1455.49	507.586
1455.8	513.957
1456.11	502.923
1456.42	503.495
1456.73	504.082
1457.04	508.543
1457.35	513.913
1457.66	508.836
1457.97	504.842
1458.28	507.022
1458.59	510.739
1458.9	505.34
1459.22	502.165
1459.53	506.543
1459.84	511.668
1460.15	514.581
1460.46	515.126
1460.77	506.233
1461.08	503.346
1461.39	507.147
1461.7	510.072
1462.01	512.057
1462.32	496.08
1462.63	498.144
1462.94	500.725
1463.25	503.933
1463.56	509.115
1463.87	513.707
1464.18	506.815
1464.49	507.142
1464.8	507.128
1465.11	505.812
1465.42	502.077
1465.73	501.087
1466.04	501.011
1466.35	503.608
1466.66	500.184
1466.97	516.046
1467.28	512.142
1467.59	519.507
1467.9	519.72
1468.21	505.499
1468.52	499.585
1468.83	517
1469.14	509.356
1469.45	509.604
1469.76	491.395
1470.07	494.809
1470.38	493.029
1470.69	516.684
1471	507.273
1471.31	514.712
1471.62	505.202
1471.93	513.679
1472.24	509.72
1472.55	513.167
1472.86	507.574
1473.17	515.877
1473.48	496.726
1473.79	501.536
1474.1	510.719
1474.41	511.89
1474.72	504.716
1475.03	507.488
1475.34	510.07
1475.65	511.03
1475.96	515.008
1476.27	509.296
1476.58	509.81
1476.89	505.104
1477.2	497.917
1477.51	506.866
1477.82	507.072
1478.13	509.642
1478.44	511.774
1478.74	512.603
1479.05	517.571
1479.36	513.915
1479.67	498.41
1479.98	511.376
1480.29	518.972
1480.6	501.233
1480.91	514.799
1481.22	513.139
1481.53	494.085
1481.84	506.97
1482.15	503.871
1482.46	513.064
1482.77	505.069
1483.07	502.304
1483.38	516.657
1483.69	511.189
1484	507.961
1484.31	516.567
1484.62	503.671
1484.93	525.539
1485.24	503.609
1485.55	513.745
1485.86	499.427
1486.17	495.886
1486.47	500.336
1486.78	506.312
1487.09	503.529
1487.4	524.607
1487.71	517.31
1488.02	507.181
1488.33	510.912
1488.64	506.767
1488.94	510.682
1489.25	513.482
1489.56	505.569
1489.87	511.239
1490.18	500.377
1490.49	496.092
1490.8	501.935
1491.11	500.221
1491.41	498.1
1491.72	505.964
1492.03	505.527
1492.34	508.124
1492.65	500.798
1492.96	505.903
1493.27	508.372
1493.57	506.931
1493.88	499.529
1494.19	507.94
1494.5	501.264
1494.81	501.99
1495.12	513.693
1495.43	504.035
1495.73	503.461
1496.04	509.316
1496.35	507.094
1496.66	499.454
1496.97	501.168
1497.28	502.673
1497.58	496.969
1497.89	502.444
1498.2	511.075
1498.51	508.463
1498.82	503.957
1499.13	500.527
1499.43	503.046
1499.74	510.54
1500.05	503.217
1500.36	507.671
1500.67	501.853
1500.97	503.986
1501.28	502.436
1501.59	495.493
1501.9	495.522
1502.21	490.109
1502.51	495.111
1502.82	501.701
1503.13	504.959
1503.44	509.022
1503.74	507.226
1504.05	494.164
1504.36	487.495
1504.67	489.731
1504.98	489.135
1505.29	504.688
1505.59	503.73
1505.9	491.121
1506.21	500.871
1506.52	500.731
1506.82	498.913
1507.13	501.857
1507.44	501.028
1507.75	502.976
1508.06	501.681
1508.36	500.329
1508.67	505.022
1508.98	490.392
1509.29	493.7
1509.59	500.72
1509.9	503.162
1510.21	492.308
1510.52	505.203
1510.82	508.762
1511.13	502.061
1511.44	497.029
1511.75	492.197
1512.05	492.665
1512.36	499.817
1512.67	491.578
1512.98	493.693
1513.28	489.367
1513.59	503.376
1513.9	485.173
1514.2	486.678
1514.51	501.792
1514.82	506.078
1515.13	502.297
1515.43	498.433
1515.74	500.367
1516.05	505.909
1516.35	500.927
1516.66	491.697
1516.97	492.852
1517.28	498.088
1517.58	499.369
1517.89	499.948
1518.2	490
1518.51	495.085
1518.81	497.774
1519.12	501.932
1519.43	495.422
1519.73	499.221
1520.04	497.01
1520.35	497.913
1520.65	495.937
1520.96	504.118
1521.27	502.048
1521.57	495.067
1521.88	499.625
1522.19	500.615
1522.5	491.09
1522.8	507.833
1523.11	496.252
1523.41	491.553
1523.72	505.146
1524.03	493.192
1524.34	492.32
1524.64	497.581
1524.95	505.323
1525.26	493.971
1525.56	484.121
1525.87	500.247
1526.17	499.012
1526.48	494.06
1526.79	496.454
1527.1	497.753
1527.4	499.694
1527.71	490.406
1528.02	495.355
1528.32	507.465
1528.63	497.346
1528.93	497.611
1529.24	492.483
1529.55	495.175
1529.85	484.019
1530.16	497.626
1530.47	496.873
1530.77	496.75
1531.08	506.368
1531.38	500.56
1531.69	507.923
1532	502.292
1532.3	497.33
1532.61	495.154
1532.92	503.468
1533.22	498.116
1533.53	498.448
1533.84	482.685
1534.14	496.102
1534.45	505.063
1534.75	494.521
1535.06	499.436
1535.37	488.585
1535.67	493.138
1535.98	503.396
1536.28	493.004
1536.59	492.209
1536.9	493.917
1537.2	506.264
1537.51	490.044
1537.81	499.343
1538.12	493.213
1538.42	494.04
1538.73	494.86
1539.04	493.329
1539.34	488.663
1539.65	504.801
1539.95	504.013
1540.26	495.932
1540.56	494.771
1540.67	495.621
1540.98	510.283
1541.29	510.911
1541.59	496.773
1541.9	502.925
1542.21	501.796
1542.52	499.578
1542.82	507.746
1543.13	504.754
1543.44	503.261
1543.75	501.384
1544.05	512.435
1544.36	494.728
1544.67	489.557
1544.98	503.479
1545.29	489.34
1545.59	496.3
1545.9	507.737
1546.21	499.092
1546.52	514.087
1546.82	499.463
1547.13	506.267
1547.44	501.334
1547.75	499.02
1548.05	501.93
1548.36	508.355
1548.67	508.276
1548.98	516.003
1549.28	509.843
1549.59	506.423
1549.9	507.45
1550.2	505.046
1550.51	504.564
1550.82	524.912
1551.13	510.013
1551.43	511.681
1551.74	501.04
1552.05	505.758
1552.36	505.847
1552.66	514.586
1552.97	515.188
1553.28	519.659
1553.59	511.626
1553.89	499.401
1554.2	505.275
1554.51	502.347
1554.81	503.999
1555.12	510.932
1555.43	509.722
1555.73	515.933
1556.04	509.447
1556.35	513.407
1556.65	509.299
1556.96	498.22
1557.27	505.145
1557.58	508.757
1557.88	521.53
1558.19	516.341
1558.5	524.797
1558.8	522.561
1559.11	515.178
1559.42	508.829
1559.72	507.375
1560.03	505.782
1560.34	498.43
1560.64	507.562
1560.95	503.556
1561.26	510.475
1561.56	509.799
1561.87	506.245
1562.18	512.121
1562.48	515.578
1562.79	510.599
1563.1	508.539
1563.4	515.019
1563.71	506.878
1564.02	510.663
1564.32	508.254
1564.63	501.12
1564.93	510.675
1565.24	512.381
1565.55	511.258
1565.85	514.398
1566.16	508.153
1566.47	510.173
1566.77	513.331
1567.08	512.909
1567.39	502.938
1567.69	516.009
1568	509.467
1568.31	507.416
1568.61	513.741
1568.92	507.488
1569.22	514.239
1569.53	514.166
1569.84	512.513
1570.14	514.601
1570.45	520.603
1570.75	518.596
1571.06	508.958
1571.37	521.719
1571.67	507.783
1571.98	508.012
1572.29	508.026
1572.59	517.267
1572.9	507.076
1573.2	510.19
1573.51	517.417
1573.81	524.45
1574.12	510.719
1574.43	510.41
1574.73	514.745
1575.04	512.895
1575.34	514.729
1575.65	503.685
1575.96	520.333
1576.26	518.477
1576.57	512.64
1576.87	506.402
1577.18	508.35
1577.48	502.286
1577.79	513.174
1578.1	518.134
1578.4	507.563
1578.71	511.413
1579.01	514.443
1579.32	509.691
1579.63	505.903
1579.93	510.092
1580.24	511.792
1580.54	517.476
1580.85	506.044
1581.15	504.961
1581.46	510.397
1581.76	508.137
1582.07	519.171
1582.37	520.192
1582.68	516.857
1582.99	515.262
1583.29	515.029
1583.6	506.732
1583.9	508.241
1584.21	511.279
1584.51	514.976
1584.82	507.798
1585.12	514.725
1585.43	507.285
1585.73	515.228
1586.04	518.377
1586.34	521.015
1586.65	515.483
1586.95	518.82
1587.26	506.204
1587.56	505.869
1587.87	504.893
1588.17	511.189
1588.48	521.376
1588.78	517.514
1589.09	512.368
1589.39	506.836
1589.7	512.662
1590.01	512.785
1590.31	509.79
1590.61	515.113
1590.92	512.847
1591.22	510.804
1591.53	522.371
1591.83	506.567
1592.14	528.829
1592.44	508.571
1592.75	520.416
1593.05	510.826
1593.36	509.71
1593.66	516.171
1593.97	521.25
1594.27	512.01
1594.58	511.613
1594.88	517.837
1595.19	518.126
1595.49	509.814
1595.8	511.645
1596.1	512.99
1596.41	508.913
1596.71	509.187
1597.01	516.769
1597.32	511.802
1597.62	510.466
1597.93	517.727
1598.23	509.582
1598.54	510.162
1598.84	520.432
1599.15	510.393
1599.45	505.571
1599.75	510.463
1600.06	517.23
1600.36	514.222
1600.67	511.487
1600.97	502.869
1601.28	508.084
1601.58	508.699
1601.89	513.485
1602.19	504.585
1602.49	502.943
1602.8	510.572
1603.1	511.591
1603.41	519.754
1603.71	518.421
1604.01	508.908
1604.32	506.098
1604.62	519.206
1604.93	510.218
1605.23	508.793
1605.54	522.346
1605.84	501.617
1606.14	502.736
1606.45	503.202
1606.75	507.348
1607.06	508.937
1607.36	511.371
1607.66	508.714
1607.97	516.038
1608.27	508.755
1608.57	512.698
1608.88	505.644
1609.18	513.218
1609.49	510.657
1609.79	499.58
1610.1	502.115
1610.4	504.052
1610.7	507.343
1611	508.24
1611.31	507.016
1611.61	501.052
1611.92	503.865
1612.22	493.754
1612.53	492.979
1612.83	508.114
1613.13	502.008
1613.43	519.464
1613.74	517.504
1614.04	499.232
1614.35	502.089
1614.65	509.972
1614.95	517.055
1615.26	505.232
1615.56	507.395
1615.86	505.153
1616.17	506.687
1616.47	504.544
1616.77	513.552
1617.08	518.732
1617.38	518.059
1617.68	505.274
1617.99	503.96
1618.29	510.59
1618.59	505.413
1618.9	502.603
1619.2	501.851
1619.5	505.338
1619.81	507.362
1620.11	503.987
1620.41	502.458
1620.72	501.55
1621.02	488.545
1621.32	497.063
1621.63	514.564
1621.93	506.157
1622.23	510.769
1622.54	511.145
1622.84	507.177
1623.14	496.711
1623.44	514.022
1623.75	501.198
1624.05	501.238
1624.35	502.474
1624.66	495.198
1624.96	503.606
1625.26	504.597
1625.56	494.413
1625.87	490.582
1626.17	497.882
1626.47	494.928
1626.78	506.24
1627.08	507.261
1627.38	504.4
1627.68	509.323
1627.99	504.046
1628.29	503.186
1628.59	501.872
1628.9	502.725
1629.2	497.608
1629.5	504.746
1629.8	504.36
1630.11	500.136
1630.41	497.143
1630.71	501.807
1631.01	508.198
1631.32	495.251
1631.62	497.999
1631.92	495.069
1632.22	503.411
1632.53	502.285
1632.83	500.841
1633.13	484.091
1633.43	496.032
1633.74	504.586
1634.04	493.616
1634.34	508.651
1634.64	493.414
1634.95	498.651
1635.25	489.945
1635.55	502.368
1635.85	501.434
1636.16	499.897
1636.46	493.342
1636.76	508.821
1637.06	510.467
1637.36	506.525
1637.67	491.642
1637.97	496.401
1638.27	504.895
1638.57	506.148
1638.88	503.759
1639.18	498.88
1639.48	494.726
1639.78	507.342
1640.08	493.928
1640.39	493.266
1640.69	494.469
1640.99	493.205
1641.29	497.795
1641.59	507.146
1641.9	496.208
1642.2	488.766
1642.5	491.23
1642.8	495.308
1643.1	483.593
1643.4	498.024
1643.71	507.167
1644.01	495.961
1644.31	491.355
1644.61	496.328
1644.91	494.759
1645.21	489.028
1645.52	501.275
1645.82	494.924
1646.12	481.419
1646.42	490.077
1646.72	494.131
1647.03	498.832
1647.33	490.071
1647.63	493.724
1647.93	486.58
1648.23	496.954
1648.53	486.877
1648.83	491.43
1649.14	489.001
1649.44	495.746
1649.74	494.935
1650.04	491.479
1650.34	489.598
1650.64	489.861
1650.95	492.592
1651.25	489.403
1651.55	492.77
1651.85	501.701
1652.15	497.751
1652.45	493.795
1652.75	501.52
1653.05	499.982
1653.36	496.631
1653.66	498.821
1653.96	496.206
1654.26	488.872
1654.56	484.392
1654.86	489.151
1655.16	494.452
1655.46	497.107
1655.77	491.985
1656.07	497.181
1656.37	496.601
1656.67	488.369
1656.97	486.544
1657.27	483.281
1657.57	486.792
1657.87	490.907
1658.17	495.648
1658.47	495.142
1658.77	486.97
1659.08	491.478
1659.38	499.677
1659.68	499.484
1659.98	497.78
1660.28	497.814
1660.58	489.341
1660.88	484.452
1661.18	490.336
1661.48	496.54
1661.78	499.683
1662.08	493.786
1662.39	492.591
1662.69	493.341
1662.99	484.71
1663.29	494.3
1663.59	497.974
1663.89	494.249
1664.19	483.975
1664.49	490.793
1664.79	494.512
1665.09	499.817
1665.39	504.677
1665.69	500.696
1665.99	493.342
1666.29	493.159
1666.59	496.667
1666.89	502.833
1667.2	495.966
1667.49	489.007
1667.79	500.72
1668.1	496.347
1668.4	496.883
1668.7	503.341
1669	481.914
1669.3	485.636
1669.6	482.277
1669.9	489.644
1670.2	506.348
1670.5	493.142
1670.8	490.253
1671.1	492.156
1671.4	498.595
1671.7	485.446
1672	489.442
1672.3	498.727
1672.6	493.96
1672.9	494.363
1673.2	490.332
1673.5	507.47
1673.8	493.437
1674.1	499.646
1674.4	489.126
1674.7	488.547
1675	498.767
1675.3	492.227
1675.6	498.459
1675.9	495.178
1676.2	501.225
1676.5	493.102
1676.8	501.136
1677.1	505.604
1677.4	502.12
1677.7	496.799
1678	494.774
1678.3	496.348
1678.6	500.8
1678.9	493.615
1679.2	491.214
1679.5	491.75
1679.8	492.318
1680.1	489.641
1680.4	498.512
1680.7	499.141
1681	492.148
1681.3	494.233
1681.59	489.299
1681.89	500.657
1682.19	500.577
1682.49	494.11
1682.79	490.291
1683.09	490.506
1683.39	498.507
1683.69	494.087
1683.99	496.365
1684.29	501.427
1684.59	506.761
1684.89	506.146
1685.19	496.548
1685.49	495.59
1685.79	506.65
1686.09	500.071
1686.39	502.462
1686.69	505.667
1686.98	506.548
1687.28	499.513
1687.58	501.465
1687.88	500.622
1688.18	501.306
1688.48	507.011
1688.78	505.949
1689.08	486.852
1689.38	500.639
1689.68	497.567
1689.98	507.759
1690.28	502.831
1690.57	498.91
1690.87	495.779
1691.17	497.793
1691.47	499.207
1691.77	493.881
1692.07	501.573
1692.37	490.858
1692.67	491.382
1692.97	494.719
1693.26	506.713
1693.56	500.155
1693.86	501.43
1694.16	501.044
1694.46	512.849
1694.76	496.359
1695.06	498.737
1695.36	501.081
1695.65	502.593
1695.95	508.468
1696.25	509.305
1696.55	505.496
1696.85	494.409
1697.15	501.224
1697.45	494.352
1697.75	495.687
1698.04	501.786
1698.34	499.614
1698.64	493.648
1698.94	496.334
1699.24	498.326
1699.54	496.157
1699.84	503.945
1700	508.072
1700.3	487.792
1700.6	493.38
1700.9	500.799
1701.2	505.513
1701.5	510.572
1701.8	500.173
1702.1	497.457
1702.4	503.771
1702.7	496.852
1703	503.691
1703.3	507.876
1703.6	495.997
1703.91	501.617
1704.21	490.457
1704.51	505.536
1704.81	504.319
1705.11	498.641
1705.41	499.544
1705.71	502.753
1706.01	519.759
1706.31	518.162
1706.61	495.023
1706.91	499.549
1707.21	508.785
1707.51	486.457
1707.81	491.971
1708.11	503.747
1708.41	522.48
1708.71	496.759
1709.01	513.824
1709.31	501.778
1709.61	497.603
1709.91	503
1710.21	512.896
1710.51	496.294
1710.81	503.237
1711.11	497.898
1711.41	498.909
1711.71	495.094
1712.01	503.058
1712.31	497.313
1712.61	501.768
1712.91	498.7
1713.21	496.449
1713.51	498.691
1713.81	498.81
1714.11	495.036
1714.41	495.99
1714.71	493.175
1715.01	501.284
1715.31	511.555
1715.61	500.486
1715.91	500.98
1716.21	505.696
1716.51	496.135
1716.81	496.378
1717.11	499.082
1717.41	503.57
1717.71	499.72
1718.01	505.953
1718.31	500.458
1718.61	502.489
1718.91	501.798
1719.2	501.137
1719.5	496.928
1719.8	509.798
1720.1	505.526
1720.4	498.88
1720.7	494.747
1721	501.591
1721.3	508.051
1721.6	511.304
1721.9	489.456
1722.2	502.017
1722.5	500.095
1722.8	502.56
1723.1	505.653
1723.4	516.386
1723.7	495.353
1723.99	490.089
1724.29	502.74
1724.59	507.152
1724.89	510.762
1725.19	506.013
1725.49	510.81
1725.79	503.218
1726.09	501.991
1726.39	508.09
1726.69	513.403
1726.99	503.663
1727.29	504.723
1727.58	505.698
1727.88	500.085
1728.18	498.904
1728.48	510.235
1728.78	509.598
1729.08	505.933
1729.38	504.85
1729.68	500.53
1729.98	496.207
1730.28	505.38
1730.58	499.417
1730.87	506.043
1731.17	499.939
1731.47	499.617
1731.77	499.016
1732.07	507.812
1732.37	505.563
1732.67	498.142
1732.97	499.978
1733.26	497.034
1733.56	502.575
1733.86	496.087
1734.16	513.267
1734.46	502.249
1734.76	500.505
1735.06	500.441
1735.35	502.67
1735.65	499.172
1735.95	500.339
1736.25	508.688
1736.55	495.525
1736.85	501.342
1737.15	507.52
1737.44	501.055
1737.74	497.156
1738.04	495.718
1738.34	505.718
1738.64	499.542
1738.94	508.423
1739.24	500.754
1739.53	506.856
1739.83	507.665
1740.13	498.86
1740.43	499.872
1740.73	501.745
1741.03	502.437
1741.32	509.291
1741.62	506.657
1741.92	503.679
1742.22	510.264
1742.52	503.09
1742.81	515.3
1743.11	507.274
1743.41	512.016
1743.71	511.096
1744.01	495.691
1744.31	503.178
1744.6	503.26
1744.9	510.237
1745.2	505.138
1745.5	500.547
1745.79	511.758
1746.09	488.032
1746.39	507.863
1746.69	501.576
1746.99	508.102
1747.28	491.115
1747.58	506.491
1747.88	509.002
1748.18	495.415
1748.48	506.344
1748.77	496.014
1749.07	505.829
1749.37	500.992
1749.67	485.886
1749.96	498.616
1750.26	514.71
1750.56	495.713
1750.86	507.734
1751.16	502.246
1751.45	492.276
1751.75	503.755
1752.05	512.912
1752.35	496.798
1752.64	499.15
1752.94	496.615
1753.24	500.596
1753.54	502.258
1753.83	499.503
1754.13	498.379
1754.43	494.555
1754.73	490.585
1755.02	495.325
1755.32	492.718
1755.62	502.842
1755.92	500.654
1756.21	506.646
1756.51	491.421
1756.81	494.385
1757.11	501.161
1757.4	500.352
1757.7	495.941
1758	506.32
1758.3	489.713
1758.59	499.427
1758.89	497.418
1759.19	494.514
1759.48	496.379
1759.78	496.426
1760.08	507.551
1760.38	499.326
1760.67	501.444
1760.97	495.93
1761.27	503.202
1761.56	505.586
1761.86	500.165
1762.16	506.766
1762.45	495.013
1762.75	499.313
1763.05	504.004
1763.35	499.276
1763.64	501.672
1763.94	490.575
1764.24	493.893
1764.53	507.261
1764.83	498.86
1765.13	494.614
1765.42	501.067
1765.72	500.757
1766.02	505.565
1766.32	492.755
1766.61	493.05
1766.91	495.533
1767.21	492.838
1767.5	511.413
1767.8	505.466
1768.09	493.132
1768.39	500.925
1768.69	490.66
1768.99	493.386
1769.28	493.733
1769.58	485.67
1769.88	488.559
1770.17	493.026
1770.47	499.295
1770.76	508.594
1771.06	502.561
1771.36	495.793
1771.65	495.209
1771.95	506.523
1772.25	505.743
1772.54	505.222
1772.84	503.108
1773.14	500.375
1773.43	498.408
1773.73	498.394
1774.03	494.841
1774.32	501.625
1774.62	502.3
1774.91	499.291
1775.21	493.018
1775.51	495.687
1775.8	495.055
1776.1	500.804
1776.4	498.745
1776.69	491.061
1776.99	503.932
1777.28	495.032
1777.58	495.804
1777.88	497.597
1778.17	500.432
1778.47	503.42
1778.76	500.872
1779.06	505.372
1779.36	509.039
1779.65	505.625
1779.95	497.963
1780.24	497.532
1780.54	485.683
1780.84	492.357
1781.13	503
1781.43	499.616
1781.72	499.459
1782.02	498.813
1782.32	494.407
1782.61	496.978
1782.91	498.326
1783.2	492.928
1783.5	503.703
1783.79	509.195
1784.09	501.154
1784.39	495.988
1784.68	500.623
1784.98	501.716
1785.27	495.318
1785.57	488.629
1785.87	501.768
1786.16	506.001
1786.46	496.062
1786.75	497.393
1787.05	493.261
1787.34	502.171
1787.64	497.176
1787.93	504.727
1788.23	502.944
1788.52	496.256
1788.82	496.922
1789.12	502.505
1789.41	495.399
1789.71	495.865
1790	503.359
1790.3	500.813
1790.59	488.851
1790.89	490.995
1791.18	485.91
1791.48	487.582
1791.77	496.738
1792.07	494.259
1792.36	502.763
1792.66	498.434
1792.96	500.085
1793.25	506.952
1793.55	501.391
1793.84	507.055
1794.14	498.102
1794.43	505.652
1794.73	500.14
1795.02	507.374
1795.32	500.976
1795.61	500.211
1795.91	516.763
1796.2	502.416
1796.5	504.908
1796.79	507.405
1797.09	489.754
1797.38	512.76
1797.68	498.478
1797.97	503.678
1798.27	495.87
1798.56	505.593
1798.86	499.951
1799.15	503.344
1799.45	500.083
1799.74	511.026
1800.04	514.735
1800.33	498.984
1800.63	501.893
1800.92	500.962
1801.21	508.268
1801.51	508.44
1801.8	510.719
1802.1	505.736
1802.39	501.017
1802.69	495.884
1802.98	503.903
1803.28	508.55
1803.57	511.15
1803.87	508.944
1804.16	494.615
1804.46	511.087
1804.75	509.022
1805.04	504.555
1805.34	504.623
1805.63	502.282
1805.93	501.835
1806.22	503.877
1806.52	510.346
1806.81	497.519
1807.11	505.851
1807.4	506.901
1807.69	505.18
1807.99	498.059
1808.28	496.119
1808.58	496.857
1808.87	504.872
1809.17	507.976
1809.46	515.242
1809.76	514.829
1810.05	502.923
1810.34	505.097
1810.64	503.255
1810.93	512.678
1811.23	508.059
1811.52	508.675
1811.81	505.431
1812.11	505.87
1812.4	502.28
1812.7	503.361
1812.99	508.763
1813.28	506.76
1813.58	506.592
1813.87	501.394
1814.17	500.723
1814.46	499.669
1814.76	500.559
1815.05	512.459
1815.34	516.43
1815.64	503.446
1815.93	508.729
1816.22	497.885
1816.52	502.056
1816.81	509.618
1817.1	501.661
1817.4	496.598
1817.69	504.955
1817.99	500.612
1818.28	506.369
1818.57	514.814
1818.87	511.465
1819.16	508.343
1819.46	503.779
1819.75	515.416
1820.04	513.277
1820.34	516.184
1820.63	511.391
1820.92	507.742
1821.22	515.45
1821.51	511
1821.8	507.184
1822.1	511.37
1822.39	502.394
1822.69	497.646
1822.98	503.838
1823.27	511.361
1823.57	508.235
1823.86	507.957
1824.15	512.263
1824.45	510.508
1824.74	504.74
1825.03	502.982
1825.33	500.939
1825.62	503.477
1825.91	510.518
1826.2	511.873
1826.5	508.654
1826.79	515.726
1827.08	510.71
1827.38	507.98
1827.67	510.026
1827.96	510.768
1828.26	509.84
1828.55	500.641
1828.84	512.771
1829.14	514.57
1829.43	516.745
1829.72	511.759
1830.02	523.505
1830.31	516.486
1830.6	502.635
1830.89	502.467
1831.19	505.501
1831.48	503.088
1831.77	509.884
1832.07	519.363
1832.36	521.868
1832.65	525.616
1832.95	523.013
1833.24	503.058
1833.53	503.476
1833.82	516.076
1834.12	519.764
1834.41	512.876
1834.7	503.397
1835	513.405
1835.29	512.698
1835.58	513.356
1835.87	520.127
1836.17	520.589
1836.46	504.637
1836.75	507.916
1837.05	517.647
1837.34	514.05
1837.63	514.737
1837.92	519.005
1838.22	502.697
1838.51	517.695
1838.8	513.358
1839.09	507.996
1839.38	499.37
1839.68	513.191
1839.97	500.222
1840.26	511.372
1840.55	513.666
1840.85	517.942
1841.14	504.194
1841.43	518.88
1841.72	526.809
1842.02	510.384
1842.31	511.592
1842.6	520.769
1842.89	512.273
1843.19	507.886
1843.48	508.483
1843.77	519.294
1844.06	509.499
1844.36	508.197
1844.65	509.669
1844.94	515.115
1845.23	520.422
1845.52	515.499
1845.82	510.917
1846.11	509.794
1846.4	514.631
1846.69	513.263
1846.98	515.347
1847.28	509.956
1847.57	506.734
1847.86	511.589
1848.15	504.274
1848.44	504.358
1848.74	504.367
1849.03	511.109
1849.32	511.845
1849.61	514.407
1849.9	520.005
1850.19	512.079
1850.49	511.289
1850.78	514.471
1851.07	521.132
1851.36	520.799
1851.65	510.068
1851.95	507.807
1852.24	507.494
1852.53	518.554
1852.82	502.014
1853.11	512.706
1853.4	523.607
1853.7	506.944
1853.99	512.766
1854.28	512.047
1854.57	514.384
1854.86	504.779
1855.16	519.166
1855.45	510.353
1855.74	503.935
1856.03	505.059
1856.32	508.944
1856.61	505.6
1856.9	512.841
1857.19	514.496
1857.49	510.51
1857.78	501.548
1858.07	506.346
1858.36	506.928
1858.65	509.532
1858.79	508.212
1859.09	501.571
1859.38	520.18
1859.67	521.466
1859.97	511.889
1860.26	504.037
1860.55	513.19
1860.85	510.569
1861.14	514.501
1861.43	502.596
1861.73	510.85
1862.02	510.56
1862.31	513.316
1862.61	506.309
1862.9	512.469
1863.19	503.107
1863.49	502.967
1863.78	498.227
1864.07	507.733
1864.37	511.885
1864.66	506.428
1864.95	508.341
1865.24	509.941
1865.54	526.356
1865.83	512.514
1866.12	498.287
1866.42	506.65
1866.71	512.907
1867	506.654
1867.3	509.24
1867.59	511.272
1867.88	510.455
1868.18	516.656
1868.47	503.098
1868.76	514.114
1869.05	517.08
1869.35	517.483
1869.64	511.252
1869.93	507.088
1870.23	499.397
1870.52	509.024
1870.81	496.289
1871.1	500.345
1871.4	505.234
1871.69	511.656
1871.98	514.35
1872.27	506.162
1872.57	500.631
1872.86	507.56
1873.15	511.536
1873.45	506.615
1873.74	497.831
1874.03	502.837
1874.32	499.984
1874.62	501.928
1874.91	509.354
1875.2	503.095
1875.49	503.663
1875.79	515.034
1876.08	492.882
1876.37	505.602
1876.66	503.926
1876.96	507.984
1877.25	506.777
1877.54	512.801
1877.83	505.391
1878.12	502.585
1878.42	507.423
1878.71	502.845
1879	511.131
1879.29	506.623
1879.59	499.1
1879.88	504.296
1880.17	504.026
1880.46	505.097
1880.75	502.264
1881.05	504.798
1881.34	501.037
1881.63	510.984
1881.92	502.35
1882.21	507.703
1882.51	509.644
1882.8	502.839
1883.09	508.394
1883.38	508.199
1883.67	511.733
1883.97	489.497
1884.26	496.652
1884.55	495.939
1884.84	511.435
1885.13	499.451
1885.43	499.322
1885.72	495.666
1886.01	504.654
1886.3	498.561
1886.59	502.862
1886.89	505.671
1887.18	508.174
1887.47	506.464
1887.76	499.073
1888.05	506.363
1888.35	493.997
1888.64	507.614
1888.93	497.594
1889.22	497.132
1889.51	511.436
1889.8	502.176
1890.1	504.868
1890.39	504.405
1890.68	502.827
1890.97	505.432
1891.26	507.789
1891.55	507.17
1891.84	495.181
1892.14	507.48
1892.43	506.656
1892.72	503.994
1893.01	503.103
1893.3	512.199
1893.59	506.375
1893.88	501.23
1894.18	496.718
1894.47	494.621
1894.76	499.408
1895.05	499.42
1895.34	492.83
1895.63	507.189
1895.92	512.529
1896.22	503.759
1896.51	501.385
1896.8	506.816
1897.09	515.631
1897.38	508.278
1897.67	500.816
1897.96	507.016
1898.25	504.564
1898.55	499.722
1898.84	506.311
1899.13	508.128
1899.42	507.148
1899.71	506.827
1900	501.464
1900.29	497.065
1900.58	498.617
1900.87	509.316
1901.16	502.715
1901.46	505.595
1901.75	506.315
1902.04	515.096
1902.33	513.249
1902.62	510.218
1902.91	503.324
1903.2	512.362
1903.49	500.983
1903.78	506.728
1904.07	500.508
1904.36	510.907
1904.65	504.531
1904.95	496.561
1905.24	500.126
1905.53	507.647
1905.82	494.133
1906.11	505.618
1906.4	508.827
1906.69	511.799
1906.98	505.896
1907.27	507.447
1907.56	503.915
1907.85	501.513
1908.14	501.922
1908.43	506.067
1908.72	499.866
1909.01	498.552
1909.3	509.805
1909.6	504.095
1909.89	503.542
1910.18	507.706
1910.47	502.777
1910.76	501.414
1911.05	511.285
1911.34	506.638
1911.63	502.129
1911.92	514.714
1912.21	491.579
1912.5	508.712
1912.79	512.032
1913.08	506.066
1913.37	506.176
1913.66	513.646
1913.95	509.111
1914.24	503.676
1914.53	507.626
1914.82	509.459
1915.11	508.465
1915.4	507.228
1915.69	522.08
1915.98	505.738
1916.27	507.685
1916.56	520.08
1916.85	519.629
1917.14	509.357
1917.43	508.188
1917.72	513.267
1918.01	512.783
1918.3	507.191
1918.59	509.638
1918.88	501.823
1919.17	512.713
1919.46	501.801
1919.75	520.986
1920.04	511.87
1920.33	514.902
1920.62	508.322
1920.91	505.923
1921.2	507.504
1921.49	498.874
1921.78	521.835
1922.07	512.646
1922.36	500.526
1922.65	513.428
1922.94	514.839
1923.23	508.53
1923.52	510.075
1923.81	526.083
1924.1	507.733
1924.39	526.554
1924.68	509.777
1924.97	521.836
1925.26	505.851
1925.55	508.443
1925.84	511.893
1926.13	506.561
1926.42	520.653
1926.71	522.746
1927	509.647
1927.29	505.411
1927.57	514.194
1927.86	508.349
1928.15	504.358
1928.44	519.327
1928.73	521.55
1929.02	514.568
1929.31	508.263
1929.6	508.852
1929.89	505.374
1930.18	502.334
1930.47	517.601
1930.76	521.113
1931.05	514.084
1931.34	516.135
1931.62	514.409
1931.91	518.837
1932.2	512.344
1932.49	518.49
1932.78	514.436
1933.07	516.843
1933.36	517.433
1933.65	515.032
1933.94	514.061
1934.23	517.41
1934.52	516.553
1934.81	524.816
1935.09	524.61
1935.38	518.098
1935.67	512.763
1935.96	522.758
1936.25	522.925
1936.54	509.106
1936.83	510.346
1937.12	519.502
1937.41	518.411
1937.69	514.585
1937.98	510.366
1938.27	517.759
1938.56	519.701
1938.85	503.198
1939.14	512.41
1939.43	515.055
1939.72	513.827
1940	512.916
1940.29	519.159
1940.58	510.435
1940.87	507.669
1941.16	517.275
1941.45	525.231
1941.74	526.078
1942.02	518.111
1942.31	512.047
1942.6	521.262
1942.89	522.228
1943.18	515.346
1943.47	523.912
1943.76	524.026
1944.04	515.425
1944.33	513.812
1944.62	517.423
1944.91	515.33
1945.2	516.725
1945.49	521.177
1945.77	522.791
1946.06	523.346
1946.35	525.672
1946.64	517.449
1946.93	507.214
1947.22	509.765
1947.51	516.076
1947.79	511.663
1948.08	519.144
1948.37	512.921
1948.66	519.815
1948.95	523.444
1949.23	524.531
1949.52	530.281
1949.81	514.585
1950.1	526.071
1950.39	517.572
1950.68	513.251
1950.96	519.971
1951.25	526.504
1951.54	513.092
1951.83	525.731
1952.12	523.506
1952.4	515.8
1952.69	525.688
1952.98	522.33
1953.27	508.294
1953.56	516.594
1953.84	520.088
1954.13	510.684
1954.42	519.82
1954.71	524.983
1954.99	518.559
1955.28	522.063
1955.57	523.084
1955.86	528.482
1956.15	522.45
1956.43	514.99
1956.72	515.758
1957.01	510.029
1957.3	519.831
1957.59	533.898
1957.87	524.168
1958.16	517.453
1958.45	518.499
1958.74	531.192
1959.02	523.947
1959.31	520.658
1959.6	520.038
1959.89	519.256
1960.17	528.334
1960.46	529.971
1960.75	524.924
1961.04	522.932
1961.32	529.923
1961.61	517.8
1961.9	516.112
1962.19	526.409
1962.47	527.758
1962.76	512.138
1963.05	514.055
1963.34	510.522
1963.62	523.165
1963.91	524.849
1964.2	510.273
1964.48	520.516
1964.77	524.558
1965.06	529.67
1965.35	517.339
1965.63	519.117
1965.92	514.457
1966.21	520.059
1966.5	524.496
1966.78	517.45
1967.07	519.766
1967.36	515.075
1967.64	521.5
1967.93	525.517
1968.22	517.63
1968.5	525.393
1968.79	515.558
1969.08	517.577
1969.37	509.109
1969.65	525.504
1969.94	522.373
1970.23	523.531
1970.51	519.698
1970.8	523.381
1971.09	519.762
1971.37	521.509
1971.66	514.837
1971.95	514.403
1972.24	513.749
1972.52	516.07
1972.81	528.895
1973.1	524.511
1973.38	523.004
1973.67	515.089
1973.96	527.907
1974.24	509.459
1974.53	513.616
1974.82	517.453
1975.1	519.469
1975.39	517.148
1975.68	522.548
1975.96	519.386
1976.25	523.242
1976.54	513.451
1976.82	520.805
1977.11	518.607
1977.4	518.093
1977.68	516.534
1977.97	514.002
1978.26	521.576
1978.54	523.949
1978.83	521.967
1979.11	519.23
1979.4	521.652
1979.69	521.146
1979.97	530.476
1980.26	525.148
1980.55	520.966
1980.83	524.818
1981.12	512.302
1981.4	517.439
1981.69	515.648
1981.98	503.723
1982.26	510.873
1982.55	518.973
1982.84	516.878
1983.12	519.468
1983.41	522.292
1983.69	515.053
1983.98	520.007
1984.27	518.97
1984.55	520.642
1984.84	519.019
1985.13	512.631
1985.41	517.778
1985.7	518.022
1985.98	508.879
1986.27	518.081
1986.56	517.992
1986.84	515.498
1987.13	509.023
1987.41	501.932
1987.7	520.159
1987.99	522.45
1988.27	518.006
1988.56	511.536
1988.84	516.84
1989.13	522.82
1989.41	522.154
1989.7	525.55
1989.99	526.559
1990.27	516.44
1990.56	520.038
1990.84	518.41
1991.13	518.387
1991.42	512.859
1991.7	512.859
1991.99	509.054
1992.27	511.039
1992.56	518.252
1992.84	512.113
1993.13	516.066
1993.42	520.077
1993.7	514.219
1993.99	512.973
1994.27	507.304
1994.56	512.003
1994.84	510.257
1995.13	519.575
1995.41	514.209
1995.7	509.283
1995.98	510.139
1996.27	519.98
1996.56	509.611
1996.84	524.678
1997.13	525.663
1997.41	515.429
1997.7	513.106
1997.98	510.155
1998.27	510.106
1998.55	508.592
1998.84	524.599
1999.12	506.978
1999.41	521.121
1999.69	515.076
1999.98	511.643
1999.99	510
