1200.11	326.881
1200.43	331.622
1200.76	327.839
1201.08	327.372
1201.4	326.962
1201.73	325.341
1202.05	326.306
1202.37	328.008
1202.7	327.659
1203.02	328.871
1203.34	329.158
1203.67	329.411
1203.99	327.609
1204.32	325.61
1204.64	327.333
1204.96	329.552
1205.29	327.846
1205.61	327.354
1205.93	326.119
1206.26	326.878
1206.58	328.979
1206.9	326.478
1207.23	323.952
1207.55	326.885
1207.87	327.932
1208.2	328.89
1208.52	327.544
1208.84	327.11
1209.16	325.066
1209.49	324.812
1209.81	326.068
1210.13	327.315
1210.46	329.942
1210.78	330.1
1211.1	326.825
1211.42	331.605
1211.75	327.517
1212.07	327.834
1212.39	328.853
1212.72	330.849
1213.04	327.514
1213.36	329.368
1213.69	326.131
1214.01	328.075
1214.33	330.125
1214.65	327.719
1214.98	332.969
1215.3	331
1215.62	327.877
1215.95	327.822
1216.27	326.358
1216.59	328.601
1216.91	329.08
1217.24	328.577
1217.56	330.166
1217.88	328.424
1218.2	328.925
1218.53	326.107
1218.85	330.609
1219.17	329.428
1219.5	328.667
1219.82	325.958
1220.14	327.496
1220.46	328.447
1220.78	326.308
1221.11	326.445
1221.43	328.286
1221.75	331.864
1222.07	327.287
1222.4	330.157
1222.72	325.814
1223.04	323.738
1223.36	327.449
1223.69	329.249
1224.01	327.669
1224.33	326.64
1224.65	326.996
1224.97	328.085
1225.3	325.799
1225.62	323.052
1225.94	329.142
1226.26	326.1
1226.58	329.36
1226.91	329.831
1227.23	324.27
1227.55	330.521
1227.87	326.748
1228.2	326.535
1228.52	327.422
1228.84	329.275
1229.16	325.425
1229.48	327.915
1229.81	326.69
1230.13	327.295
1230.45	329.445
1230.77	329.144
1231.09	330.007
1231.41	327.049
1231.74	334.185
1232.06	330.014
1232.38	330.019
1232.7	329.359
1233.02	331.026
1233.35	329.385
1233.67	324.944
1233.99	330.2
1234.31	328.462
1234.63	330.939
1234.95	328.293
1235.28	326.62
1235.6	324.311
1235.92	327.602
1236.24	331.236
1236.56	326.478
1236.88	330.018
1237.2	327.422
1237.53	325.882
1237.85	331.379
1238.17	328.422
1238.49	326.809
1238.81	325.944
1239.13	327.763
1239.46	326.224
1239.78	327.371
1240.1	329.562
1240.42	329.849
1240.74	328.74
1241.06	328.073
1241.38	331.281
1241.7	328
1242.03	330.608
1242.35	328.333
1242.67	327.624
1242.99	328.434
1243.31	330.639
1243.63	331.053
1243.95	329.363
1244.27	326.437
1244.59	327.843
1244.92	327.333
1245.24	329.915
1245.56	329.209
1245.88	330.147
1246.2	329.016
1246.52	331.333
1246.84	326.176
1247.16	326.473
1247.48	329.536
1247.8	328.022
1248.12	325.6
1248.45	325.637
1248.77	331.473
1249.09	330.888
1249.41	331.544
1249.73	326.811
1250.05	324.547
1250.37	328.305
1250.69	327.424
1251.01	326.805
1251.33	326.32
1251.65	325.836
1251.97	328.071
1252.29	324.619
1252.61	330.667
1252.93	326.992
1253.26	330.43
1253.57	326.776
1253.9	329.233
1254.22	326.574
1254.54	326.077
1254.86	325.736
1255.18	327.487
1255.5	327.746
1255.82	325.437
1256.14	328.131
1256.46	325.304
1256.78	324.428
1257.1	328.9
1257.42	326.727
1257.74	325.199
1258.06	322.337
1258.38	331.174
1258.7	329.378
1259.02	330.727
1259.34	328.457
1259.66	326.205
1259.98	328.14
1260.3	332.144
1260.62	329.618
1260.94	326.848
1261.26	328.709
1261.58	327.423
1261.9	332.152
1262.22	328.156
1262.54	328.439
1262.86	323.287
1263.18	328.667
1263.5	326.298
1263.82	327.039
1264.14	331.03
1264.46	326.012
1264.78	325.79
1265.1	324.843
1265.42	327.616
1265.74	324.751
1266.06	328.409
1266.38	327.651
1266.7	329.333
1267.02	328.19
1267.34	327.191
1267.66	325.718
1267.98	328.43
1268.3	327.133
1268.62	326.406
1268.94	328.509
1269.26	324.016
1269.58	329.838
1269.9	328.196
1270.22	328.251
1270.54	326.512
1270.85	330.274
1271.17	330.071
1271.49	325.829
1271.81	326.343
1272.13	327.844
1272.45	327.007
1272.77	329.884
1273.09	327.365
1273.41	324.544
1273.73	325.295
1274.05	325.632
1274.37	329.333
1274.69	328.744
1275.01	327.574
1275.33	327.681
1275.64	326.185
1275.96	327.163
1276.28	329.913
1276.6	325.443
1276.92	328.965
1277.24	326.195
1277.56	328.077
1277.88	329.209
1278.2	322.829
1278.52	327.147
1278.84	327.898
1279.15	329.543
1279.47	325.07
1279.79	323.135
1280.11	325.802
1280.43	326.479
1280.75	331.196
1281.07	324.403
1281.39	328.219
1281.71	320.329
1282.03	328.076
1282.34	328.379
1282.66	328.855
1282.98	328.315
1283.3	326.529
1283.62	328.012
1283.94	326.564
1284.26	324.65
1284.57	325.04
1284.89	325.728
1285.21	325.767
1285.53	326.64
1285.85	327.558
1286.17	330.896
1286.49	330.636
1286.81	325.145
1287.12	327.197
1287.44	325.869
1287.76	329.449
1288.08	325.934
1288.4	327.516
1288.72	328.123
1289.03	330.207
1289.35	327.938
1289.67	327.325
1289.99	327.698
1290.31	326.16
1290.63	324.136
1290.94	327.17
1291.26	328.247
1291.58	332.495
1291.9	323.927
1292.22	325.171
1292.54	325.97
1292.85	327.671
1293.17	328.716
1293.49	330.322
1293.81	328.988
1294.13	325.734
1294.44	329.689
1294.76	326.978
1295.08	327.449
1295.4	327.734
1295.72	326.249
1296.03	326.105
1296.35	326.624
1296.67	328.625
1296.99	325.937
1297.31	328.701
1297.62	327.839
1297.94	324.73
1298.26	324.523
1298.58	325.017
1298.9	328.682
1299.21	330.182
1299.53	330.335
1299.85	330.15
1300.17	328.145
1300.48	328.164
1300.8	329.456
1301.12	328.956
1301.44	329.495
1301.76	328.168
1302.07	329.457
1302.39	327.413
1302.71	329.195
1303.03	325.625
1303.34	328.281
1303.66	329.983
1303.98	329.009
1304.3	326.281
1304.61	331.16
1304.93	331.154
1305.25	328.335
1305.57	327.309
1305.88	332.964
1306.2	324.848
1306.52	327.147
1306.84	333.179
1307.15	330.173
1307.47	331.193
1307.79	328.125
1308.1	330.96
1308.42	332.545
1308.74	326.355
1309.06	327.435
1309.37	331.855
1309.69	329.685
1310.01	330.981
1310.33	332.34
1310.64	328.33
1310.96	329.788
1311.28	329.401
1311.59	330.551
1311.91	329.007
1312.23	329.091
1312.54	328.528
1312.86	332.928
1313.18	327.595
1313.5	332.454
1313.81	327.803
1314.13	329.425
1314.45	332.359
1314.76	331.037
1315.08	331.731
1315.4	327.703
1315.71	330.887
1316.03	328.564
1316.35	329.668
1316.66	333.195
1316.98	330.014
1317.3	330.646
1317.61	329.792
1317.93	328.082
1318.25	330.08
1318.56	329.603
1318.88	328.874
1319.2	331.34
1319.51	331.567
1319.83	329.675
1320.15	330.194
1320.46	330.092
1320.78	329.362
1321.1	325.797
1321.41	329.147
1321.73	333.665
1322.05	330.717
1322.36	327.767
1322.68	333.142
1323	330.889
1323.31	329.454
1323.63	332.125
1323.94	330.861
1324.26	333.431
1324.58	334.332
1324.89	334.144
1325.21	332.026
1325.53	334.366
1325.84	334.905
1326.16	337.485
1326.47	334.743
1326.79	342.671
1327.11	335.915
1327.42	328.984
1327.74	336.382
1328.06	342.204
1328.37	335.918
1328.69	337.373
1329	337.341
1329.32	342.324
1329.64	340.819
1329.95	343.239
1330.27	343.307
1330.58	338.842
1330.9	351.881
1331.22	346.657
1331.53	347.554
1331.85	353.281
1332.16	355.625
1332.48	353.059
1332.79	360.783
1333.11	360.574
1333.43	360.705
1333.74	365.965
1334.06	371.012
1334.37	377.641
1334.69	379.948
1335	382.502
1335.32	383.846
1335.63	384.844
1335.95	393.474
1336.27	389.412
1336.58	385.801
1336.9	381.752
1337.21	376.851
1337.53	373.381
1337.85	373
1338.16	369.216
1338.48	362.761
1338.79	364.518
1339.11	360.68
1339.42	358.545
1339.74	355.465
1340.05	352.173
1340.37	347.581
1340.68	343.564
1341	341.271
1341.31	343.211
1341.63	343.438
1341.94	342.252
1342.26	340.758
1342.58	335.049
1342.89	335.658
1343.21	335.615
1343.52	337.235
1343.83	339.738
1344.15	335.797
1344.47	333.71
1344.78	337.999
1345.1	338.826
1345.41	335.79
1345.73	332.619
1346.04	333.349
1346.36	329.381
1346.67	330.815
1346.99	336.876
1347.3	331.681
1347.62	332.461
1347.93	335.994
1348.25	333.2
1348.56	327.953
1348.88	328.364
1349.19	329.054
1349.5	326.278
1349.82	330.643
1350.13	333.632
1350.45	334.323
1350.76	333.827
1351.08	328.297
1351.39	329.645
1351.71	330.193
1352.02	332.393
1352.34	332.64
1352.65	329.809
1352.97	326.515
1353.28	329.302
1353.6	329.956
1353.91	328.836
1354.22	331.814
1354.54	327.339
1354.85	332.807
1355.17	332.048
1355.48	331.214
1355.8	327.351
1356.11	331.309
1356.43	331.006
1356.74	331.028
1357.06	330.268
1357.37	331.338
1357.68	329.891
1358	328.475
1358.31	329.477
1358.63	328.476
1358.94	329.219
1359.26	328.603
1359.57	324.718
1359.88	322.324
1360.2	326.992
1360.51	328.508
1360.83	327.767
1361.14	330.485
1361.45	328.192
1361.77	330.912
1362.08	328.555
1362.4	326.548
1362.71	332.834
1363.02	331.981
1363.34	329.874
1363.65	329.818
1363.97	330.343
1364.28	328.305
1364.59	331.822
1364.91	326.89
1365.22	329.354
1365.54	330.162
1365.85	328.641
1366.16	329.347
1366.48	330.228
1366.79	329.586
1367.11	327.233
1367.42	331.751
1367.73	331.846
1368.05	329.092
1368.36	329.434
1368.67	333.359
1368.99	327.314
1369.3	327.658
1369.61	326.304
1369.93	325.491
1370.24	329.126
1370.55	329.998
1370.87	333.889
1371.18	333.637
1371.5	328.84
1371.81	328.025
1372.12	329.565
1372.17	330.443
1372.48	332.634
1372.8	328.008
1373.12	328.616
1373.43	330.549
1373.75	327.793
1374.06	325.334
1374.38	328.016
1374.69	331.481
1375.01	330.566
1375.32	326.595
1375.64	333.219
1375.96	331.428
1376.27	332.456
1376.59	333.136
1376.9	328.897
1377.22	331.866
1377.53	326.705
1377.85	328.038
1378.16	331.008
1378.48	328.517
1378.79	332.315
1379.11	329.47
1379.42	330.52
1379.74	330.482
1380.05	332.416
1380.37	327.158
1380.69	327.48
1381	331.056
1381.32	332.214
1381.63	329.05
1381.94	327.06
1382.26	328.143
1382.58	326.777
1382.89	322.191
1383.21	328.99
1383.52	325.724
1383.84	336.56
1384.15	331.016
1384.47	328.045
1384.78	324.934
1385.1	331.69
1385.41	324.505
1385.73	328.755
1386.04	328.761
1386.35	331.118
1386.67	331.789
1386.99	332.089
1387.3	327.037
1387.61	326.067
1387.93	329.908
1388.24	327.312
1388.56	330.093
1388.87	326.236
1389.19	327.324
1389.5	331.66
1389.82	331.754
1390.13	328.052
1390.45	327.544
1390.76	326.912
1391.08	331.745
1391.39	329.974
1391.71	330.424
1392.02	330.102
1392.33	329.594
1392.65	328.656
1392.96	323.368
1393.28	329.314
1393.59	331.541
1393.91	328.635
1394.22	335.641
1394.54	327.1
1394.85	329.83
1395.16	327.513
1395.48	329.364
1395.79	334.372
1396.11	333.807
1396.42	332.208
1396.73	327.521
1397.05	328.216
1397.36	330.204
1397.68	326.799
1397.99	329.154
1398.31	333.536
1398.62	332.954
1398.94	333.458
1399.25	329.289
1399.56	330.957
1399.88	331.257
1400.19	337.238
1400.5	329.844
1400.82	326.17
1401.13	328.609
1401.45	332.353
1401.76	331.746
1402.08	328.754
1402.39	331.815
1402.7	329.887
1403.02	329.606
1403.33	328.371
1403.65	329.828
1403.96	331.193
1404.27	328.975
1404.59	330.655
1404.9	329.202
1405.21	329.113
1405.53	325.295
1405.84	330.823
1406.15	331.145
1406.47	331.381
1406.78	330.544
1407.09	330.394
1407.41	333.56
1407.72	332.116
1408.04	334.872
1408.35	327.31
1408.66	333.146
1408.98	329.432
1409.29	326.559
1409.6	328.4
1409.92	329.517
1410.23	328.154
1410.54	330.188
1410.86	331.214
1411.17	327.814
1411.48	325.869
1411.8	332.807
1412.11	330.448
1412.43	329.037
1412.74	330.501
1413.05	331.733
1413.36	328.456
1413.68	327.739
1413.99	330.214
1414.3	330.33
1414.62	330.568
1414.93	330.253
1415.24	330.389
1415.56	327.297
1415.87	331.503
1416.18	326.549
1416.5	326.554
1416.81	326.294
1417.12	329.596
1417.44	329.69
1417.75	326.632
1418.06	331.873
1418.37	331.586
1418.69	332.73
1419	327.131
1419.31	330.104
1419.63	336.785
1419.94	328.962
1420.25	333.054
1420.56	329.175
1420.88	326.125
1421.19	330.095
1421.5	331.817
1421.82	325.089
1422.13	328.757
1422.44	331.651
1422.76	331.36
1423.07	330.919
1423.38	331.523
1423.69	331.117
1424.01	328.29
1424.32	331.65
1424.63	330.695
1424.94	328.628
1425.26	330.702
1425.57	330.584
1425.88	329.91
1426.19	327.939
1426.51	332.068
1426.82	328.76
1427.13	334.056
1427.44	335.147
1427.76	327.84
1428.07	332.744
1428.38	335.054
1428.69	329.42
1429.01	329.996
1429.32	328.949
1429.63	328.859
1429.94	327.03
1430.25	325.923
1430.57	328.322
1430.88	329.931
1431.19	322.624
1431.5	331.202
1431.82	328.477
1432.13	331.152
1432.44	334.709
1432.75	331.073
1433.06	330.883
1433.38	333.536
1433.69	324.943
1434	328.729
1434.31	324.867
1434.62	326.792
1434.94	339.343
1435.25	331.596
1435.56	327.538
1435.87	330.466
1436.18	329.858
1436.5	332.086
1436.81	332.296
1437.12	329.952
1437.43	332.87
1437.74	328.043
1438.06	327.627
1438.37	327.977
1438.68	327.314
1438.99	326.706
1439.3	330.049
1439.61	330.471
1439.93	328.2
1440.24	329.921
1440.55	327.555
1440.86	332.023
1441.17	329.164
1441.48	329.385
1441.8	330.47
1442.11	326.949
1442.42	331.661
1442.73	332.625
1443.04	327.402
1443.35	332.107
1443.67	329.973
1443.98	327.036
1444.29	330.736
1444.6	327.914
1444.91	333.907
1445.22	330.851
1445.53	328.714
1445.85	329.597
1446.16	329.097
1446.47	332.864
1446.78	332.772
1447.09	327.231
1447.4	327.058
1447.71	333.621
1448.02	335.165
1448.33	331.911
1448.65	331.849
1448.96	327.486
1449.27	332.743
1449.58	332.455
1449.89	326.756
1450.2	327.299
1450.51	332.708
1450.82	333.29
1451.14	335.245
1451.45	332.096
1451.76	328.604
1452.07	330.638
1452.38	328.282
1452.69	331.025
1453	332.807
1453.31	332.402
1453.62	333.199
1453.93	333.394
1454.25	332.067
1454.56	324.949
1454.87	326.365
1455.18	333.299
1455.49	333.911
1455.8	332.382
1456.11	329.819
1456.42	330.993
1456.73	331.288
1457.04	329.812
1457.35	328.323
1457.66	330.223
1457.97	332.104
1458.28	332.065
1458.59	327.347
1458.9	331.038
1459.22	330.897
1459.53	333.527
1459.84	332.028
1460.15	330.327
1460.46	331.346
1460.77	328.291
1461.08	327.588
1461.39	327.548
1461.7	329.546
1462.01	332.034
1462.32	330.71
1462.63	332.347
1462.94	332.678
1463.25	327.907
1463.56	329.111
1463.87	326.415
1464.18	330.263
1464.49	334.424
1464.8	331.815
1465.11	333.554
1465.42	333.43
1465.73	336.718
1466.04	333.223
1466.35	332.488
1466.66	331.898
1466.97	334.524
1467.28	337.004
1467.59	329.98
1467.9	332.866
1468.21	331.892
1468.52	331.729
1468.83	328.415
1469.14	322.862
1469.45	329.711
1469.76	331.911
1470.07	331.905
1470.38	330.516
1470.69	333.01
1471	334.326
1471.31	335.403
1471.62	330.286
1471.93	328.541
1472.24	331.965
1472.55	325.791
1472.86	327.979
1473.17	330.706
1473.48	330.461
1473.79	331.059
1474.1	334.655
1474.41	326.24
1474.72	328.582
1475.03	329.551
1475.34	335.475
1475.65	330.883
1475.96	330.276
1476.27	334.25
1476.58	329.397
1476.89	329.843
1477.2	336.153
1477.51	329.267
1477.82	330.254
1478.13	332.542
1478.44	329.801
1478.74	332.725
1479.05	333.76
1479.36	331.862
1479.67	332.006
1479.98	332.038
1480.29	326.516
1480.6	333.134
1480.91	330.425
1481.22	333.034
1481.53	333.442
1481.84	328.492
1482.15	328.928
1482.46	327.278
1482.77	334.517
1483.07	334.317
1483.38	333.158
1483.69	334.388
1484	329.345
1484.31	333.25
1484.62	330.834
1484.93	331.063
1485.24	332.872
1485.55	334.113
1485.86	328.801
1486.17	328.795
1486.47	330.828
1486.78	329.273
1487.09	334.421
1487.4	330.336
1487.71	330.554
1488.02	328.484
1488.33	325.47
1488.64	323.434
1488.94	331.838
1489.25	332.99
1489.56	327.736
1489.87	332.261
1490.18	331.401
1490.49	331.011
1490.8	323.717
1491.11	331.269
1491.41	328.937
1491.72	328.319
1492.03	326.034
1492.34	328.24
1492.65	330.503
1492.96	333.229
1493.27	335.684
1493.57	331.492
1493.88	330.235
1494.19	333.612
1494.5	332.973
1494.81	330.741
1495.12	329.684
1495.43	332.5
1495.73	334.044
1496.04	332.573
1496.35	331.459
1496.66	330.49
1496.97	331.854
1497.28	330.468
1497.58	328.121
1497.89	326.051
1498.2	323.828
1498.51	326.93
1498.82	328.54
1499.13	328.361
1499.43	330.413
1499.74	329.652
1500.05	328.56
1500.36	330.199
1500.67	331.865
1500.97	328.834
1501.28	325.633
1501.59	329.022
1501.9	330.148
1502.21	330.52
1502.51	333.435
1502.82	332.534
1503.13	329.374
1503.44	326.467
1503.74	328.314
1504.05	332.816
1504.36	332.403
1504.67	325.993
1504.98	329.42
1505.29	329.08
1505.59	327.856
1505.9	331.571
1506.21	333.165
1506.52	329.83
1506.82	329.81
1507.13	331.263
1507.44	328.155
1507.75	331.949
1508.06	330.148
1508.36	330.651
1508.67	330.55
1508.98	330.706
1509.29	335.175
1509.59	329.486
1509.9	328.207
1510.21	327.774
1510.52	331.634
1510.82	335.248
1511.13	331.34
1511.44	328.47
1511.75	332.244
1512.05	331.882
1512.36	329.063
1512.67	327.054
1512.98	333.719
1513.28	335.652
1513.59	328.477
1513.9	326.473
1514.2	332.319
1514.51	330
1514.82	329.886
1515.13	327.353
1515.43	329.709
1515.74	330.774
1516.05	326.951
1516.35	327.755
1516.66	331.269
1516.97	331.395
1517.28	329.84
1517.58	335.798
1517.89	333.544
1518.2	334.499
1518.51	332.191
1518.81	327.278
1519.12	330.325
1519.43	327.725
1519.73	328.887
1520.04	325.61
1520.35	327.989
1520.65	332.167
1520.96	333.851
1521.27	329.046
1521.57	329.117
1521.88	328.644
1522.19	326.489
1522.5	331.866
1522.8	328.972
1523.11	324.938
1523.41	330.911
1523.72	334.967
1524.03	332.499
1524.34	326.497
1524.64	328.9
1524.95	326.8
1525.26	330.455
1525.56	325.146
1525.87	327.66
1526.17	329.076
1526.48	332.874
1526.79	329.989
1527.1	328.358
1527.4	334.94
1527.71	333.808
1528.02	333.84
1528.32	335.087
1528.63	329.411
1528.93	327.751
1529.24	330.364
1529.55	332.212
1529.85	330.897
1530.16	330.643
1530.47	330.8
1530.77	332.339
1531.08	331.952
1531.38	326.738
1531.69	329.259
1532	328.819
1532.3	328.497
1532.61	327.828
1532.92	329.386
1533.22	328.351
1533.53	324.844
1533.84	332.194
1534.14	326.882
1534.45	329.456
1534.75	328.015
1535.06	327.88
1535.37	334.034
1535.67	328.471
1535.98	333.896
1536.28	326.059
1536.59	326.698
1536.9	330.915
1537.2	330.707
1537.51	332.012
1537.81	329.898
1538.12	328.315
1538.42	335.656
1538.73	337.562
1539.04	331.572
1539.34	326.874
1539.65	329.433
1539.95	331.273
1540.26	330.633
1540.56	327.118
1540.67	326.197
1540.98	327.418
1541.29	335.83
1541.59	330.656
1541.9	323.576
1542.21	334.721
1542.52	332.057
1542.82	331.076
1543.13	328.283
1543.44	334.61
1543.75	330.611
1544.05	327.842
1544.36	328.965
1544.67	335.924
1544.98	329.964
1545.29	327.072
1545.59	329.113
1545.9	326.076
1546.21	331.848
1546.52	330.006
1546.82	329.116
1547.13	332.041
1547.44	326.338
1547.75	326.029
1548.05	333.564
1548.36	332.457
1548.67	328.688
1548.98	330.667
1549.28	327.875
1549.59	329.913
1549.9	329.249
1550.2	323.279
1550.51	335.555
1550.82	333.146
1551.13	329.311
1551.43	332.847
1551.74	333.638
1552.05	331.751
1552.36	327.605
1552.66	332.829
1552.97	332.265
1553.28	325.623
1553.59	335.192
1553.89	327.749
1554.2	331.621
1554.51	331.617
1554.81	333.346
1555.12	330.53
1555.43	329.441
1555.73	328.924
1556.04	333.294
1556.35	329.929
1556.65	332.508
1556.96	326.392
1557.27	328.195
1557.58	333.858
1557.88	330.344
1558.19	330.955
1558.5	329.596
1558.8	327.605
1559.11	326.37
1559.42	330.759
1559.72	328.936
1560.03	327.326
1560.34	329.4
1560.64	328.128
1560.95	331.934
1561.26	332.065
1561.56	326.212
1561.87	328.945
1562.18	328.667
1562.48	327.98
1562.79	329.865
1563.1	331.752
1563.4	332.959
1563.71	330.085
1564.02	332.699
1564.32	336.297
1564.63	334.562
1564.93	331.433
1565.24	332.793
1565.55	334.078
1565.85	329.346
1566.16	328.499
1566.47	329.318
1566.77	330.954
1567.08	331.27
1567.39	331.875
1567.69	333.127
1568	331.846
1568.31	333.984
1568.61	336.003
1568.92	331.889
1569.22	330.561
1569.53	332.637
1569.84	330.996
1570.14	333.616
1570.45	334.204
1570.75	331.399
1571.06	329.847
1571.37	331.896
1571.67	330.084
1571.98	331.124
1572.29	331.096
1572.59	330.137
1572.9	334.832
1573.2	333.74
1573.51	333.968
1573.81	331.039
1574.12	336.798
1574.43	341.134
1574.73	335.429
1575.04	333.68
1575.34	335.787
1575.65	330.803
1575.96	331.623
1576.26	332.126
1576.57	328.451
1576.87	329.922
1577.18	332.77
1577.48	331.708
1577.79	330.677
1578.1	334.973
1578.4	335.588
1578.71	326.716
1579.01	327.957
1579.32	338.087
1579.63	332.157
1579.93	331.247
1580.24	333.886
1580.54	333.217
1580.85	327.343
1581.15	334.025
1581.46	332.941
1581.76	333.537
1582.07	331.091
1582.37	330.551
1582.68	327.233
1582.99	328.34
1583.29	329.506
1583.6	331.695
1583.9	328.131
1584.21	328.414
1584.51	332.251
1584.82	334.762
1585.12	332.588
1585.43	331.103
1585.73	332.699
1586.04	336.898
1586.34	332.302
1586.65	329.492
1586.95	329.483
1587.26	333.187
1587.56	334.225
1587.87	339.434
1588.17	330.423
1588.48	329.779
1588.78	330.88
1589.09	326.821
1589.39	328.803
1589.7	334.52
1590.01	332.994
1590.31	334.395
1590.61	329.869
1590.92	331.896
1591.22	334.706
1591.53	330.172
1591.83	331.711
1592.14	338.356
1592.44	326.992
1592.75	335.152
1593.05	326.569
1593.36	335.91
1593.66	329.142
1593.97	329.741
1594.27	330.397
1594.58	333.317
1594.88	335.7
1595.19	330.906
1595.49	332.851
1595.8	331.978
1596.1	329.209
1596.41	332.075
1596.71	330.412
1597.01	330.623
1597.32	328.842
1597.62	333.426
1597.93	329.555
1598.23	333.142
1598.54	332.291
1598.84	336.117
1599.15	333.196
1599.45	335.394
1599.75	331.691
1600.06	332.136
1600.36	328.382
1600.67	329.881
1600.97	335.408
1601.28	333.878
1601.58	333.468
1601.89	332.619
1602.19	331.826
1602.49	331.484
1602.8	332.065
1603.1	332.436
1603.41	333.504
1603.71	330.95
1604.01	332.801
1604.32	330.239
1604.62	333.122
1604.93	330.645
1605.23	331.262
1605.54	336.161
1605.84	334.156
1606.14	328.697
1606.45	330.519
1606.75	329.029
1607.06	335.791
1607.36	332.207
1607.66	327.024
1607.97	331.871
1608.27	334.656
1608.57	332.129
1608.88	327.922
1609.18	329.257
1609.49	330.942
1609.79	332.905
1610.1	334.84
1610.4	331.911
1610.7	334.12
1611	330.497
1611.31	331.549
1611.61	333.713
1611.92	331.707
1612.22	331.483
1612.53	330.848
1612.83	333.183
1613.13	333.124
1613.43	332.461
1613.74	332.845
1614.04	332.251
1614.35	328.512
1614.65	329.326
1614.95	328.15
1615.26	325.214
1615.56	329.427
1615.86	335.058
1616.17	334.002
1616.47	328.766
1616.77	330.256
1617.08	333.689
1617.38	332.24
1617.68	331.325
1617.99	331.309
1618.29	330.009
1618.59	327.755
1618.9	332.917
1619.2	332.972
1619.5	332.188
1619.81	331.106
1620.11	332.591
1620.41	330.983
1620.72	332.934
1621.02	332.334
1621.32	334.649
1621.63	331.284
1621.93	332.218
1622.23	330.843
1622.54	328.923
1622.84	331.426
1623.14	334.421
1623.44	332.053
1623.75	327.965
1624.05	331.982
1624.35	332.768
1624.66	329.492
1624.96	329.645
1625.26	331.867
1625.56	333.176
1625.87	330.95
1626.17	330.365
1626.47	331.36
1626.78	330.719
1627.08	328.449
1627.38	330.646
1627.68	329.721
1627.99	330.132
1628.29	324.474
1628.59	329.587
1628.9	331.932
1629.2	333.579
1629.5	333.06
1629.8	332.178
1630.11	332.91
1630.41	329.977
1630.71	329.015
1631.01	329.415
1631.32	331.707
1631.62	329.128
1631.92	328.171
1632.22	327.269
1632.53	324.243
1632.83	331.827
1633.13	331.699
1633.43	330.726
1633.74	329.19
1634.04	321.686
1634.34	333.048
1634.64	331.414
1634.95	334.335
1635.25	330.084
1635.55	331.902
1635.85	329.303
1636.16	330.998
1636.46	330.022
1636.76	331.054
1637.06	325.706
1637.36	332.917
1637.67	331.683
1637.97	324.598
1638.27	326.971
1638.57	331.036
1638.88	327.556
1639.18	332.517
1639.48	326.106
1639.78	329.209
1640.08	331.737
1640.39	328.944
1640.69	331.644
1640.99	332.433
1641.29	327.189
1641.59	328.508
1641.9	333.917
1642.2	331.601
1642.5	332.424
1642.8	328.555
1643.1	332.42
1643.4	330.889
1643.71	330.329
1644.01	329.766
1644.31	331.246
1644.61	334.994
1644.91	330.427
1645.21	327.81
1645.52	328.756
1645.82	331.42
1646.12	329.413
1646.42	328.572
1646.72	329.348
1647.03	324.587
1647.33	329.479
1647.63	328.793
1647.93	329.009
1648.23	328.445
1648.53	331.152
1648.83	327.812
1649.14	325.824
1649.44	329.71
1649.74	330.413
1650.04	330.06
1650.34	328.995
1650.64	330.728
1650.95	332.213
1651.25	327.743
1651.55	332.332
1651.85	326.675
1652.15	327.821
1652.45	329.905
1652.75	329.509
1653.05	327.577
1653.36	327.349
1653.66	328.756
1653.96	327.611
1654.26	332.342
1654.56	333.452
1654.86	328.416
1655.16	329.448
1655.46	330.125
1655.77	330.104
1656.07	332.37
1656.37	328.917
1656.67	327.86
1656.97	324.947
1657.27	326.433
1657.57	328.96
1657.87	328.842
1658.17	331.548
1658.47	332.159
1658.77	334.326
1659.08	333.246
1659.38	331.652
1659.68	330.919
1659.98	328.49
1660.28	327.416
1660.58	327.532
1660.88	326.412
1661.18	326.213
1661.48	331.084
1661.78	332.572
1662.08	332.026
1662.39	327.635
1662.69	327.493
1662.99	332.967
1663.29	332.59
1663.59	330.148
1663.89	328.029
1664.19	326.131
1664.49	330.031
1664.79	331.287
1665.09	330.56
1665.39	333.319
1665.69	325.978
1665.99	331.381
1666.29	335.692
1666.59	332.546
1666.89	329.66
1667.2	331.231
1667.49	331.247
1667.79	327.167
1668.1	327.913
1668.4	328.534
1668.7	330.528
1669	330.581
1669.3	326.931
1669.6	332.299
1669.9	334.321
1670.2	329.1
1670.5	330.763
1670.8	331.33
1671.1	328.301
1671.4	329.398
1671.7	327.878
1672	332.917
1672.3	331.871
1672.6	336.862
1672.9	331.413
1673.2	334.488
1673.5	328.245
1673.8	330.073
1674.1	333.61
1674.4	332.665
1674.7	334.577
1675	328.113
1675.3	329.209
1675.6	331.123
1675.9	328.269
1676.2	329.445
1676.5	329.411
1676.8	330.574
1677.1	332.797
1677.4	328.789
1677.7	334.35
1678	335.741
1678.3	330.225
1678.6	324.468
1678.9	328.158
1679.2	329.565
1679.5	331.906
1679.8	329.384
1680.1	331.069
1680.4	336.719
1680.7	329.619
1681	330.143
1681.3	334.838
1681.59	334.323
1681.89	331.704
1682.19	329.392
1682.49	332.329
1682.79	333.415
1683.09	325.875
1683.39	325.287
1683.69	333.749
1683.99	332.951
1684.29	332.201
1684.59	330.956
1684.89	329.659
1685.19	331.551
1685.49	332.718
1685.79	329.483
1686.09	328.691
1686.39	328.276
1686.69	327.607
1686.98	331.328
1687.28	330.015
1687.58	329.683
1687.88	332.305
1688.18	329.973
1688.48	333.165
1688.78	333.206
1689.08	330.783
1689.38	334.689
1689.68	334.051
1689.98	328.715
1690.28	334.922
1690.57	324.196
1690.87	330.366
1691.17	330.061
1691.47	328.98
1691.77	332.828
1692.07	331.919
1692.37	328.875
1692.67	335.559
1692.97	332.962
1693.26	326.847
1693.56	328.736
1693.86	334.534
1694.16	328.538
1694.46	331.565
1694.76	331.176
1695.06	328.946
1695.36	330.845
1695.65	329.005
1695.95	332.086
1696.25	330.438
1696.55	331.306
1696.85	331.793
1697.15	332.657
1697.45	331.333
1697.75	332.056
1698.04	332.795
1698.34	335.373
1698.64	331.013
1698.94	330.871
1699.24	332.296
1699.54	328.776
1699.84	325.908
1700	326.164
1700.3	327.934
1700.6	330.895
1700.9	327.963
1701.2	326.418
1701.5	335.975
1701.8	332.306
1702.1	330.277
1702.4	326.584
1702.7	328.106
1703	324.571
1703.3	333.67
1703.6	327.132
1703.91	328.778
1704.21	328.89
1704.51	326.444
1704.81	328.889
1705.11	330.92
1705.41	332.603
1705.71	325.285
1706.01	329.34
1706.31	336.022
1706.61	332.368
1706.91	331.991
1707.21	332.593
1707.51	330.005
1707.81	332.875
1708.11	334.306
1708.41	332.022
1708.71	329.1
1709.01	335.424
1709.31	325.728
1709.61	324.168
1709.91	330.984
1710.21	331.746
1710.51	332.82
1710.81	329.055
1711.11	329.029
1711.41	327.355
1711.71	327.307
1712.01	333.718
1712.31	331.525
1712.61	323.383
1712.91	331.165
1713.21	331.454
1713.51	325.428
1713.81	333.111
1714.11	324.574
1714.41	332.41
1714.71	331.303
1715.01	336.757
1715.31	330.787
1715.61	328.89
1715.91	328.163
1716.21	331.476
1716.51	328.935
1716.81	333.933
1717.11	335.935
1717.41	329.767
1717.71	328.751
1718.01	330.204
1718.31	327.201
1718.61	329.959
1718.91	338.441
1719.2	328.99
1719.5	329.505
1719.8	328.737
1720.1	330.34
1720.4	329.737
1720.7	325.028
1721	327.822
1721.3	327.725
1721.6	324.924
1721.9	333.431
1722.2	334.885
1722.5	327.493
1722.8	331.377
1723.1	324.312
1723.4	328.779
1723.7	331.765
1723.99	328.872
1724.29	331.025
1724.59	333.076
1724.89	329.691
1725.19	329.968
1725.49	328.85
1725.79	334.999
1726.09	331.588
1726.39	334.366
1726.69	333.12
1726.99	331.717
1727.29	331.077
1727.58	328.222
1727.88	328.01
1728.18	325.525
1728.48	326.543
1728.78	329.925
1729.08	332.547
1729.38	331.476
1729.68	330.373
1729.98	331.139
1730.28	330.413
1730.58	329.922
1730.87	335.139
1731.17	333.781
1731.47	330.349
1731.77	327.777
1732.07	332.48
1732.37	334.081
1732.67	330.084
1732.97	327.093
1733.26	332.594
1733.56	331.578
1733.86	329.699
1734.16	326.77
1734.46	330.705
1734.76	331.473
1735.06	332.672
1735.35	331.218
1735.65	329.761
1735.95	328.662
1736.25	331.094
1736.55	328.947
1736.85	329.16
1737.15	334.603
1737.44	330.492
1737.74	329.391
1738.04	330.581
1738.34	329.18
1738.64	331.24
1738.94	329.254
1739.24	335.763
1739.53	333.213
1739.83	330.284
1740.13	332.209
1740.43	334.108
1740.73	331.92
1741.03	329.99
1741.32	328.635
1741.62	328.866
1741.92	329.448
1742.22	329.07
1742.52	326.653
1742.81	328.469
1743.11	330.465
1743.41	328.766
1743.71	329.048
1744.01	331.368
1744.31	331.041
1744.6	329.508
1744.9	330.358
1745.2	331.424
1745.5	326.86
1745.79	331.382
1746.09	332.691
1746.39	328.43
1746.69	330.785
1746.99	329.69
1747.28	333.643
1747.58	337.606
1747.88	333.414
1748.18	329.484
1748.48	329.799
1748.77	327.574
1749.07	327.562
1749.37	329.336
1749.67	331.628
1749.96	329.804
1750.26	326.17
1750.56	329.544
1750.86	333.329
1751.16	325.644
1751.45	329.318
1751.75	330.803
1752.05	336.557
1752.35	328.476
1752.64	334.72
1752.94	327.975
1753.24	334.106
1753.54	337.492
1753.83	334.82
1754.13	331.944
1754.43	328.5
1754.73	328.869
1755.02	330.219
1755.32	328.102
1755.62	331.178
1755.92	330.748
1756.21	331.011
1756.51	330.823
1756.81	328.359
1757.11	331.683
1757.4	328.061
1757.7	334.918
1758	329.43
1758.3	329.019
1758.59	331.416
1758.89	329.444
1759.19	328.401
1759.48	331.557
1759.78	326.584
1760.08	327.659
1760.38	329.761
1760.67	332.651
1760.97	332.86
1761.27	330.015
1761.56	329.966
1761.86	329.526
1762.16	328.173
1762.45	329.147
1762.75	328.484
1763.05	328.885
1763.35	327.654
1763.64	326.77
1763.94	327.799
1764.24	328.121
1764.53	327.168
1764.83	327.098
1765.13	331.619
1765.42	329.266
1765.72	328.447
1766.02	330.978
1766.32	331.638
1766.61	330.519
1766.91	328.367
1767.21	326.263
1767.5	329.603
1767.8	329.212
1768.09	333.427
1768.39	330.848
1768.69	331.944
1768.99	330.609
1769.28	332.01
1769.58	334.582
1769.88	331.604
1770.17	329.658
1770.47	331.806
1770.76	331.021
1771.06	333.09
1771.36	334.173
1771.65	326.968
1771.95	329.886
1772.25	330.963
1772.54	332.752
1772.84	332.393
1773.14	332.104
1773.43	326.885
1773.73	326.798
1774.03	328.018
1774.32	331.361
1774.62	332.322
1774.91	329.019
1775.21	334.868
1775.51	335.101
1775.8	329.711
1776.1	330.617
1776.4	330.531
1776.69	327.867
1776.99	329.057
1777.28	331.804
1777.58	330.231
1777.88	327.331
1778.17	330.541
1778.47	328.648
1778.76	329.99
1779.06	330.881
1779.36	327.365
1779.65	329.612
1779.95	334.549
1780.24	328.693
1780.54	329.351
1780.84	326.06
1781.13	327.858
1781.43	329.196
1781.72	329.102
1782.02	330.943
1782.32	329.985
1782.61	333.546
1782.91	330.652
1783.2	330.549
1783.5	331.46
1783.79	330.839
1784.09	327.36
1784.39	325.753
1784.68	329.73
1784.98	334.189
1785.27	332.734
1785.57	327.936
1785.87	329.324
1786.16	334.102
1786.46	329.262
1786.75	330.005
1787.05	329.463
1787.34	329.792
1787.64	329.406
1787.93	332.92
1788.23	333.704
1788.52	333.295
1788.82	328.365
1789.12	329.726
1789.41	328.266
1789.71	330.325
1790	331.614
1790.3	328.812
1790.59	330.749
1790.89	329.762
1791.18	331.406
1791.48	332.431
1791.77	328.783
1792.07	331.583
1792.36	336.848
1792.66	331.656
1792.96	327.53
1793.25	330.371
1793.55	334.225
1793.84	328.628
1794.14	326.65
1794.43	328.419
1794.73	333.163
1795.02	329.192
1795.32	328.276
1795.61	331.906
1795.91	330.432
1796.2	331.72
1796.5	330.445
1796.79	332.475
1797.09	332.104
1797.38	328.014
1797.68	330.674
1797.97	332.129
1798.27	335.787
1798.56	335.138
1798.86	329.449
1799.15	332.507
1799.45	329.392
1799.74	335.166
1800.04	330.879
1800.33	330.391
1800.63	332.537
1800.92	329.889
1801.21	328.478
1801.51	326.267
1801.8	324.833
1802.1	328.044
1802.39	326.974
1802.69	328.874
1802.98	333.707
1803.28	329.781
1803.57	331.718
1803.87	335.081
1804.16	325.639
1804.46	326.033
1804.75	330.495
1805.04	330.118
1805.34	327.953
1805.63	328.241
1805.93	333.569
1806.22	331.277
1806.52	327.708
1806.81	334.046
1807.11	335.52
1807.4	330.032
1807.69	325.588
1807.99	330.47
1808.28	329.323
1808.58	331.418
1808.87	331.048
1809.17	326.295
1809.46	331.366
1809.76	332.76
1810.05	334.212
1810.34	331.008
1810.64	329.923
1810.93	329.363
1811.23	329.365
1811.52	325.875
1811.81	327.46
1812.11	335.667
1812.4	329.958
1812.7	335.546
1812.99	331.152
1813.28	327.634
1813.58	332.462
1813.87	332.018
1814.17	328.443
1814.46	335.408
1814.76	331.144
1815.05	330.171
1815.34	329.149
1815.64	332.03
1815.93	330.958
1816.22	329.712
1816.52	334.673
1816.81	334.538
1817.1	328.388
1817.4	329.611
1817.69	330.245
1817.99	330.564
1818.28	331.37
1818.57	329.965
1818.87	329.705
1819.16	331.49
1819.46	329.847
1819.75	330.67
1820.04	334.703
1820.34	333.13
1820.63	332.721
1820.92	332.542
1821.22	332.192
1821.51	331.485
1821.8	333.041
1822.1	330.529
1822.39	330.258
1822.69	329.582
1822.98	326.562
1823.27	330.444
1823.57	329.028
1823.86	331.188
1824.15	328.836
1824.45	331.257
1824.74	333.602
1825.03	329.72
1825.33	328.044
1825.62	326.898
1825.91	326.276
1826.2	331.379
1826.5	330.215
1826.79	332.233
1827.08	330.021
1827.38	330.11
1827.67	330.782
1827.96	333.906
1828.26	327.074
1828.55	332.86
1828.84	333.817
1829.14	332.89
1829.43	331.649
1829.72	332.548
1830.02	331.101
1830.31	333.028
1830.6	328.59
1830.89	332.597
1831.19	333.969
1831.48	336.199
1831.77	329.465
1832.07	330.961
1832.36	333.088
1832.65	332.673
1832.95	333.937
1833.24	331.863
1833.53	335.038
1833.82	332.211
1834.12	332.566
1834.41	340.941
1834.7	330.78
1835	329.441
1835.29	332.881
1835.58	325.65
1835.87	330.667
1836.17	331.875
1836.46	334.306
1836.75	330.651
1837.05	330.359
1837.34	333.975
1837.63	332.363
1837.92	335.246
1838.22	329.687
1838.51	332.543
1838.8	331.025
1839.09	334.074
1839.38	329.937
1839.68	324.82
1839.97	326.689
1840.26	330.04
1840.55	333.129
1840.85	334.509
1841.14	332.728
1841.43	332.926
1841.72	330.13
1842.02	331.119
1842.31	336.976
1842.6	332.16
1842.89	334.305
1843.19	332.121
1843.48	328.413
1843.77	332.104
1844.06	328.938
1844.36	330.512
1844.65	330.766
1844.94	333.991
1845.23	335.539
1845.52	332.902
1845.82	328.741
1846.11	334.038
1846.4	332.537
1846.69	332.941
1846.98	330.759
1847.28	329.523
1847.57	332.846
1847.86	336.171
1848.15	329.829
1848.44	328.077
1848.74	326.505
1849.03	329.457
1849.32	332.215
1849.61	329.813
1849.9	330.059
1850.19	332.078
1850.49	332.601
1850.78	331.234
1851.07	330.745
1851.36	332.684
1851.65	328.347
1851.95	332.349
1852.24	333.531
1852.53	334.48
1852.82	335.534
1853.11	331.955
1853.4	332.227
1853.7	333.799
1853.99	327.269
1854.28	331.322
1854.57	329.079
1854.86	329.307
1855.16	333.185
1855.45	331.096
1855.74	329.878
1856.03	329.752
1856.32	330.805
1856.61	329.672
1856.9	330.03
1857.19	331.888
1857.49	336.343
1857.78	332.507
1858.07	329.746
1858.36	327.189
1858.65	331.318
1858.79	330.09
1859.09	330.624
1859.38	334.663
1859.67	336.537
1859.97	338.388
1860.26	334.04
1860.55	329.533
1860.85	332.938
1861.14	330.376
1861.43	336.322
1861.73	331.368
1862.02	334.566
1862.31	331.897
1862.61	330.058
1862.9	331.614
1863.19	330.811
1863.49	328.321
1863.78	329.274
1864.07	331.164
1864.37	328.968
1864.66	335.649
1864.95	329.454
1865.24	329.439
1865.54	333.792
1865.83	331.934
1866.12	332.961
1866.42	331.049
1866.71	335.185
1867	331.635
1867.3	325.049
1867.59	328.105
1867.88	332.535
1868.18	334.052
1868.47	331.136
1868.76	333.451
1869.05	337.259
1869.35	332.446
1869.64	330.665
1869.93	330.249
1870.23	333.212
1870.52	330.651
1870.81	328.861
1871.1	330.466
1871.4	333.905
1871.69	328.353
1871.98	336.654
1872.27	335.21
1872.57	328.907
1872.86	334.617
1873.15	334.653
1873.45	329.307
1873.74	330.49
1874.03	341.005
1874.32	327.037
1874.62	333.606
1874.91	325.158
1875.2	333.9
1875.49	335.693
1875.79	329.068
1876.08	328.331
1876.37	329.751
1876.66	332.262
1876.96	332.501
1877.25	327.901
1877.54	333.94
1877.83	327.056
1878.12	336.808
1878.42	331.091
1878.71	334.86
1879	329.406
1879.29	334.056
1879.59	332.092
1879.88	330.545
1880.17	336.131
1880.46	331.669
1880.75	328.539
1881.05	328.011
1881.34	336.776
1881.63	330.127
1881.92	331.423
1882.21	329.631
1882.51	328.151
1882.8	330.238
1883.09	333.232
1883.38	332.99
1883.67	335.176
1883.97	332.467
1884.26	331.92
1884.55	334.061
1884.84	332.862
1885.13	329.259
1885.43	335.216
1885.72	329.142
1886.01	331.13
1886.3	321.655
1886.59	332.372
1886.89	325.391
1887.18	325.978
1887.47	333.217
1887.76	327.078
1888.05	330.994
1888.35	332.672
1888.64	330.584
1888.93	330.603
1889.22	335.569
1889.51	331.8
1889.8	330.165
1890.1	330.429
1890.39	330.954
1890.68	332.391
1890.97	331.99
1891.26	329.697
1891.55	330.893
1891.84	328.418
1892.14	333.378
1892.43	335.184
1892.72	332.348
1893.01	330.761
1893.3	329.072
1893.59	329.163
1893.88	332.441
1894.18	331.293
1894.47	328.487
1894.76	332.08
1895.05	333.412
1895.34	327.968
1895.63	331.6
1895.92	329.131
1896.22	335.302
1896.51	329.503
1896.8	329.056
1897.09	328.131
1897.38	332.729
1897.67	330.992
1897.96	331.515
1898.25	330.045
1898.55	332.368
1898.84	329.8
1899.13	330.271
1899.42	329.424
1899.71	330.153
1900	330.639
1900.29	332.552
1900.58	332.129
1900.87	331.235
1901.16	333.543
1901.46	333.128
1901.75	331.422
1902.04	328.958
1902.33	327.16
1902.62	334.023
1902.91	330
1903.2	330.566
1903.49	331.794
1903.78	329.197
1904.07	329.085
1904.36	331.475
1904.65	335.98
1904.95	330.076
1905.24	333.048
1905.53	329.167
1905.82	327.736
1906.11	327.962
1906.4	328.713
1906.69	329.167
1906.98	329.842
1907.27	329.177
1907.56	324.419
1907.85	329.638
1908.14	329.332
1908.43	332.035
1908.72	330.947
1909.01	332.404
1909.3	329.452
1909.6	332.82
1909.89	333.242
1910.18	330.323
1910.47	330.306
1910.76	327.224
1911.05	329.966
1911.34	332.283
1911.63	330.636
1911.92	329.829
1912.21	328.048
1912.5	327.753
1912.79	332.729
1913.08	330.807
1913.37	331.916
1913.66	330.732
1913.95	334.902
1914.24	329.295
1914.53	332.545
1914.82	333.428
1915.11	329.255
1915.4	329.278
1915.69	333.012
1915.98	331.436
1916.27	334.213
1916.56	328.612
1916.85	332.328
1917.14	332.101
1917.43	330.517
1917.72	329.528
1918.01	329.056
1918.3	332.917
1918.59	330.842
1918.88	329.997
1919.17	332.693
1919.46	330.271
1919.75	335.859
1920.04	331.309
1920.33	332.491
1920.62	335.499
1920.91	330.306
1921.2	333.715
1921.49	334.93
1921.78	333.296
1922.07	330.973
1922.36	331.473
1922.65	330.224
1922.94	333.125
1923.23	330.407
1923.52	328.245
1923.81	329.399
1924.1	326.839
1924.39	333.285
1924.68	331.618
1924.97	328.16
1925.26	329.866
1925.55	330.27
1925.84	329.692
1926.13	331.809
1926.42	331.485
1926.71	327.598
1927	330.162
1927.29	328.091
1927.57	333.497
1927.86	330.437
1928.15	334.024
1928.44	334.314
1928.73	332.306
1929.02	332.167
1929.31	333.023
1929.6	335.058
1929.89	330.513
1930.18	334.767
1930.47	329.801
1930.76	331.215
1931.05	335.994
1931.34	332.594
1931.62	333.477
1931.91	330.062
1932.2	338.077
1932.49	330.607
1932.78	326.737
1933.07	332.729
1933.36	330.708
1933.65	331.574
1933.94	330.679
1934.23	333.847
1934.52	331.469
1934.81	331.881
1935.09	332.178
1935.38	331.512
1935.67	337.951
1935.96	335.05
1936.25	331.811
1936.54	332.37
1936.83	331.304
1937.12	332.323
1937.41	331.693
1937.69	332.611
1937.98	330.761
1938.27	332.839
1938.56	329.162
1938.85	330
1939.14	333.021
1939.43	335.111
1939.72	332.22
1940	332.832
1940.29	337.781
1940.58	332.015
1940.87	326.551
1941.16	328.172
1941.45	333.536
1941.74	331.296
1942.02	334.772
1942.31	331.058
1942.6	332.559
1942.89	329.054
1943.18	330.116
1943.47	328.211
1943.76	329.131
1944.04	330.075
1944.33	330.41
1944.62	330.367
1944.91	335.852
1945.2	332.189
1945.49	335.757
1945.77	335.965
1946.06	326.862
1946.35	329.304
1946.64	332.25
1946.93	332.161
1947.22	336.18
1947.51	335.146
1947.79	331.303
1948.08	334.594
1948.37	326.42
1948.66	329.402
1948.95	334.375
1949.23	329.236
1949.52	332.484
1949.81	328.403
1950.1	331.383
1950.39	325.531
1950.68	331.21
1950.96	333.198
1951.25	331.568
1951.54	329.578
1951.83	332.382
1952.12	333.39
1952.4	331.382
1952.69	331.288
1952.98	330.091
1953.27	333.538
1953.56	329.133
1953.84	330.836
1954.13	333.467
1954.42	331.824
1954.71	330.544
1954.99	333.757
1955.28	335.073
1955.57	330.57
1955.86	331.971
1956.15	326.728
1956.43	338.073
1956.72	333.529
1957.01	334.634
1957.3	336.342
1957.59	335.182
1957.87	329.03
1958.16	327.737
1958.45	331.265
1958.74	335.071
1959.02	326.665
1959.31	330.086
1959.6	328.716
1959.89	332.766
1960.17	338.059
1960.46	332.472
1960.75	331.967
1961.04	332.555
1961.32	329.25
1961.61	333.791
1961.9	331.576
1962.19	335.264
1962.47	331.717
1962.76	331.039
1963.05	329.192
1963.34	331.925
1963.62	330.378
1963.91	330.112
1964.2	326.876
1964.48	328.423
1964.77	334.133
1965.06	332.555
1965.35	331.584
1965.63	335.198
1965.92	332.311
1966.21	332.016
1966.5	331.299
1966.78	330.863
1967.07	336.421
1967.36	334.298
1967.64	328.554
1967.93	334.673
1968.22	329.558
1968.5	335.062
1968.79	330.27
1969.08	328.462
1969.37	334.9
1969.65	332.25
1969.94	331.393
1970.23	331.373
1970.51	329.28
1970.8	330.365
1971.09	330.243
1971.37	333.583
1971.66	329.168
1971.95	332.538
1972.24	326.77
1972.52	333.823
1972.81	333.627
1973.1	330.302
1973.38	331.614
1973.67	330.742
1973.96	331.895
1974.24	333.999
1974.53	332.104
1974.82	328.084
1975.1	333.335
1975.39	334.425
1975.68	331.701
1975.96	330.113
1976.25	333.637
1976.54	330.849
1976.82	336.253
1977.11	332.711
1977.4	333.716
1977.68	332.709
1977.97	331.02
1978.26	332.603
1978.54	332.008
1978.83	330.391
1979.11	329.297
1979.4	332.009
1979.69	335.86
1979.97	337.483
1980.26	332.491
1980.55	331.517
1980.83	330.344
1981.12	329.997
1981.4	331.476
1981.69	328.165
1981.98	330.009
1982.26	335.084
1982.55	334.393
1982.84	332.204
1983.12	331.811
1983.41	332.369
1983.69	333.454
1983.98	332.158
1984.27	331.848
1984.55	328.723
1984.84	329.246
1985.13	334.234
1985.41	334.231
1985.7	332.032
1985.98	332.748
1986.27	327.947
1986.56	327.783
1986.84	330.496
1987.13	335.899
1987.41	326.795
1987.7	331.128
1987.99	335.168
1988.27	327.69
1988.56	331.06
1988.84	337.153
1989.13	325.903
1989.41	332.833
1989.7	336.55
1989.99	328.788
1990.27	327.435
1990.56	327.832
1990.84	330.453
1991.13	331.835
1991.42	334.362
1991.7	330.563
1991.99	330.919
1992.27	329.633
1992.56	329.585
1992.84	329.232
1993.13	333.932
1993.42	335.068
1993.7	334.291
1993.99	332.749
1994.27	329.474
1994.56	335.272
1994.84	328.936
1995.13	326.714
1995.41	330.022
1995.7	330.02
1995.98	333.254
1996.27	329.677
1996.56	334.725
1996.84	331.348
1997.13	331.747
1997.41	335.543
1997.7	327.059
1997.98	327.269
1998.27	334.714
1998.55	332.629
1998.84	332.75
1999.12	333.75
1999.41	330.051
1999.69	328.44
1999.98	328
1999.99	330
