1200.11	330.398
1200.43	330.539
1200.76	336.52
1201.08	329.387
1201.4	330.057
1201.73	333.938
1202.05	333.337
1202.37	333.996
1202.7	331.333
1203.02	331.041
1203.34	332.655
1203.67	335.161
1203.99	329.381
1204.32	330.229
1204.64	333.753
1204.96	332.122
1205.29	331.893
1205.61	332.646
1205.93	327.006
1206.26	329.853
1206.58	332.617
1206.9	335.508
1207.23	328.271
1207.55	329.865
1207.87	331.368
1208.2	330.331
1208.52	335.089
1208.84	334.929
1209.16	334.812
1209.49	333.773
1209.81	335.446
1210.13	333.102
1210.46	331.121
1210.78	329.483
1211.1	331.333
1211.42	331.925
1211.75	333.267
1212.07	332.197
1212.39	330.005
1212.72	336.588
1213.04	335.692
1213.36	334.393
1213.69	335.584
1214.01	335.177
1214.33	329.402
1214.65	334.859
1214.98	339.808
1215.3	334.744
1215.62	334.486
1215.95	332.806
1216.27	335.038
1216.59	332.967
1216.91	331.962
1217.24	330.907
1217.56	331.961
1217.88	331.732
1218.2	332.216
1218.53	333.915
1218.85	331.233
1219.17	334.475
1219.5	332.718
1219.82	334.008
1220.14	333.559
1220.46	331.21
1220.78	329.896
1221.11	329.042
1221.43	332.042
1221.75	332.435
1222.07	332.393
1222.4	332.872
1222.72	334.239
1223.04	333.156
1223.36	332.694
1223.69	334.681
1224.01	329.745
1224.33	332.252
1224.65	337.62
1224.97	325.719
1225.3	333.946
1225.62	332.705
1225.94	331.41
1226.26	336.05
1226.58	331.434
1226.91	336.49
1227.23	332.717
1227.55	332.605
1227.87	332.701
1228.2	326.802
1228.52	332.512
1228.84	334.058
1229.16	331.279
1229.48	333.248
1229.81	329.511
1230.13	333.195
1230.45	332
1230.77	333.873
1231.09	332.806
1231.41	332.806
1231.74	332.435
1232.06	330.829
1232.38	332.227
1232.7	334.555
1233.02	331.92
1233.35	334.114
1233.67	332.969
1233.99	332.655
1234.31	327.979
1234.63	333.107
1234.95	334.921
1235.28	333.142
1235.6	331.063
1235.92	334.597
1236.24	335.456
1236.56	334.732
1236.88	333.331
1237.2	330.157
1237.53	335.69
1237.85	336.404
1238.17	333.588
1238.49	330.072
1238.81	330.326
1239.13	336.756
1239.46	336.484
1239.78	333.482
1240.1	334.953
1240.42	334.818
1240.74	335.113
1241.06	334.628
1241.38	333.318
1241.7	332.694
1242.03	332.069
1242.35	332.917
1242.67	331.27
1242.99	332.189
1243.31	331.928
1243.63	334.873
1243.95	330.38
1244.27	334.267
1244.59	333.837
1244.92	331.916
1245.24	330.491
1245.56	332.439
1245.88	334.183
1246.2	332.63
1246.52	334.143
1246.84	334.655
1247.16	335.665
1247.48	335.075
1247.8	334.511
1248.12	334.21
1248.45	337.506
1248.77	336.607
1249.09	332.654
1249.41	334.362
1249.73	332.721
1250.05	338.173
1250.37	330.963
1250.69	332.746
1251.01	332.902
1251.33	329.794
1251.65	331.333
1251.97	334.911
1252.29	333.724
1252.61	335.12
1252.93	331.008
1253.26	331.55
1253.57	330.514
1253.9	336.481
1254.22	336.306
1254.54	332.713
1254.86	335.465
1255.18	333.158
1255.5	332.225
1255.82	331.38
1256.14	330.756
1256.46	334.732
1256.78	334.589
1257.1	329.091
1257.42	333.793
1257.74	338.168
1258.06	330.102
1258.38	334.547
1258.7	335.518
1259.02	330.004
1259.34	334.895
1259.66	331.468
1259.98	334.701
1260.3	331.976
1260.62	331.126
1260.94	335.58
1261.26	331.874
1261.58	336.11
1261.9	331.291
1262.22	332.223
1262.54	331.606
1262.86	334.558
1263.18	331.488
1263.5	332.781
1263.82	336.855
1264.14	335.332
1264.46	332.597
1264.78	331.062
1265.1	336.705
1265.42	331.762
1265.74	330.589
1266.06	330.746
1266.38	330.86
1266.7	327.01
1267.02	330.58
1267.34	330.794
1267.66	330.504
1267.98	332.711
1268.3	333.189
1268.62	334.815
1268.94	337.275
1269.26	335.736
1269.58	327.684
1269.9	330.778
1270.22	328.453
1270.54	333.016
1270.85	332.532
1271.17	336.086
1271.49	335.802
1271.81	336.162
1272.13	335.962
1272.45	336.108
1272.77	333.589
1273.09	332.679
1273.41	332.358
1273.73	335.468
1274.05	332.004
1274.37	333.776
1274.69	331.688
1275.01	335.539
1275.33	333.596
1275.64	334.667
1275.96	329.357
1276.28	333.251
1276.6	333.426
1276.92	336.279
1277.24	330.892
1277.56	335.503
1277.88	334.262
1278.2	332.45
1278.52	330.17
1278.84	333.068
1279.15	332.07
1279.47	336.43
1279.79	334.39
1280.11	333.391
1280.43	327.231
1280.75	328.944
1281.07	330.844
1281.39	332.062
1281.71	330.837
1282.03	329.507
1282.34	330.263
1282.66	330.924
1282.98	328.228
1283.3	330.998
1283.62	335.616
1283.94	334.906
1284.26	337.63
1284.57	335.414
1284.89	333.846
1285.21	334.496
1285.53	332.64
1285.85	329.202
1286.17	331.472
1286.49	335.829
1286.81	330.884
1287.12	332.159
1287.44	331.483
1287.76	330.339
1288.08	331.425
1288.4	330.264
1288.72	331.531
1289.03	335.556
1289.35	334.334
1289.67	331.512
1289.99	335.496
1290.31	332.865
1290.63	333.427
1290.94	332.896
1291.26	334.205
1291.58	334.304
1291.9	333.737
1292.22	336.563
1292.54	335.794
1292.85	332.83
1293.17	333.075
1293.49	331.375
1293.81	332.163
1294.13	333.952
1294.44	332.992
1294.76	336.322
1295.08	333.683
1295.4	336.921
1295.72	330.973
1296.03	330.453
1296.35	332.948
1296.67	333.654
1296.99	334.644
1297.31	333.471
1297.62	335.441
1297.94	335.42
1298.26	333.529
1298.58	331.492
1298.9	334.425
1299.21	331.355
1299.53	331.673
1299.85	336.657
1300.17	340.067
1300.48	336.717
1300.8	339.418
1301.12	337.594
1301.44	334.715
1301.76	335.906
1302.07	334.541
1302.39	330.741
1302.71	337.916
1303.03	339.425
1303.34	337.668
1303.66	334.332
1303.98	334.636
1304.3	335.989
1304.61	332.967
1304.93	337.801
1305.25	332.578
1305.57	337.13
1305.88	335.6
1306.2	333.09
1306.52	333.538
1306.84	334.585
1307.15	338.814
1307.47	337.169
1307.79	333.968
1308.1	330.076
1308.42	336.573
1308.74	336.984
1309.06	334.778
1309.37	335.431
1309.69	335.089
1310.01	334.575
1310.33	335.948
1310.64	332.166
1310.96	331.51
1311.28	335.271
1311.59	336.921
1311.91	336.908
1312.23	335.907
1312.54	340.255
1312.86	333.718
1313.18	335.094
1313.5	336.084
1313.81	337.478
1314.13	337.775
1314.45	334.04
1314.76	333.37
1315.08	333.061
1315.4	338.128
1315.71	338.414
1316.03	338.947
1316.35	334.397
1316.66	337.506
1316.98	337.398
1317.3	336.285
1317.61	332.915
1317.93	338.104
1318.25	337.671
1318.56	327.464
1318.88	334.861
1319.2	331.774
1319.51	336.355
1319.83	337.064
1320.15	335.014
1320.46	339.661
1320.78	335.74
1321.1	342.403
1321.41	337.189
1321.73	336.182
1322.05	340.023
1322.36	339.132
1322.68	338.366
1323	336.599
1323.31	331.276
1323.63	335.984
1323.94	338.047
1324.26	337.624
1324.58	338.917
1324.89	338.814
1325.21	336.756
1325.53	337.74
1325.84	342.692
1326.16	334.662
1326.47	341.275
1326.79	341.432
1327.11	339.514
1327.42	343.325
1327.74	342.722
1328.06	345.209
1328.37	345.149
1328.69	341.485
1329	345.264
1329.32	338.015
1329.64	346.506
1329.95	348.561
1330.27	352.777
1330.58	349.956
1330.9	357.403
1331.22	360.149
1331.53	359.991
1331.85	358.873
1332.16	365.934
1332.48	378.753
1332.79	381.056
1333.11	394.926
1333.43	410.384
1333.74	429.13
1334.06	442.239
1334.37	458.956
1334.69	485.995
1335	510.34
1335.32	527.766
1335.63	546.118
1335.95	545.836
1336.27	553.494
1336.58	550.256
1336.9	530.723
1337.21	504.86
1337.53	474.812
1337.85	446.932
1338.16	425.988
1338.48	409.514
1338.79	391.242
1339.11	377.473
1339.42	368.056
1339.74	363.745
1340.05	359.307
1340.37	357.201
1340.68	356.815
1341	351.741
1341.31	342.746
1341.63	345.735
1341.94	346.266
1342.26	344.748
1342.58	345.437
1342.89	343.259
1343.21	339.76
1343.52	340.037
1343.83	344.634
1344.15	339.001
1344.47	339.786
1344.78	345.246
1345.1	341.643
1345.41	337.593
1345.73	337.67
1346.04	338.469
1346.36	338.942
1346.67	337.843
1346.99	343.119
1347.3	345.181
1347.62	344.823
1347.93	342.419
1348.25	343.097
1348.56	348.367
1348.88	340.217
1349.19	340.847
1349.5	338.7
1349.82	336.522
1350.13	339.786
1350.45	337.158
1350.76	338.001
1351.08	343.801
1351.39	341.945
1351.71	340.637
1352.02	338.069
1352.34	344.234
1352.65	341.539
1352.97	336.169
1353.28	336.889
1353.6	339.629
1353.91	335.419
1354.22	335.664
1354.54	335.107
1354.85	341.529
1355.17	338.809
1355.48	334.278
1355.8	337.863
1356.11	340.125
1356.43	337.983
1356.74	342.439
1357.06	340.373
1357.37	336.571
1357.68	340.224
1358	336.567
1358.31	334.993
1358.63	340.152
1358.94	343.448
1359.26	339.108
1359.57	338.501
1359.88	341.47
1360.2	343.631
1360.51	345.124
1360.83	343.767
1361.14	341.123
1361.45	343.691
1361.77	341.551
1362.08	337.921
1362.4	340.456
1362.71	335.674
1363.02	334.487
1363.34	339.155
1363.65	337.353
1363.97	335.644
1364.28	337.992
1364.59	341.228
1364.91	338.96
1365.22	339.526
1365.54	337.84
1365.85	336.915
1366.16	337.176
1366.48	337.686
1366.79	335.153
1367.11	340.315
1367.42	338.018
1367.73	336.26
1368.05	336.19
1368.36	341.706
1368.67	337.447
1368.99	337.685
1369.3	336.632
1369.61	338.202
1369.93	338.356
1370.24	332.985
1370.55	340.076
1370.87	340.483
1371.18	341.213
1371.5	339.609
1371.81	331.631
1372.12	333.727
1372.17	335.039
1372.48	341.253
1372.8	342.404
1373.12	340.07
1373.43	345.451
1373.75	338.528
1374.06	343.456
1374.38	341.044
1374.69	343.358
1375.01	347.972
1375.32	339.777
1375.64	334.232
1375.96	334.876
1376.27	340.584
1376.59	335.21
1376.9	339.415
1377.22	342.492
1377.53	334.984
1377.85	339.946
1378.16	336.143
1378.48	335.717
1378.79	338.546
1379.11	330.385
1379.42	332.982
1379.74	339.265
1380.05	343.932
1380.37	335.954
1380.69	335.556
1381	342.472
1381.32	335.074
1381.63	341.769
1381.94	336.489
1382.26	340.497
1382.58	340.814
1382.89	337.393
1383.21	340.967
1383.52	333.572
1383.84	337.314
1384.15	338.73
1384.47	339.836
1384.78	336.686
1385.1	339.855
1385.41	340.495
1385.73	346.505
1386.04	339.505
1386.35	333.822
1386.67	339.097
1386.99	335.452
1387.3	338.376
1387.61	335.349
1387.93	340
1388.24	337.986
1388.56	336.775
1388.87	337.452
1389.19	340.007
1389.5	338.314
1389.82	340.127
1390.13	336.785
1390.45	344.874
1390.76	343.738
1391.08	337.887
1391.39	341.173
1391.71	342.122
1392.02	338.832
1392.33	338.24
1392.65	339.658
1392.96	338.054
1393.28	336.952
1393.59	332.271
1393.91	342.018
1394.22	338.005
1394.54	345.377
1394.85	335.302
1395.16	338.943
1395.48	343.193
1395.79	336.757
1396.11	342.639
1396.42	336.748
1396.73	335.062
1397.05	340.776
1397.36	332.886
1397.68	338.823
1397.99	340.423
1398.31	339.923
1398.62	333.759
1398.94	335.857
1399.25	340.44
1399.56	337.015
1399.88	340.121
1400.19	338.907
1400.5	335.858
1400.82	340.442
1401.13	339.431
1401.45	339.266
1401.76	340.297
1402.08	345.269
1402.39	336.457
1402.7	339.207
1403.02	335.977
1403.33	336.503
1403.65	347.788
1403.96	338.334
1404.27	343.119
1404.59	343.85
1404.9	336.093
1405.21	335.232
1405.53	336.85
1405.84	340.008
1406.15	336.479
1406.47	334.704
1406.78	339.001
1407.09	338.164
1407.41	345.448
1407.72	346.515
1408.04	343.772
1408.35	338.018
1408.66	337.649
1408.98	340.887
1409.29	339.734
1409.6	338.139
1409.92	338.756
1410.23	336.694
1410.54	338.324
1410.86	341.08
1411.17	343.633
1411.48	340.629
1411.8	343.952
1412.11	339.922
1412.43	341.108
1412.74	340.045
1413.05	337.331
1413.36	338.829
1413.68	341.055
1413.99	334.68
1414.3	339.737
1414.62	341.29
1414.93	340.999
1415.24	340.217
1415.56	344.172
1415.87	343.323
1416.18	338.313
1416.5	339.33
1416.81	342.326
1417.12	341.879
1417.44	341.376
1417.75	344.477
1418.06	340.249
1418.37	345.941
1418.69	343.154
1419	338.293
1419.31	340.453
1419.63	347.127
1419.94	343.116
1420.25	340.303
1420.56	340.139
1420.88	340.117
1421.19	339.885
1421.5	340.394
1421.82	346.799
1422.13	341.882
1422.44	343.482
1422.76	344.401
1423.07	344.036
1423.38	338.119
1423.69	344.145
1424.01	343.095
1424.32	343.775
1424.63	341.73
1424.94	339.591
1425.26	343.467
1425.57	342.197
1425.88	342.623
1426.19	343.555
1426.51	343.6
1426.82	339.928
1427.13	340.098
1427.44	343.676
1427.76	337.185
1428.07	337.705
1428.38	341.747
1428.69	341.385
1429.01	342.796
1429.32	341.792
1429.63	344.828
1429.94	344.54
1430.25	336.604
1430.57	338.125
1430.88	341.338
1431.19	336.509
1431.5	345.075
1431.82	337.219
1432.13	335.559
1432.44	345.046
1432.75	339.268
1433.06	342.694
1433.38	339.594
1433.69	342.433
1434	339.855
1434.31	341.558
1434.62	345.015
1434.94	342.577
1435.25	337.985
1435.56	338.436
1435.87	335.78
1436.18	343.296
1436.5	342.753
1436.81	336.923
1437.12	333.629
1437.43	346.042
1437.74	340.797
1438.06	339.092
1438.37	339.464
1438.68	347.954
1438.99	343.223
1439.3	339.973
1439.61	341.209
1439.93	338.99
1440.24	340.684
1440.55	342.327
1440.86	342.342
1441.17	344.633
1441.48	342.624
1441.8	338.815
1442.11	339.216
1442.42	339.046
1442.73	340.152
1443.04	337.506
1443.35	340.608
1443.67	343.266
1443.98	338.348
1444.29	342.467
1444.6	341.948
1444.91	343.2
1445.22	340.941
1445.53	342.852
1445.85	341.157
1446.16	339.094
1446.47	341.863
1446.78	340.917
1447.09	339.987
1447.4	340.715
1447.71	338.911
1448.02	336.539
1448.33	343.312
1448.65	345.095
1448.96	341.837
1449.27	344.531
1449.58	344.544
1449.89	343.043
1450.2	345.699
1450.51	337.422
1450.82	339.018
1451.14	344.177
1451.45	340.922
1451.76	340.336
1452.07	339.426
1452.38	341.053
1452.69	340.947
1453	346.23
1453.31	349.28
1453.62	343.436
1453.93	342.819
1454.25	346.698
1454.56	342.477
1454.87	341.615
1455.18	343.175
1455.49	344.779
1455.8	343.316
1456.11	339.531
1456.42	338.64
1456.73	341.707
1457.04	345.917
1457.35	342.218
1457.66	342.916
1457.97	343.736
1458.28	343.753
1458.59	344.238
1458.9	340.816
1459.22	341.087
1459.53	341.098
1459.84	342.436
1460.15	342.985
1460.46	346.248
1460.77	338.648
1461.08	337.33
1461.39	341.237
1461.7	340.056
1462.01	344.32
1462.32	343.503
1462.63	346.505
1462.94	345.289
1463.25	335.352
1463.56	335.82
1463.87	340.678
1464.18	343.596
1464.49	341.892
1464.8	339.208
1465.11	341.967
1465.42	341.282
1465.73	340.761
1466.04	340.758
1466.35	342.537
1466.66	339.894
1466.97	337.425
1467.28	340.934
1467.59	342.796
1467.9	341.269
1468.21	347.096
1468.52	338.93
1468.83	336.818
1469.14	343.134
1469.45	342.003
1469.76	344.346
1470.07	338.9
1470.38	341.503
1470.69	341.323
1471	342.556
1471.31	342.02
1471.62	339.71
1471.93	334.052
1472.24	337.17
1472.55	339.147
1472.86	348.422
1473.17	339.1
1473.48	341.923
1473.79	339.345
1474.1	338.016
1474.41	338.642
1474.72	340.324
1475.03	338.956
1475.34	343.851
1475.65	341.156
1475.96	341.3
1476.27	337.5
1476.58	338.425
1476.89	337.35
1477.2	341.874
1477.51	342.867
1477.82	342.623
1478.13	341.471
1478.44	339.297
1478.74	343.804
1479.05	341.122
1479.36	339.475
1479.67	345.727
1479.98	341.499
1480.29	342.979
1480.6	344.051
1480.91	342.087
1481.22	340.626
1481.53	342.5
1481.84	343.518
1482.15	342.171
1482.46	347.505
1482.77	338.524
1483.07	341.393
1483.38	340.715
1483.69	338.268
1484	336.275
1484.31	339.558
1484.62	341.777
1484.93	341.859
1485.24	344.451
1485.55	346.946
1485.86	336.978
1486.17	334.183
1486.47	339.125
1486.78	338.023
1487.09	335.982
1487.4	337.677
1487.71	341.467
1488.02	340.445
1488.33	344.553
1488.64	338.921
1488.94	345.069
1489.25	340.418
1489.56	338.526
1489.87	339.901
1490.18	344.084
1490.49	342.64
1490.8	337.461
1491.11	338.275
1491.41	337.77
1491.72	342.151
1492.03	343.255
1492.34	343.36
1492.65	341.438
1492.96	338.353
1493.27	340.555
1493.57	339.267
1493.88	343.648
1494.19	340.811
1494.5	341.645
1494.81	343.076
1495.12	339.127
1495.43	341.334
1495.73	338.622
1496.04	341.579
1496.35	340.466
1496.66	340.992
1496.97	340.768
1497.28	344.832
1497.58	342.535
1497.89	338.882
1498.2	342.425
1498.51	343.674
1498.82	346.184
1499.13	343.803
1499.43	341.042
1499.74	339.295
1500.05	339.534
1500.36	344.052
1500.67	342.392
1500.97	338.59
1501.28	336.495
1501.59	340.39
1501.9	344.09
1502.21	341.034
1502.51	340.837
1502.82	339.185
1503.13	339.216
1503.44	337.278
1503.74	338.013
1504.05	339.339
1504.36	335.674
1504.67	339.673
1504.98	338.732
1505.29	338.606
1505.59	341.974
1505.9	340.607
1506.21	337.285
1506.52	338.177
1506.82	340.301
1507.13	340.91
1507.44	343.256
1507.75	341.682
1508.06	339.062
1508.36	340.524
1508.67	340.276
1508.98	339.334
1509.29	338.135
1509.59	336.9
1509.9	338.763
1510.21	339.216
1510.52	336.351
1510.82	339.608
1511.13	344.98
1511.44	342.937
1511.75	339.217
1512.05	338.37
1512.36	336.266
1512.67	338.928
1512.98	340.818
1513.28	337.226
1513.59	336.789
1513.9	337.793
1514.2	340.802
1514.51	332.891
1514.82	340.689
1515.13	339.761
1515.43	337.827
1515.74	336.95
1516.05	334.96
1516.35	338.227
1516.66	343.149
1516.97	335.818
1517.28	338.477
1517.58	339.966
1517.89	337.869
1518.2	334.783
1518.51	338.403
1518.81	334.348
1519.12	335.658
1519.43	339.019
1519.73	337.767
1520.04	335.905
1520.35	338.149
1520.65	339.849
1520.96	340.022
1521.27	343.717
1521.57	339.733
1521.88	336.884
1522.19	342.067
1522.5	333.074
1522.8	332.799
1523.11	333.882
1523.41	343.688
1523.72	340.447
1524.03	337.087
1524.34	336.728
1524.64	337.689
1524.95	340.868
1525.26	337.095
1525.56	339.576
1525.87	339.828
1526.17	341.069
1526.48	341.988
1526.79	341.466
1527.1	342.583
1527.4	334.958
1527.71	338.043
1528.02	332.257
1528.32	337.41
1528.63	338.517
1528.93	337.81
1529.24	341.348
1529.55	335.982
1529.85	338.2
1530.16	337.205
1530.47	338.347
1530.77	335.041
1531.08	339.887
1531.38	336.225
1531.69	340.087
1532	336.132
1532.3	335.952
1532.61	333.463
1532.92	335.652
1533.22	345.856
1533.53	333.301
1533.84	331.857
1534.14	337.263
1534.45	331.499
1534.75	336.041
1535.06	343.618
1535.37	341.579
1535.67	341.846
1535.98	339.638
1536.28	336.657
1536.59	339.27
1536.9	342.021
1537.2	336.042
1537.51	339.674
1537.81	336.899
1538.12	340.986
1538.42	334.989
1538.73	335.376
1539.04	336.275
1539.34	334.095
1539.65	338.808
1539.95	343.013
1540.26	340.404
1540.56	339.361
1540.67	340.15
1540.98	343.114
1541.29	338.378
1541.59	332.776
1541.9	340.901
1542.21	339.601
1542.52	331.646
1542.82	341.847
1543.13	339.083
1543.44	337.331
1543.75	342.928
1544.05	341.865
1544.36	338.647
1544.67	337.241
1544.98	338.995
1545.29	342.995
1545.59	335.131
1545.9	339.738
1546.21	338.774
1546.52	335.163
1546.82	342.566
1547.13	339.971
1547.44	334.345
1547.75	339.798
1548.05	335.006
1548.36	332.882
1548.67	345.334
1548.98	339.291
1549.28	345.026
1549.59	342.323
1549.9	334.457
1550.2	338.391
1550.51	335.563
1550.82	343.147
1551.13	334.324
1551.43	338.675
1551.74	340.669
1552.05	336.653
1552.36	348.934
1552.66	337.195
1552.97	340.352
1553.28	341.45
1553.59	340.362
1553.89	339.104
1554.2	340.057
1554.51	341.621
1554.81	337.283
1555.12	339.44
1555.43	338.681
1555.73	341.389
1556.04	339.68
1556.35	333.238
1556.65	338.139
1556.96	346.267
1557.27	342.207
1557.58	340.877
1557.88	341.402
1558.19	339.464
1558.5	341.139
1558.8	342.637
1559.11	338.205
1559.42	337.046
1559.72	336.502
1560.03	335.923
1560.34	336.21
1560.64	340.127
1560.95	340.292
1561.26	343.57
1561.56	339.164
1561.87	335.33
1562.18	334.827
1562.48	332.943
1562.79	339.727
1563.1	338.771
1563.4	341.11
1563.71	337.673
1564.02	335.292
1564.32	337.953
1564.63	337.173
1564.93	340.054
1565.24	337.5
1565.55	334.901
1565.85	340.658
1566.16	338.143
1566.47	341.333
1566.77	338.871
1567.08	334.602
1567.39	336.23
1567.69	343.016
1568	338.182
1568.31	339.537
1568.61	340.791
1568.92	339.761
1569.22	336.958
1569.53	335.136
1569.84	338.413
1570.14	338.044
1570.45	332.893
1570.75	338.382
1571.06	340.877
1571.37	337.316
1571.67	333.58
1571.98	336.283
1572.29	340.814
1572.59	338.377
1572.9	346.278
1573.2	342.86
1573.51	342.977
1573.81	343.091
1574.12	341.139
1574.43	334.739
1574.73	339.606
1575.04	338.681
1575.34	339.341
1575.65	343.536
1575.96	343.243
1576.26	343.842
1576.57	341.126
1576.87	344.679
1577.18	341.773
1577.48	336.413
1577.79	334.072
1578.1	336.744
1578.4	341.052
1578.71	346.714
1579.01	337.897
1579.32	339.092
1579.63	337.949
1579.93	334.042
1580.24	334.159
1580.54	339.143
1580.85	339.921
1581.15	340.458
1581.46	340.251
1581.76	336.07
1582.07	345.031
1582.37	342.483
1582.68	333.517
1582.99	342.01
1583.29	339.246
1583.6	334.078
1583.9	336.545
1584.21	337.902
1584.51	340.771
1584.82	338.936
1585.12	341.777
1585.43	344.448
1585.73	340.125
1586.04	340.729
1586.34	333.533
1586.65	334.336
1586.95	341.349
1587.26	338.165
1587.56	334.424
1587.87	338.613
1588.17	334.82
1588.48	338.477
1588.78	340.191
1589.09	346.024
1589.39	343.261
1589.7	343.068
1590.01	342.76
1590.31	343.131
1590.61	341.733
1590.92	340.827
1591.22	341.095
1591.53	341.127
1591.83	338.15
1592.14	339.506
1592.44	339.891
1592.75	345.374
1593.05	339.698
1593.36	339.729
1593.66	338.98
1593.97	339.24
1594.27	336.097
1594.58	338.199
1594.88	343.031
1595.19	337.208
1595.49	342.747
1595.8	339.147
1596.1	336.117
1596.41	344.207
1596.71	339.151
1597.01	338.941
1597.32	340.351
1597.62	340.727
1597.93	341.491
1598.23	339.14
1598.54	338.979
1598.84	337.447
1599.15	339.84
1599.45	340.358
1599.75	341.573
1600.06	341.443
1600.36	339.894
1600.67	339.294
1600.97	339.934
1601.28	340.212
1601.58	336.371
1601.89	341.261
1602.19	340.847
1602.49	339.886
1602.8	342.233
1603.1	346.387
1603.41	337.403
1603.71	338.403
1604.01	337.118
1604.32	338.282
1604.62	340.741
1604.93	335.755
1605.23	339.983
1605.54	339.194
1605.84	335.764
1606.14	341.122
1606.45	343.344
1606.75	343.509
1607.06	338.461
1607.36	336.943
1607.66	340.823
1607.97	342.111
1608.27	342.668
1608.57	342.518
1608.88	340.129
1609.18	339.816
1609.49	338.575
1609.79	334.456
1610.1	338.584
1610.4	338.558
1610.7	337.428
1611	336.211
1611.31	337.39
1611.61	337.996
1611.92	341.013
1612.22	337.015
1612.53	337.783
1612.83	339.045
1613.13	338.428
1613.43	340
1613.74	340.136
1614.04	339.921
1614.35	338.436
1614.65	339.289
1614.95	338.555
1615.26	339.136
1615.56	336.816
1615.86	342.178
1616.17	339.854
1616.47	337.978
1616.77	335.594
1617.08	337.005
1617.38	339.117
1617.68	340.68
1617.99	336.473
1618.29	333.924
1618.59	338.229
1618.9	337.34
1619.2	338.107
1619.5	341.103
1619.81	336.744
1620.11	338.827
1620.41	346.982
1620.72	345.012
1621.02	339.888
1621.32	340.211
1621.63	336.656
1621.93	337.798
1622.23	340.93
1622.54	337.76
1622.84	336.007
1623.14	339.675
1623.44	340.939
1623.75	339.621
1624.05	333.525
1624.35	338.429
1624.66	335.08
1624.96	342.238
1625.26	341.581
1625.56	337.617
1625.87	338.193
1626.17	339.042
1626.47	335.325
1626.78	339.742
1627.08	337.435
1627.38	338.325
1627.68	333.866
1627.99	336.655
1628.29	341.426
1628.59	337.49
1628.9	338.756
1629.2	337.012
1629.5	339.648
1629.8	343.705
1630.11	337.301
1630.41	334.661
1630.71	331.813
1631.01	339.865
1631.32	340.618
1631.62	341.011
1631.92	341.702
1632.22	334.812
1632.53	337.711
1632.83	342.01
1633.13	340.604
1633.43	341.043
1633.74	340.096
1634.04	340.192
1634.34	344.192
1634.64	338.199
1634.95	339.188
1635.25	334.605
1635.55	346.152
1635.85	335.117
1636.16	340.422
1636.46	337.705
1636.76	337.03
1637.06	341.76
1637.36	335.824
1637.67	336.318
1637.97	336.851
1638.27	338.189
1638.57	338.856
1638.88	336.568
1639.18	336.167
1639.48	335.015
1639.78	337.554
1640.08	336.086
1640.39	338.425
1640.69	338.078
1640.99	336.004
1641.29	338.61
1641.59	335.56
1641.9	341.336
1642.2	338.066
1642.5	340.921
1642.8	339.027
1643.1	333.995
1643.4	336.566
1643.71	338.856
1644.01	338.241
1644.31	339.673
1644.61	339.682
1644.91	336.904
1645.21	337.145
1645.52	337.411
1645.82	341.311
1646.12	334.548
1646.42	332.357
1646.72	335.755
1647.03	337.164
1647.33	335.544
1647.63	336.39
1647.93	333.329
1648.23	336.221
1648.53	334.912
1648.83	338.856
1649.14	340.919
1649.44	340.112
1649.74	339.449
1650.04	339.753
1650.34	335.47
1650.64	339.135
1650.95	335.326
1651.25	335.499
1651.55	341.092
1651.85	341.204
1652.15	336.994
1652.45	337.897
1652.75	335.135
1653.05	332.501
1653.36	339.237
1653.66	337.228
1653.96	341.183
1654.26	341.376
1654.56	341.556
1654.86	339.078
1655.16	336.306
1655.46	335.8
1655.77	340.536
1656.07	343.596
1656.37	342.002
1656.67	339.941
1656.97	338.763
1657.27	340.999
1657.57	337.321
1657.87	339.277
1658.17	341.296
1658.47	336.762
1658.77	338.517
1659.08	340.267
1659.38	338.373
1659.68	340.188
1659.98	337.758
1660.28	335.398
1660.58	334.887
1660.88	338.355
1661.18	340.988
1661.48	336.412
1661.78	334.046
1662.08	337.255
1662.39	340.243
1662.69	338.826
1662.99	340.887
1663.29	337.339
1663.59	333.478
1663.89	339.524
1664.19	342.898
1664.49	339.7
1664.79	341.916
1665.09	338.479
1665.39	336.698
1665.69	339.026
1665.99	344.149
1666.29	337.112
1666.59	340.022
1666.89	338.315
1667.2	340.078
1667.49	337.476
1667.79	338.893
1668.1	335.502
1668.4	337.31
1668.7	344.643
1669	341.016
1669.3	335.421
1669.6	345.372
1669.9	335.769
1670.2	341.362
1670.5	333.595
1670.8	333.461
1671.1	339.785
1671.4	338.875
1671.7	338.956
1672	340.685
1672.3	346.006
1672.6	333.434
1672.9	338.096
1673.2	341.647
1673.5	339.98
1673.8	335.892
1674.1	336.239
1674.4	338.221
1674.7	334.721
1675	337.861
1675.3	339.841
1675.6	338.431
1675.9	333.716
1676.2	339.836
1676.5	340.746
1676.8	333.195
1677.1	343.627
1677.4	339.077
1677.7	342.053
1678	339.456
1678.3	339.884
1678.6	343.848
1678.9	337.826
1679.2	340.082
1679.5	337.251
1679.8	337.369
1680.1	338.386
1680.4	340.681
1680.7	337.694
1681	348.059
1681.3	342.748
1681.59	336.344
1681.89	336.13
1682.19	334.121
1682.49	338.673
1682.79	338.663
1683.09	335.401
1683.39	338.076
1683.69	341.255
1683.99	337.547
1684.29	342.455
1684.59	337.779
1684.89	340.887
1685.19	339.239
1685.49	336.422
1685.79	340.967
1686.09	336.591
1686.39	335.352
1686.69	340.555
1686.98	340.706
1687.28	339.724
1687.58	340.567
1687.88	337.608
1688.18	338.12
1688.48	340.592
1688.78	339.951
1689.08	344.086
1689.38	340.392
1689.68	337.624
1689.98	337.532
1690.28	337.144
1690.57	341.679
1690.87	340.506
1691.17	337.152
1691.47	338
1691.77	338.877
1692.07	336.927
1692.37	338.965
1692.67	340.45
1692.97	340.104
1693.26	340.567
1693.56	338.916
1693.86	339.337
1694.16	337.501
1694.46	341.636
1694.76	340.705
1695.06	338.546
1695.36	340.38
1695.65	340.476
1695.95	338.104
1696.25	336.091
1696.55	337.462
1696.85	335.336
1697.15	337.97
1697.45	340.234
1697.75	342.022
1698.04	340.6
1698.34	337.69
1698.64	337.801
1698.94	341.342
1699.24	337.456
1699.54	334.144
1699.84	338.177
1700	339.62
1700.3	341.877
1700.6	340.45
1700.9	347.647
1701.2	341.197
1701.5	346.727
1701.8	338.378
1702.1	341.635
1702.4	336.539
1702.7	337.239
1703	341.253
1703.3	342.358
1703.6	334.398
1703.91	340.547
1704.21	339.201
1704.51	337.358
1704.81	342.509
1705.11	341.797
1705.41	339.081
1705.71	337.182
1706.01	335.498
1706.31	341.046
1706.61	340.829
1706.91	340.478
1707.21	341.702
1707.51	342.767
1707.81	333.537
1708.11	345.926
1708.41	340.285
1708.71	336.395
1709.01	345.817
1709.31	337.328
1709.61	338.914
1709.91	337.565
1710.21	340.048
1710.51	339.314
1710.81	340.416
1711.11	342.796
1711.41	348.542
1711.71	338.503
1712.01	343.323
1712.31	340.209
1712.61	344.878
1712.91	336.157
1713.21	337.547
1713.51	346.613
1713.81	341.796
1714.11	339.748
1714.41	339.915
1714.71	337.894
1715.01	339.199
1715.31	341.495
1715.61	338.264
1715.91	343.051
1716.21	337.813
1716.51	335.201
1716.81	343.902
1717.11	338.364
1717.41	336.608
1717.71	338.763
1718.01	339.716
1718.31	333.333
1718.61	340.002
1718.91	346.313
1719.2	344.876
1719.5	342.656
1719.8	338.922
1720.1	339.82
1720.4	337.773
1720.7	334.676
1721	334.333
1721.3	340.438
1721.6	339.509
1721.9	337.019
1722.2	341.805
1722.5	339.74
1722.8	340.75
1723.1	338.725
1723.4	339.526
1723.7	339.405
1723.99	341.593
1724.29	338.316
1724.59	338.465
1724.89	340.149
1725.19	339.301
1725.49	339.375
1725.79	339.393
1726.09	335.136
1726.39	336.542
1726.69	341.608
1726.99	338.324
1727.29	340.984
1727.58	340.8
1727.88	346.978
1728.18	347.214
1728.48	340.46
1728.78	344.531
1729.08	341.656
1729.38	338.253
1729.68	344.471
1729.98	339.821
1730.28	335.826
1730.58	343.6
1730.87	339.786
1731.17	339.332
1731.47	340.368
1731.77	338.757
1732.07	338.686
1732.37	338.407
1732.67	337.611
1732.97	340.112
1733.26	342.793
1733.56	341.563
1733.86	340.149
1734.16	342.839
1734.46	336.701
1734.76	337.915
1735.06	340.836
1735.35	344.563
1735.65	345.42
1735.95	341.993
1736.25	343.364
1736.55	341.441
1736.85	340.931
1737.15	340.344
1737.44	346.777
1737.74	346.294
1738.04	338.633
1738.34	341.632
1738.64	337.649
1738.94	340.809
1739.24	336.153
1739.53	335.749
1739.83	341.33
1740.13	340.992
1740.43	337.75
1740.73	336.767
1741.03	340.775
1741.32	338.649
1741.62	341.622
1741.92	341.577
1742.22	344.105
1742.52	336.336
1742.81	336.001
1743.11	339.331
1743.41	337.838
1743.71	338.834
1744.01	342.651
1744.31	339.546
1744.6	338.667
1744.9	333.859
1745.2	336.7
1745.5	337.462
1745.79	338.221
1746.09	336.779
1746.39	335.348
1746.69	338.443
1746.99	341.402
1747.28	339.21
1747.58	334.247
1747.88	339.021
1748.18	342.717
1748.48	336.522
1748.77	344.777
1749.07	340.983
1749.37	339.608
1749.67	335.394
1749.96	341.61
1750.26	337.796
1750.56	334.793
1750.86	344.88
1751.16	339.676
1751.45	336.308
1751.75	337.802
1752.05	341.467
1752.35	335.528
1752.64	339.939
1752.94	340.731
1753.24	339.999
1753.54	341.026
1753.83	338.468
1754.13	338.785
1754.43	341.78
1754.73	340.664
1755.02	345.129
1755.32	344.945
1755.62	339.903
1755.92	338.972
1756.21	344.677
1756.51	342.342
1756.81	339.609
1757.11	338.939
1757.4	338.234
1757.7	337.644
1758	337.364
1758.3	336.537
1758.59	338.98
1758.89	337.517
1759.19	339.2
1759.48	336.336
1759.78	338.949
1760.08	339.565
1760.38	339.603
1760.67	336.453
1760.97	334.738
1761.27	341.293
1761.56	337.634
1761.86	342.701
1762.16	337.629
1762.45	336.112
1762.75	335.918
1763.05	334.627
1763.35	339.007
1763.64	338.651
1763.94	336.674
1764.24	346.267
1764.53	347.093
1764.83	337.799
1765.13	337.809
1765.42	341.486
1765.72	336.74
1766.02	334.18
1766.32	338.539
1766.61	343.291
1766.91	336.321
1767.21	333.071
1767.5	340.219
1767.8	341.702
1768.09	335.15
1768.39	337.221
1768.69	340.059
1768.99	340.144
1769.28	341.207
1769.58	340.447
1769.88	337.082
1770.17	334.351
1770.47	339.416
1770.76	338.226
1771.06	340.663
1771.36	338.647
1771.65	341.574
1771.95	340.829
1772.25	338.761
1772.54	339.367
1772.84	340.59
1773.14	340.31
1773.43	334.474
1773.73	340.017
1774.03	337.667
1774.32	339.21
1774.62	339.65
1774.91	338.931
1775.21	340.59
1775.51	339.66
1775.8	338.671
1776.1	342.367
1776.4	338.928
1776.69	337.555
1776.99	338.5
1777.28	338.634
1777.58	339.274
1777.88	338.972
1778.17	342.693
1778.47	342.319
1778.76	336.929
1779.06	337.184
1779.36	341.214
1779.65	339.364
1779.95	340.915
1780.24	341.271
1780.54	336.048
1780.84	339.899
1781.13	343.588
1781.43	343.835
1781.72	341.178
1782.02	338.244
1782.32	341.031
1782.61	338.298
1782.91	336.543
1783.2	337.865
1783.5	339.352
1783.79	339.07
1784.09	338.278
1784.39	340.419
1784.68	345.378
1784.98	339.142
1785.27	338.592
1785.57	339.094
1785.87	340.386
1786.16	341.292
1786.46	340.6
1786.75	342.15
1787.05	344.653
1787.34	341.897
1787.64	340.02
1787.93	338.435
1788.23	337.056
1788.52	342.497
1788.82	341.274
1789.12	333.872
1789.41	338.023
1789.71	339.6
1790	337.58
1790.3	339.287
1790.59	343.932
1790.89	341.361
1791.18	336.49
1791.48	340.568
1791.77	342.608
1792.07	339.908
1792.36	340.323
1792.66	343.442
1792.96	338.43
1793.25	336.752
1793.55	342.086
1793.84	337.463
1794.14	342.425
1794.43	339.352
1794.73	336.708
1795.02	338.599
1795.32	338.029
1795.61	334.306
1795.91	335.571
1796.2	342.203
1796.5	340.638
1796.79	342.245
1797.09	343.174
1797.38	341.012
1797.68	337.058
1797.97	344.759
1798.27	342.725
1798.56	339.776
1798.86	343.478
1799.15	345.975
1799.45	337.739
1799.74	337.871
1800.04	345.804
1800.33	347.626
1800.63	345.089
1800.92	341.102
1801.21	337.131
1801.51	336.987
1801.8	340.052
1802.1	336.127
1802.39	345.922
1802.69	343.013
1802.98	341.406
1803.28	341.326
1803.57	340.339
1803.87	341.886
1804.16	338.514
1804.46	336.195
1804.75	344.447
1805.04	339.816
1805.34	341.68
1805.63	342.232
1805.93	340.024
1806.22	339.467
1806.52	341.289
1806.81	339.306
1807.11	340.211
1807.4	339.723
1807.69	345.492
1807.99	343.392
1808.28	338.57
1808.58	340.231
1808.87	340.418
1809.17	337.966
1809.46	340.463
1809.76	340.362
1810.05	337.99
1810.34	337.687
1810.64	337.837
1810.93	337.741
1811.23	340.481
1811.52	341.946
1811.81	337.648
1812.11	336.502
1812.4	342.283
1812.7	339.367
1812.99	340.929
1813.28	343.607
1813.58	341.049
1813.87	337.086
1814.17	345.517
1814.46	342.804
1814.76	337.453
1815.05	342.959
1815.34	339.039
1815.64	342.751
1815.93	339.457
1816.22	339.482
1816.52	341.814
1816.81	347.468
1817.1	340.898
1817.4	338.541
1817.69	338.269
1817.99	340.686
1818.28	344.241
1818.57	341.999
1818.87	343.299
1819.16	340.922
1819.46	338.662
1819.75	345.273
1820.04	342.019
1820.34	337.454
1820.63	341.054
1820.92	344.132
1821.22	341.65
1821.51	341.09
1821.8	340.366
1822.1	339.564
1822.39	339.688
1822.69	342.714
1822.98	344.297
1823.27	342.62
1823.57	338.052
1823.86	341.715
1824.15	344.781
1824.45	340.276
1824.74	343.056
1825.03	339.427
1825.33	340.464
1825.62	342.216
1825.91	343.245
1826.2	344.243
1826.5	339.515
1826.79	341.577
1827.08	343.675
1827.38	342.932
1827.67	341.718
1827.96	341.486
1828.26	347.859
1828.55	344.148
1828.84	340.888
1829.14	342.056
1829.43	340.801
1829.72	348.056
1830.02	344.534
1830.31	346.302
1830.6	344.724
1830.89	342.631
1831.19	345.975
1831.48	346.981
1831.77	341.669
1832.07	332.834
1832.36	335.465
1832.65	340.855
1832.95	341.938
1833.24	343.602
1833.53	343.935
1833.82	340.366
1834.12	340.341
1834.41	345.944
1834.7	341.063
1835	344.521
1835.29	335.722
1835.58	346.196
1835.87	343.137
1836.17	343.662
1836.46	344.399
1836.75	341.804
1837.05	339.394
1837.34	346.82
1837.63	338.312
1837.92	339.665
1838.22	341.128
1838.51	340.209
1838.8	345.116
1839.09	345.885
1839.38	346.948
1839.68	337.656
1839.97	340.344
1840.26	343.2
1840.55	339.792
1840.85	342.833
1841.14	342.547
1841.43	345.703
1841.72	336.66
1842.02	340.566
1842.31	345.435
1842.6	344.007
1842.89	338.835
1843.19	340.713
1843.48	339.81
1843.77	345.051
1844.06	339.075
1844.36	342.092
1844.65	342.855
1844.94	342.78
1845.23	341.609
1845.52	345.25
1845.82	343.798
1846.11	343.701
1846.4	340.117
1846.69	336.386
1846.98	342.346
1847.28	342.586
1847.57	341.408
1847.86	342.313
1848.15	345.343
1848.44	343.859
1848.74	339.886
1849.03	344.613
1849.32	343.738
1849.61	341.882
1849.9	341.01
1850.19	338.447
1850.49	341.756
1850.78	339.911
1851.07	344.423
1851.36	343.889
1851.65	341.478
1851.95	339.044
1852.24	338.458
1852.53	339.225
1852.82	339.217
1853.11	341.283
1853.4	343.454
1853.7	342.993
1853.99	340.943
1854.28	337.777
1854.57	338.076
1854.86	337.633
1855.16	339.781
1855.45	339.569
1855.74	339.49
1856.03	343.788
1856.32	345.269
1856.61	341.532
1856.9	341.9
1857.19	340.637
1857.49	340.069
1857.78	343.8
1858.07	342.777
1858.36	344.236
1858.65	341.12
1858.79	340.958
1859.09	340.588
1859.38	342.448
1859.67	343.738
1859.97	343.047
1860.26	338.829
1860.55	338.457
1860.85	346.893
1861.14	343.745
1861.43	341.682
1861.73	349.895
1862.02	342.004
1862.31	343.712
1862.61	339.462
1862.9	341.686
1863.19	338.041
1863.49	340.822
1863.78	340.703
1864.07	345.424
1864.37	340.848
1864.66	339.653
1864.95	340.192
1865.24	345.673
1865.54	339.916
1865.83	338.612
1866.12	340.82
1866.42	342.376
1866.71	342.409
1867	341.528
1867.3	343.781
1867.59	341.484
1867.88	336.703
1868.18	341.515
1868.47	339.656
1868.76	340.552
1869.05	341.165
1869.35	340.286
1869.64	341.752
1869.93	345.35
1870.23	342.406
1870.52	342.407
1870.81	346.889
1871.1	335.866
1871.4	341.426
1871.69	342.131
1871.98	346.456
1872.27	342.01
1872.57	340.16
1872.86	340.86
1873.15	340.95
1873.45	338.625
1873.74	341.753
1874.03	345.95
1874.32	344.369
1874.62	340.135
1874.91	345.341
1875.2	339.314
1875.49	341.657
1875.79	341.637
1876.08	337.019
1876.37	343.993
1876.66	344.03
1876.96	344.176
1877.25	346.483
1877.54	341.342
1877.83	347.023
1878.12	340.059
1878.42	336.54
1878.71	343.878
1879	340.991
1879.29	338.361
1879.59	337.903
1879.88	332.876
1880.17	345.146
1880.46	337.045
1880.75	336.047
1881.05	338.88
1881.34	344.982
1881.63	342.217
1881.92	345.424
1882.21	342.48
1882.51	340.961
1882.8	345.529
1883.09	339.727
1883.38	335.946
1883.67	348.493
1883.97	336.389
1884.26	346.564
1884.55	337.164
1884.84	342.554
1885.13	336.269
1885.43	339.908
1885.72	342.682
1886.01	336.638
1886.3	342.331
1886.59	341.095
1886.89	338.788
1887.18	339.88
1887.47	343.156
1887.76	340.778
1888.05	340.874
1888.35	344.341
1888.64	336.591
1888.93	337.741
1889.22	344.664
1889.51	340.205
1889.8	336.992
1890.1	332.944
1890.39	336.581
1890.68	337.502
1890.97	345.154
1891.26	340.018
1891.55	340.489
1891.84	340.356
1892.14	341.514
1892.43	341.277
1892.72	342.873
1893.01	341.455
1893.3	344.997
1893.59	347.755
1893.88	342.587
1894.18	344.501
1894.47	338.515
1894.76	342.137
1895.05	338.379
1895.34	340.005
1895.63	336.893
1895.92	336.367
1896.22	339.963
1896.51	336.942
1896.8	341.359
1897.09	341.79
1897.38	343.153
1897.67	342.34
1897.96	339.397
1898.25	341.796
1898.55	339.574
1898.84	346.21
1899.13	340.314
1899.42	338.564
1899.71	340.574
1900	341.458
1900.29	340.046
1900.58	338.826
1900.87	337.429
1901.16	336.481
1901.46	340.668
1901.75	336.001
1902.04	340.995
1902.33	340.653
1902.62	342.054
1902.91	339.595
1903.2	337.075
1903.49	349.759
1903.78	344.034
1904.07	343.756
1904.36	341.705
1904.65	343.833
1904.95	342.758
1905.24	337.318
1905.53	342.93
1905.82	339.51
1906.11	340.169
1906.4	337.573
1906.69	338.252
1906.98	339.572
1907.27	341.107
1907.56	337.594
1907.85	340.046
1908.14	339.148
1908.43	338.916
1908.72	345.014
1909.01	339.675
1909.3	337.621
1909.6	341.045
1909.89	340.985
1910.18	339.569
1910.47	339.465
1910.76	337.388
1911.05	337.023
1911.34	340.261
1911.63	337
1911.92	340.718
1912.21	339.427
1912.5	338.285
1912.79	344.075
1913.08	338.168
1913.37	342.438
1913.66	341.287
1913.95	339.727
1914.24	340.662
1914.53	336.073
1914.82	342.071
1915.11	339.926
1915.4	345.669
1915.69	342.501
1915.98	344.499
1916.27	340.839
1916.56	343.295
1916.85	342.527
1917.14	338.243
1917.43	342.525
1917.72	342.366
1918.01	336.214
1918.3	342.78
1918.59	349.711
1918.88	338.642
1919.17	340.826
1919.46	340.603
1919.75	341.663
1920.04	343.159
1920.33	338.69
1920.62	341.531
1920.91	344.677
1921.2	343.711
1921.49	341.633
1921.78	344.89
1922.07	342.528
1922.36	342.948
1922.65	345.024
1922.94	343.286
1923.23	343.369
1923.52	342.65
1923.81	343.589
1924.1	342.979
1924.39	340.848
1924.68	339.177
1924.97	341.563
1925.26	339.971
1925.55	339.932
1925.84	338.161
1926.13	341.113
1926.42	345.788
1926.71	342.841
1927	344.904
1927.29	337.733
1927.57	338.865
1927.86	342.302
1928.15	334.481
1928.44	339.686
1928.73	341.215
1929.02	344.131
1929.31	344.83
1929.6	343.414
1929.89	342.235
1930.18	337.655
1930.47	337.057
1930.76	340.606
1931.05	340.975
1931.34	341.742
1931.62	342.253
1931.91	339.025
1932.2	339.973
1932.49	337.579
1932.78	337.343
1933.07	341.516
1933.36	342.887
1933.65	340.017
1933.94	340.255
1934.23	336.942
1934.52	335.593
1934.81	339.722
1935.09	341.657
1935.38	340.554
1935.67	342.916
1935.96	342.331
1936.25	338.159
1936.54	341.448
1936.83	343.371
1937.12	342.616
1937.41	342.346
1937.69	337.692
1937.98	340.123
1938.27	342.323
1938.56	341.834
1938.85	337.997
1939.14	339.44
1939.43	340.244
1939.72	341.273
1940	346.698
1940.29	347.122
1940.58	342.857
1940.87	334.136
1941.16	336.866
1941.45	339.617
1941.74	341.383
1942.02	337.666
1942.31	343.222
1942.6	344.9
1942.89	341.345
1943.18	343.048
1943.47	346.596
1943.76	338.753
1944.04	343.48
1944.33	340.792
1944.62	340.824
1944.91	339.496
1945.2	342.537
1945.49	347.907
1945.77	340.193
1946.06	341.985
1946.35	340.604
1946.64	347.436
1946.93	347.315
1947.22	340.585
1947.51	342.022
1947.79	344.618
1948.08	339.028
1948.37	341.189
1948.66	341.22
1948.95	341.454
1949.23	345.049
1949.52	342.075
1949.81	338.379
1950.1	342.834
1950.39	345.707
1950.68	345.782
1950.96	341.359
1951.25	343.606
1951.54	340.795
1951.83	343.336
1952.12	345.533
1952.4	342.517
1952.69	340.926
1952.98	347.465
1953.27	346.576
1953.56	341.19
1953.84	341.88
1954.13	346.244
1954.42	344.025
1954.71	340.593
1954.99	341.244
1955.28	342.103
1955.57	344.379
1955.86	342.459
1956.15	343.017
1956.43	341.404
1956.72	341.547
1957.01	340.169
1957.3	338.933
1957.59	339.13
1957.87	343.619
1958.16	343.74
1958.45	340.986
1958.74	343.442
1959.02	340.204
1959.31	343.798
1959.6	338.572
1959.89	343.407
1960.17	341.818
1960.46	342.551
1960.75	343.197
1961.04	338.837
1961.32	348.367
1961.61	339.006
1961.9	339.619
1962.19	344.171
1962.47	338.213
1962.76	344.614
1963.05	343.381
1963.34	344.858
1963.62	345.406
1963.91	343.921
1964.2	341.123
1964.48	343.371
1964.77	345.591
1965.06	340.601
1965.35	345.531
1965.63	337.738
1965.92	342.612
1966.21	342.67
1966.5	339.646
1966.78	341.743
1967.07	345.811
1967.36	346.948
1967.64	346.431
1967.93	339.797
1968.22	342.504
1968.5	348.138
1968.79	341.971
1969.08	345.609
1969.37	345.296
1969.65	344.328
1969.94	343.012
1970.23	342.522
1970.51	342.889
1970.8	339.594
1971.09	343.402
1971.37	338.827
1971.66	344.834
1971.95	340.415
1972.24	343.55
1972.52	341.671
1972.81	342.299
1973.1	343.686
1973.38	343.177
1973.67	341.701
1973.96	338.839
1974.24	337.178
1974.53	341.321
1974.82	341.197
1975.1	341.621
1975.39	339.579
1975.68	341.911
1975.96	342.553
1976.25	343.776
1976.54	340.769
1976.82	343.409
1977.11	340.862
1977.4	341.272
1977.68	340.893
1977.97	342.232
1978.26	339.064
1978.54	340.977
1978.83	341.041
1979.11	347.144
1979.4	342.336
1979.69	344.945
1979.97	345.374
1980.26	343.65
1980.55	340.626
1980.83	345.799
1981.12	346.186
1981.4	340.883
1981.69	340.321
1981.98	344.096
1982.26	343.698
1982.55	346.217
1982.84	341.289
1983.12	339.765
1983.41	347.158
1983.69	341.934
1983.98	340.248
1984.27	348.173
1984.55	344.675
1984.84	339.459
1985.13	339.807
1985.41	342.018
1985.7	342.991
1985.98	340.591
1986.27	343.525
1986.56	344.959
1986.84	337.6
1987.13	341.746
1987.41	341.937
1987.7	344.263
1987.99	340.359
1988.27	341.557
1988.56	344.298
1988.84	341.16
1989.13	342.426
1989.41	347.216
1989.7	343.357
1989.99	338.463
1990.27	346.565
1990.56	345.607
1990.84	341.448
1991.13	344.651
1991.42	343.365
1991.7	339.925
1991.99	340.586
1992.27	341.858
1992.56	340.571
1992.84	335.195
1993.13	337.342
1993.42	343.237
1993.7	339.923
1993.99	350.026
1994.27	340.859
1994.56	344.274
1994.84	341.567
1995.13	338.13
1995.41	341.052
1995.7	341.521
1995.98	338.837
1996.27	343.237
1996.56	342.081
1996.84	335.259
1997.13	339.463
1997.41	341.22
1997.7	342.024
1997.98	343.623
1998.27	347.591
1998.55	340.307
1998.84	339.459
1999.12	338.624
1999.41	348.055
1999.69	344.445
1999.98	335.945
1999.99	330
