1200.11	353.441
1200.43	350.875
1200.76	347.755
1201.08	353.306
1201.4	347.352
1201.73	349.653
1202.05	348.632
1202.37	346.671
1202.7	353.318
1203.02	346.759
1203.34	348.888
1203.67	351.009
1203.99	354.183
1204.32	353.523
1204.64	349.498
1204.96	354.352
1205.29	351.203
1205.61	353.298
1205.93	349.387
1206.26	352.214
1206.58	353.884
1206.9	355.277
1207.23	354.414
1207.55	348.964
1207.87	350.71
1208.2	352.339
1208.52	353.114
1208.84	352.039
1209.16	353.042
1209.49	349.489
1209.81	352.667
1210.13	351.26
1210.46	349.869
1210.78	352.658
1211.1	352.532
1211.42	353.222
1211.75	350.117
1212.07	355.106
1212.39	359.962
1212.72	356.55
1213.04	350.601
1213.36	350.667
1213.69	354.497
1214.01	347.105
1214.33	352.847
1214.65	352.79
1214.98	352.863
1215.3	351.178
1215.62	354.821
1215.95	356.07
1216.27	355.561
1216.59	349.256
1216.91	357.125
1217.24	354.828
1217.56	355.626
1217.88	352.805
1218.2	352.449
1218.53	349.939
1218.85	352.705
1219.17	352.528
1219.5	354.398
1219.82	351.137
1220.14	355.756
1220.46	350.4
1220.78	359.807
1221.11	353.639
1221.43	356.958
1221.75	356.39
1222.07	356.782
1222.4	355.957
1222.72	348.183
1223.04	355.908
1223.36	357.593
1223.69	356.273
1224.01	350.775
1224.33	351.117
1224.65	355.547
1224.97	350.486
1225.3	354.424
1225.62	357.079
1225.94	354.954
1226.26	352.366
1226.58	348.913
1226.91	359.341
1227.23	356.586
1227.55	353.993
1227.87	351.241
1228.2	354.14
1228.52	352.663
1228.84	353.322
1229.16	355.953
1229.48	350.747
1229.81	350.05
1230.13	351.978
1230.45	358.723
1230.77	352.828
1231.09	356.857
1231.41	355.286
1231.74	351.04
1232.06	355.689
1232.38	355.106
1232.7	355.164
1233.02	356.901
1233.35	352.592
1233.67	358.049
1233.99	355.395
1234.31	358.217
1234.63	350.814
1234.95	353.25
1235.28	357.581
1235.6	351.927
1235.92	354.288
1236.24	356.681
1236.56	354.736
1236.88	355.421
1237.2	354.421
1237.53	353.569
1237.85	357.952
1238.17	358.377
1238.49	352.571
1238.81	352.555
1239.13	356.327
1239.46	355.929
1239.78	355.521
1240.1	355.815
1240.42	356.572
1240.74	354.142
1241.06	350.933
1241.38	355.715
1241.7	354.267
1242.03	354.482
1242.35	353.26
1242.67	351.028
1242.99	353.321
1243.31	353.25
1243.63	359.147
1243.95	352.184
1244.27	352.586
1244.59	349.49
1244.92	351.97
1245.24	351.723
1245.56	354.292
1245.88	354.486
1246.2	353.174
1246.52	356.347
1246.84	353.145
1247.16	353.537
1247.48	356.148
1247.8	357.489
1248.12	354.721
1248.45	355.92
1248.77	350.972
1249.09	357.476
1249.41	352.57
1249.73	355.021
1250.05	358.12
1250.37	356.41
1250.69	354.846
1251.01	355.769
1251.33	355.977
1251.65	352.954
1251.97	355.672
1252.29	359.812
1252.61	350.268
1252.93	352.379
1253.26	354.609
1253.57	346.327
1253.9	354.574
1254.22	354.95
1254.54	356.775
1254.86	354.225
1255.18	360.395
1255.5	354.365
1255.82	357.244
1256.14	357.927
1256.46	350.491
1256.78	355.402
1257.1	350.257
1257.42	353.714
1257.74	355.334
1258.06	359.924
1258.38	355.574
1258.7	355.025
1259.02	352.768
1259.34	352.382
1259.66	351.247
1259.98	351.71
1260.3	352.339
1260.62	354.827
1260.94	354.799
1261.26	356.614
1261.58	352.172
1261.9	354.729
1262.22	354.216
1262.54	352
1262.86	354.736
1263.18	356.377
1263.5	355.598
1263.82	355.704
1264.14	354.27
1264.46	353.682
1264.78	360.094
1265.1	354.681
1265.42	351.386
1265.74	354.09
1266.06	352.812
1266.38	349.984
1266.7	351.411
1267.02	357.333
1267.34	354.6
1267.66	354.424
1267.98	358.293
1268.3	350.96
1268.62	359.222
1268.94	354.773
1269.26	353.779
1269.58	352.233
1269.9	355.604
1270.22	358.82
1270.54	349.779
1270.85	352.535
1271.17	354.208
1271.49	358.667
1271.81	359.614
1272.13	354.741
1272.45	356.586
1272.77	358.574
1273.09	352.77
1273.41	350.032
1273.73	356.751
1274.05	361.837
1274.37	355.395
1274.69	350.05
1275.01	355.442
1275.33	353.21
1275.64	353.908
1275.96	357.008
1276.28	353.674
1276.6	356.631
1276.92	352.523
1277.24	355.976
1277.56	355.287
1277.88	355.609
1278.2	355.676
1278.52	351.906
1278.84	355.01
1279.15	352.527
1279.47	358.054
1279.79	353.778
1280.11	351.992
1280.43	352.889
1280.75	359.349
1281.07	359.084
1281.39	357.479
1281.71	351.438
1282.03	355.505
1282.34	351.422
1282.66	352.922
1282.98	360.689
1283.3	359.225
1283.62	354.155
1283.94	359.729
1284.26	353.359
1284.57	351.626
1284.89	356.364
1285.21	359.589
1285.53	356.159
1285.85	354.814
1286.17	351.715
1286.49	355.62
1286.81	351.662
1287.12	354.851
1287.44	355.568
1287.76	356.399
1288.08	357.725
1288.4	356.76
1288.72	360.515
1289.03	359.301
1289.35	356.618
1289.67	356.147
1289.99	356.14
1290.31	354.396
1290.63	355.366
1290.94	363.414
1291.26	359.263
1291.58	356.249
1291.9	357.715
1292.22	357.51
1292.54	357.181
1292.85	354.11
1293.17	359.436
1293.49	356.1
1293.81	357.845
1294.13	358.909
1294.44	353.647
1294.76	352.275
1295.08	360.293
1295.4	357.187
1295.72	360.772
1296.03	360.553
1296.35	362.606
1296.67	360.689
1296.99	359.017
1297.31	357.039
1297.62	357.1
1297.94	356.628
1298.26	351.39
1298.58	359.496
1298.9	353.129
1299.21	354.903
1299.53	358.904
1299.85	357.999
1300.17	357.786
1300.48	359.407
1300.8	361.971
1301.12	355.934
1301.44	363.662
1301.76	359.83
1302.07	359.62
1302.39	362.523
1302.71	361.694
1303.03	361.762
1303.34	356.317
1303.66	363.747
1303.98	356.966
1304.3	360.178
1304.61	355.504
1304.93	356.641
1305.25	355.324
1305.57	363.008
1305.88	362.617
1306.2	364.547
1306.52	356.39
1306.84	359.706
1307.15	365.388
1307.47	360.855
1307.79	360.802
1308.1	364.63
1308.42	363.673
1308.74	359.094
1309.06	361.269
1309.37	361.519
1309.69	363.143
1310.01	359.585
1310.33	360.25
1310.64	363.378
1310.96	363.108
1311.28	357.129
1311.59	359.276
1311.91	357.854
1312.23	358.266
1312.54	357.774
1312.86	358.748
1313.18	364.83
1313.5	366.212
1313.81	368.132
1314.13	370.92
1314.45	362.97
1314.76	364.204
1315.08	362.507
1315.4	356.423
1315.71	363.003
1316.03	360.465
1316.35	363.593
1316.66	361.546
1316.98	360.445
1317.3	361.784
1317.61	363.807
1317.93	363.015
1318.25	365.825
1318.56	364.373
1318.88	360.691
1319.2	363.161
1319.51	364.655
1319.83	362.98
1320.15	368.301
1320.46	361.733
1320.78	361.716
1321.1	367.082
1321.41	365.235
1321.73	370.987
1322.05	369.861
1322.36	366.533
1322.68	365.865
1323	364.909
1323.31	366.563
1323.63	369.175
1323.94	366.176
1324.26	370.68
1324.58	372.156
1324.89	368.222
1325.21	372.564
1325.53	377.979
1325.84	376.866
1326.16	372.372
1326.47	372.43
1326.79	377.911
1327.11	372.944
1327.42	377.294
1327.74	373.551
1328.06	390.374
1328.37	378.429
1328.69	386.99
1329	388.802
1329.32	399.593
1329.64	394.109
1329.95	394.28
1330.27	401.455
1330.58	404.133
1330.9	410.056
1331.22	420.687
1331.53	426.674
1331.85	429.531
1332.16	457.888
1332.48	472.476
1332.79	491.212
1333.11	532.147
1333.43	563.185
1333.74	617.237
1334.06	695.819
1334.37	757.183
1334.69	818.522
1335	906.795
1335.32	981.46
1335.63	1030.31
1335.95	1058.12
1336.27	1069.35
1336.58	1040.1
1336.9	974.1
1337.21	893.223
1337.53	797.384
1337.85	711.317
1338.16	638.553
1338.48	566.895
1338.79	516.468
1339.11	492.569
1339.42	466.54
1339.74	449.657
1340.05	437.935
1340.37	430.176
1340.68	418.683
1341	410.12
1341.31	407.651
1341.63	400.543
1341.94	397.156
1342.26	391.498
1342.58	386.738
1342.89	382.438
1343.21	383.47
1343.52	384.766
1343.83	380.983
1344.15	383.074
1344.47	382.412
1344.78	376.869
1345.1	380.739
1345.41	380.177
1345.73	379.071
1346.04	377.869
1346.36	376.994
1346.67	378.585
1346.99	372.243
1347.3	376.447
1347.62	380.308
1347.93	371.609
1348.25	378.061
1348.56	374.005
1348.88	370.66
1349.19	367.5
1349.5	372.315
1349.82	377.586
1350.13	367.847
1350.45	378.368
1350.76	380.666
1351.08	380.167
1351.39	384.881
1351.71	367.483
1352.02	374.629
1352.34	368.241
1352.65	373.236
1352.97	377.722
1353.28	378.196
1353.6	369.557
1353.91	368.836
1354.22	368.831
1354.54	378.05
1354.85	378.312
1355.17	376.482
1355.48	375.29
1355.8	379.929
1356.11	371.24
1356.43	377.944
1356.74	377.7
1357.06	368.487
1357.37	373.708
1357.68	372.99
1358	371.489
1358.31	375.587
1358.63	375.653
1358.94	376.757
1359.26	373.177
1359.57	373.618
1359.88	373.264
1360.2	374.159
1360.51	371.896
1360.83	381.556
1361.14	376.57
1361.45	371.111
1361.77	374.218
1362.08	374.63
1362.4	376.334
1362.71	374.341
1363.02	374.541
1363.34	368.786
1363.65	374.684
1363.97	374.06
1364.28	377.748
1364.59	380.799
1364.91	371.075
1365.22	374.857
1365.54	371.771
1365.85	375.297
1366.16	373.16
1366.48	369.454
1366.79	372.505
1367.11	371.155
1367.42	371.045
1367.73	371.922
1368.05	373.274
1368.36	371.451
1368.67	383.594
1368.99	380.396
1369.3	377.27
1369.61	378.345
1369.93	373.171
1370.24	372.756
1370.55	375.341
1370.87	375.526
1371.18	382.651
1371.5	375.164
1371.81	379.708
1372.12	373.356
1372.17	372.052
1372.48	384.303
1372.8	368.343
1373.12	380.137
1373.43	385.664
1373.75	376.134
1374.06	379.304
1374.38	381.311
1374.69	379.934
1375.01	377.691
1375.32	379.337
1375.64	374.956
1375.96	368.337
1376.27	382.806
1376.59	379.642
1376.9	383.288
1377.22	379.276
1377.53	385.703
1377.85	378.473
1378.16	371.718
1378.48	372.814
1378.79	376.573
1379.11	379.971
1379.42	378.193
1379.74	372.863
1380.05	378.546
1380.37	373.127
1380.69	372.394
1381	377.093
1381.32	382.149
1381.63	370.234
1381.94	371.453
1382.26	379.747
1382.58	379.434
1382.89	372.75
1383.21	385.504
1383.52	380.033
1383.84	380.895
1384.15	379.09
1384.47	384.681
1384.78	373.586
1385.1	379.705
1385.41	377.907
1385.73	377.385
1386.04	378.913
1386.35	377.007
1386.67	380.066
1386.99	377.115
1387.3	376.675
1387.61	383.183
1387.93	379.404
1388.24	379.999
1388.56	378.357
1388.87	375.241
1389.19	379.961
1389.5	383.094
1389.82	381.461
1390.13	379.825
1390.45	372.454
1390.76	378.593
1391.08	378.219
1391.39	377.417
1391.71	382.377
1392.02	375.636
1392.33	377.491
1392.65	381.547
1392.96	377.619
1393.28	380.708
1393.59	379.734
1393.91	385.975
1394.22	386.718
1394.54	386.698
1394.85	380.991
1395.16	378.871
1395.48	385.432
1395.79	383.893
1396.11	383.34
1396.42	386.174
1396.73	372.317
1397.05	373.369
1397.36	387.009
1397.68	377.527
1397.99	376.622
1398.31	380.423
1398.62	388.205
1398.94	383.485
1399.25	382.687
1399.56	384.627
1399.88	380.895
1400.19	385.232
1400.5	382.69
1400.82	380.486
1401.13	386.398
1401.45	385.566
1401.76	386.02
1402.08	387.82
1402.39	386.014
1402.7	380.482
1403.02	383.252
1403.33	379.666
1403.65	380.783
1403.96	383.547
1404.27	380.099
1404.59	384.826
1404.9	381.742
1405.21	374.506
1405.53	377.701
1405.84	376.639
1406.15	378.237
1406.47	376.782
1406.78	385.635
1407.09	378.213
1407.41	377.322
1407.72	383.889
1408.04	383.238
1408.35	378.702
1408.66	386.851
1408.98	383.181
1409.29	383.561
1409.6	378.434
1409.92	387.866
1410.23	385.9
1410.54	382.082
1410.86	391.312
1411.17	383.999
1411.48	379.713
1411.8	373.977
1412.11	380.492
1412.43	387.037
1412.74	382.517
1413.05	387.85
1413.36	380.761
1413.68	380.585
1413.99	388.107
1414.3	382.898
1414.62	381.054
1414.93	384.272
1415.24	385.406
1415.56	382.292
1415.87	386.687
1416.18	392.096
1416.5	394.727
1416.81	389.594
1417.12	387.259
1417.44	388.246
1417.75	389.271
1418.06	383.218
1418.37	386.084
1418.69	378.951
1419	383.458
1419.31	383.372
1419.63	379.514
1419.94	383.585
1420.25	396.626
1420.56	391.305
1420.88	384.818
1421.19	393.301
1421.5	391.533
1421.82	388.723
1422.13	381.395
1422.44	388.845
1422.76	391.244
1423.07	388.121
1423.38	390.447
1423.69	393.794
1424.01	385.937
1424.32	388.51
1424.63	388.372
1424.94	390.097
1425.26	394.586
1425.57	386.625
1425.88	385.301
1426.19	390.916
1426.51	391.386
1426.82	387.334
1427.13	387.098
1427.44	391.761
1427.76	389.349
1428.07	387.095
1428.38	390.153
1428.69	388.52
1429.01	389.375
1429.32	380.621
1429.63	390.07
1429.94	391.674
1430.25	395.506
1430.57	389.535
1430.88	392.882
1431.19	395.522
1431.5	383.769
1431.82	389.481
1432.13	391.652
1432.44	388.768
1432.75	390.474
1433.06	388.4
1433.38	396.059
1433.69	388.758
1434	394.927
1434.31	389.594
1434.62	385.516
1434.94	385.626
1435.25	393.912
1435.56	392.127
1435.87	384.866
1436.18	401.835
1436.5	385.009
1436.81	390.193
1437.12	389.699
1437.43	386.272
1437.74	386.979
1438.06	387.452
1438.37	385.852
1438.68	385.385
1438.99	392.176
1439.3	390.798
1439.61	385.204
1439.93	390.056
1440.24	392.819
1440.55	397.969
1440.86	391.833
1441.17	391.984
1441.48	383.801
1441.8	390.182
1442.11	383.841
1442.42	393.761
1442.73	394.241
1443.04	390.735
1443.35	390.123
1443.67	392.188
1443.98	386.928
1444.29	388.856
1444.6	392.914
1444.91	386.638
1445.22	390.861
1445.53	391.941
1445.85	388.939
1446.16	389.652
1446.47	394.833
1446.78	392.56
1447.09	399.043
1447.4	390.472
1447.71	387.2
1448.02	389.289
1448.33	393.404
1448.65	396.687
1448.96	395.512
1449.27	384.908
1449.58	393.716
1449.89	386.485
1450.2	388.955
1450.51	389.5
1450.82	388.238
1451.14	385.561
1451.45	385.733
1451.76	385.12
1452.07	389.588
1452.38	393.206
1452.69	396.42
1453	395.571
1453.31	389.869
1453.62	392.163
1453.93	387.026
1454.25	383.076
1454.56	386.99
1454.87	387.455
1455.18	390.699
1455.49	394.316
1455.8	386.715
1456.11	383.177
1456.42	386.301
1456.73	391.206
1457.04	390.872
1457.35	384.801
1457.66	390.138
1457.97	383.811
1458.28	382.878
1458.59	391.115
1458.9	393.1
1459.22	395.864
1459.53	386.603
1459.84	388.473
1460.15	388.81
1460.46	390.099
1460.77	393.415
1461.08	394.318
1461.39	395.876
1461.7	387.879
1462.01	389.894
1462.32	388.671
1462.63	398.063
1462.94	393.374
1463.25	394.939
1463.56	389.818
1463.87	387.421
1464.18	390.694
1464.49	387.375
1464.8	386.972
1465.11	385.06
1465.42	384.503
1465.73	397.694
1466.04	389.726
1466.35	387.384
1466.66	388.245
1466.97	384.196
1467.28	383.641
1467.59	383.743
1467.9	379.522
1468.21	387.03
1468.52	382.65
1468.83	389.301
1469.14	390.609
1469.45	388.618
1469.76	386.883
1470.07	390.14
1470.38	389.154
1470.69	388.107
1471	388.944
1471.31	383.258
1471.62	385.608
1471.93	380.093
1472.24	380.845
1472.55	384.77
1472.86	390.302
1473.17	388.182
1473.48	384.071
1473.79	382.761
1474.1	378.683
1474.41	386.859
1474.72	392.67
1475.03	390.234
1475.34	391.811
1475.65	382.438
1475.96	387.217
1476.27	385.137
1476.58	387.051
1476.89	388.847
1477.2	388.413
1477.51	384.212
1477.82	378.348
1478.13	375.019
1478.44	383.941
1478.74	387.735
1479.05	382.905
1479.36	383.785
1479.67	385.642
1479.98	385.387
1480.29	384.521
1480.6	387.133
1480.91	384.036
1481.22	381.321
1481.53	381.781
1481.84	378.502
1482.15	383.928
1482.46	387.27
1482.77	387.486
1483.07	388.041
1483.38	381.599
1483.69	380.737
1484	377.836
1484.31	393.753
1484.62	382.78
1484.93	379.042
1485.24	384.422
1485.55	384.774
1485.86	381.42
1486.17	378.315
1486.47	383.755
1486.78	378.908
1487.09	372.272
1487.4	373.884
1487.71	383.08
1488.02	384.373
1488.33	379.471
1488.64	384.475
1488.94	377.457
1489.25	378.392
1489.56	380.412
1489.87	383.887
1490.18	382.93
1490.49	386.677
1490.8	380.411
1491.11	377.873
1491.41	382.9
1491.72	382.022
1492.03	381.461
1492.34	380.496
1492.65	379.198
1492.96	377.097
1493.27	379.115
1493.57	382.634
1493.88	376.446
1494.19	379.073
1494.5	374.75
1494.81	379.488
1495.12	381.889
1495.43	375.901
1495.73	375.725
1496.04	376.004
1496.35	379.03
1496.66	382.349
1496.97	376.551
1497.28	374.805
1497.58	381.061
1497.89	376.614
1498.2	372.383
1498.51	374.694
1498.82	384.823
1499.13	379.337
1499.43	375.38
1499.74	380.445
1500.05	377.882
1500.36	380.296
1500.67	375.145
1500.97	378.962
1501.28	381.292
1501.59	377.907
1501.9	378.842
1502.21	377.599
1502.51	377.702
1502.82	382.42
1503.13	378.935
1503.44	376.856
1503.74	381.284
1504.05	380.644
1504.36	371.843
1504.67	374.436
1504.98	374.295
1505.29	375.924
1505.59	379.52
1505.9	376.397
1506.21	376.283
1506.52	377.468
1506.82	380.838
1507.13	381.246
1507.44	380.544
1507.75	373.825
1508.06	378.809
1508.36	377.416
1508.67	374.964
1508.98	366.685
1509.29	367.405
1509.59	378.275
1509.9	380.278
1510.21	375.288
1510.52	372.924
1510.82	375.336
1511.13	378.511
1511.44	378.35
1511.75	371.605
1512.05	367.169
1512.36	367.044
1512.67	369.931
1512.98	370.615
1513.28	374.868
1513.59	376.68
1513.9	377.546
1514.2	374.748
1514.51	370.597
1514.82	374.197
1515.13	375.185
1515.43	373.585
1515.74	374.355
1516.05	377.342
1516.35	378.084
1516.66	371.231
1516.97	373.084
1517.28	383.181
1517.58	378.88
1517.89	371.898
1518.2	376.233
1518.51	375.961
1518.81	374.571
1519.12	372.448
1519.43	369.689
1519.73	364.428
1520.04	372.684
1520.35	375.134
1520.65	371.679
1520.96	369.907
1521.27	374.243
1521.57	382.224
1521.88	373.423
1522.19	373.68
1522.5	379.232
1522.8	376.243
1523.11	375.396
1523.41	377.131
1523.72	378.377
1524.03	381.999
1524.34	372.919
1524.64	369.704
1524.95	374.197
1525.26	376.906
1525.56	371.897
1525.87	375.61
1526.17	376.109
1526.48	376.075
1526.79	376.452
1527.1	373.674
1527.4	376.281
1527.71	365.723
1528.02	376.921
1528.32	375.17
1528.63	384.801
1528.93	378.755
1529.24	378.151
1529.55	378.654
1529.85	374.772
1530.16	378.332
1530.47	377.251
1530.77	376.987
1531.08	372.915
1531.38	366.8
1531.69	371.401
1532	376.063
1532.3	374.582
1532.61	378.035
1532.92	370.675
1533.22	371.409
1533.53	373.251
1533.84	368.545
1534.14	372.26
1534.45	377.146
1534.75	375.382
1535.06	375.538
1535.37	372.564
1535.67	374.576
1535.98	372.431
1536.28	371.443
1536.59	373.803
1536.9	377.852
1537.2	374.509
1537.51	375.279
1537.81	373.765
1538.12	374.663
1538.42	376.98
1538.73	372.45
1539.04	375.805
1539.34	377.298
1539.65	371.077
1539.95	366.949
1540.26	374.185
1540.56	374.616
1540.67	372.619
1540.98	373.906
1541.29	371.068
1541.59	366.96
1541.9	370.682
1542.21	373.764
1542.52	366.515
1542.82	377.767
1543.13	375.472
1543.44	388.222
1543.75	369.019
1544.05	371.018
1544.36	374.011
1544.67	371.124
1544.98	379.139
1545.29	373.026
1545.59	370.077
1545.9	378.474
1546.21	372.316
1546.52	370.658
1546.82	379.359
1547.13	373.507
1547.44	372.499
1547.75	370.669
1548.05	377.687
1548.36	373.524
1548.67	376.335
1548.98	372.47
1549.28	373.941
1549.59	378.546
1549.9	377.733
1550.2	373.256
1550.51	367.723
1550.82	372.64
1551.13	376.721
1551.43	372.831
1551.74	371.109
1552.05	375.802
1552.36	382.483
1552.66	380.773
1552.97	374.959
1553.28	372.179
1553.59	376.992
1553.89	377.488
1554.2	371.543
1554.51	375.61
1554.81	378.504
1555.12	378.475
1555.43	370.783
1555.73	375.867
1556.04	371.917
1556.35	378.062
1556.65	372.453
1556.96	373.405
1557.27	372.086
1557.58	368.777
1557.88	371.856
1558.19	376.81
1558.5	376.147
1558.8	373.43
1559.11	379.214
1559.42	373.95
1559.72	377.367
1560.03	375.189
1560.34	378.333
1560.64	375.706
1560.95	378.559
1561.26	372.286
1561.56	372.389
1561.87	373.803
1562.18	374.83
1562.48	371.421
1562.79	369.679
1563.1	375.599
1563.4	374.753
1563.71	373.549
1564.02	377.002
1564.32	374.884
1564.63	379.569
1564.93	374.941
1565.24	384.258
1565.55	380.722
1565.85	382.508
1566.16	371.879
1566.47	369.405
1566.77	376.836
1567.08	377.289
1567.39	379.858
1567.69	377.721
1568	374.682
1568.31	368.611
1568.61	379.109
1568.92	379.251
1569.22	374.201
1569.53	377.039
1569.84	381.847
1570.14	376.953
1570.45	376.445
1570.75	370.182
1571.06	375.362
1571.37	371.94
1571.67	377.874
1571.98	373.09
1572.29	375.868
1572.59	378.011
1572.9	379.811
1573.2	378.991
1573.51	379.821
1573.81	378.76
1574.12	376.269
1574.43	377.468
1574.73	378.074
1575.04	373.315
1575.34	376.573
1575.65	377.955
1575.96	374.838
1576.26	379.037
1576.57	376.756
1576.87	378.253
1577.18	371.163
1577.48	378.008
1577.79	382.051
1578.1	377.937
1578.4	379.96
1578.71	376.512
1579.01	377.213
1579.32	375.784
1579.63	376.562
1579.93	375.402
1580.24	374.778
1580.54	378.049
1580.85	380.813
1581.15	371.416
1581.46	380.661
1581.76	374.742
1582.07	382.078
1582.37	374.47
1582.68	379.197
1582.99	372.211
1583.29	368.095
1583.6	374.981
1583.9	379.116
1584.21	378.094
1584.51	378.382
1584.82	378.956
1585.12	367.851
1585.43	377.986
1585.73	376.035
1586.04	370.481
1586.34	366.062
1586.65	372.865
1586.95	376.435
1587.26	377.235
1587.56	377.642
1587.87	377.929
1588.17	374.561
1588.48	376.435
1588.78	377.45
1589.09	381.936
1589.39	377.913
1589.7	376.848
1590.01	376.635
1590.31	373.483
1590.61	381.381
1590.92	377.238
1591.22	379.715
1591.53	374.1
1591.83	377.79
1592.14	379.648
1592.44	377.549
1592.75	380.977
1593.05	374.362
1593.36	377.296
1593.66	373.237
1593.97	374.366
1594.27	381.868
1594.58	382.842
1594.88	377.803
1595.19	385.02
1595.49	374.772
1595.8	376.496
1596.1	381.001
1596.41	376.138
1596.71	377.615
1597.01	389.957
1597.32	381.676
1597.62	382.185
1597.93	374.557
1598.23	375.656
1598.54	376.63
1598.84	379.902
1599.15	369.098
1599.45	379.477
1599.75	378.603
1600.06	379.278
1600.36	375.679
1600.67	375.205
1600.97	374.175
1601.28	370.318
1601.58	378.361
1601.89	384.847
1602.19	377.643
1602.49	376.644
1602.8	377.177
1603.1	376.076
1603.41	373.787
1603.71	372.83
1604.01	378.578
1604.32	375.33
1604.62	384.285
1604.93	382.879
1605.23	383.374
1605.54	380.323
1605.84	384.199
1606.14	381.352
1606.45	377.342
1606.75	384.669
1607.06	377.503
1607.36	371.711
1607.66	370.54
1607.97	375.238
1608.27	380.008
1608.57	377.998
1608.88	372.298
1609.18	375.621
1609.49	375.764
1609.79	376.167
1610.1	375.765
1610.4	377.982
1610.7	374.526
1611	376.972
1611.31	375.06
1611.61	379.107
1611.92	381.5
1612.22	382.393
1612.53	379.619
1612.83	378.99
1613.13	373.852
1613.43	372.539
1613.74	370.613
1614.04	371.11
1614.35	369.964
1614.65	374.264
1614.95	385.101
1615.26	379.312
1615.56	373.238
1615.86	378.569
1616.17	373.859
1616.47	376.627
1616.77	380.461
1617.08	382.438
1617.38	379.245
1617.68	381.24
1617.99	379.071
1618.29	374.5
1618.59	384.012
1618.9	379.725
1619.2	374.226
1619.5	376.304
1619.81	372.49
1620.11	375.964
1620.41	379.388
1620.72	375.082
1621.02	376.237
1621.32	376.357
1621.63	373.413
1621.93	373.042
1622.23	377.37
1622.54	379.86
1622.84	376.799
1623.14	371.385
1623.44	374.51
1623.75	371.968
1624.05	367.754
1624.35	386.398
1624.66	377.655
1624.96	373.479
1625.26	376.475
1625.56	378.929
1625.87	374.759
1626.17	379.358
1626.47	377.243
1626.78	378.405
1627.08	372.537
1627.38	376.688
1627.68	374.678
1627.99	376.822
1628.29	376.938
1628.59	377.024
1628.9	371.739
1629.2	373.146
1629.5	376.412
1629.8	381.007
1630.11	371.283
1630.41	369.786
1630.71	374.873
1631.01	376.042
1631.32	381.411
1631.62	375.82
1631.92	372.349
1632.22	375.029
1632.53	373.95
1632.83	376.958
1633.13	372.606
1633.43	377.566
1633.74	374.012
1634.04	378.773
1634.34	374.251
1634.64	371.205
1634.95	377.792
1635.25	378.237
1635.55	374.636
1635.85	373.785
1636.16	371.685
1636.46	376.183
1636.76	383.256
1637.06	372.699
1637.36	374.463
1637.67	372.937
1637.97	378.637
1638.27	374.91
1638.57	371.815
1638.88	372.568
1639.18	375.829
1639.48	376.765
1639.78	373.454
1640.08	372.323
1640.39	374.117
1640.69	374.893
1640.99	371.568
1641.29	370.875
1641.59	374.714
1641.9	374.018
1642.2	380.131
1642.5	375.035
1642.8	373.796
1643.1	383.007
1643.4	381.95
1643.71	383.508
1644.01	372.175
1644.31	368.851
1644.61	374.922
1644.91	376.041
1645.21	375.203
1645.52	380.517
1645.82	367.775
1646.12	371.777
1646.42	377.04
1646.72	380.136
1647.03	378.475
1647.33	379.61
1647.63	379.15
1647.93	374.725
1648.23	380.193
1648.53	379.726
1648.83	380.151
1649.14	376.791
1649.44	376.469
1649.74	374.522
1650.04	374.782
1650.34	374.832
1650.64	379.548
1650.95	374.044
1651.25	373.47
1651.55	371.386
1651.85	370.927
1652.15	377.439
1652.45	376.62
1652.75	374.937
1653.05	371.607
1653.36	371.418
1653.66	370.911
1653.96	369.93
1654.26	376.368
1654.56	377.348
1654.86	377.289
1655.16	372.288
1655.46	373.176
1655.77	377.203
1656.07	371.001
1656.37	372.733
1656.67	374.623
1656.97	372.368
1657.27	370.401
1657.57	371.499
1657.87	376.624
1658.17	377.231
1658.47	375.568
1658.77	375.969
1659.08	372.866
1659.38	377.072
1659.68	376.622
1659.98	370.82
1660.28	372.746
1660.58	377.773
1660.88	379.427
1661.18	373.822
1661.48	370.438
1661.78	375.183
1662.08	377.137
1662.39	372.873
1662.69	370.28
1662.99	372.494
1663.29	376.141
1663.59	379.021
1663.89	375.746
1664.19	371.605
1664.49	374.252
1664.79	379.228
1665.09	374.378
1665.39	373.716
1665.69	379.58
1665.99	376.295
1666.29	373.767
1666.59	376.128
1666.89	373.336
1667.2	371.704
1667.49	377.282
1667.79	378.009
1668.1	374.836
1668.4	377.729
1668.7	366.065
1669	379.515
1669.3	374.102
1669.6	375.613
1669.9	371.899
1670.2	378.251
1670.5	381.625
1670.8	383.314
1671.1	381.459
1671.4	373.442
1671.7	379.29
1672	379.029
1672.3	371.641
1672.6	374.889
1672.9	378.075
1673.2	372.063
1673.5	381.362
1673.8	377.152
1674.1	377.478
1674.4	374.619
1674.7	369.726
1675	378.876
1675.3	377.949
1675.6	377.368
1675.9	374.268
1676.2	374.225
1676.5	378.915
1676.8	376.409
1677.1	374.897
1677.4	376.111
1677.7	378.057
1678	380.681
1678.3	375.876
1678.6	382.001
1678.9	381.5
1679.2	373.101
1679.5	378.753
1679.8	377.456
1680.1	382.338
1680.4	381.971
1680.7	379.086
1681	381.038
1681.3	378.242
1681.59	370.361
1681.89	374.908
1682.19	377.771
1682.49	375.968
1682.79	376.32
1683.09	384.775
1683.39	383.966
1683.69	371.461
1683.99	377.011
1684.29	381.801
1684.59	380.282
1684.89	378.683
1685.19	375.735
1685.49	376.909
1685.79	380.172
1686.09	382.796
1686.39	382.156
1686.69	378.44
1686.98	376.408
1687.28	385.472
1687.58	380.884
1687.88	374.096
1688.18	377.478
1688.48	378.551
1688.78	377.062
1689.08	381.527
1689.38	377.179
1689.68	378.357
1689.98	382.403
1690.28	381.149
1690.57	379.195
1690.87	379.157
1691.17	374.58
1691.47	380.099
1691.77	383.276
1692.07	378.599
1692.37	371.859
1692.67	379.263
1692.97	374.504
1693.26	369.217
1693.56	377.798
1693.86	376.694
1694.16	372.425
1694.46	372.237
1694.76	377.113
1695.06	383.387
1695.36	376.332
1695.65	383.402
1695.95	380.217
1696.25	376.062
1696.55	380.43
1696.85	382.124
1697.15	383.538
1697.45	379.716
1697.75	380.753
1698.04	381.664
1698.34	378.111
1698.64	375.245
1698.94	378.326
1699.24	379.124
1699.54	382.139
1699.84	383.936
1700	380.916
1700.3	380.228
1700.6	381.116
1700.9	375.085
1701.2	378.784
1701.5	381.668
1701.8	384.238
1702.1	387.423
1702.4	376.151
1702.7	372.59
1703	384.534
1703.3	385.709
1703.6	387.564
1703.91	383.25
1704.21	388.603
1704.51	374.881
1704.81	382.643
1705.11	381.778
1705.41	375.872
1705.71	385.328
1706.01	383.767
1706.31	377.854
1706.61	378.494
1706.91	383.573
1707.21	384.608
1707.51	378.582
1707.81	377.982
1708.11	376.908
1708.41	375.335
1708.71	378.042
1709.01	374.233
1709.31	384.24
1709.61	383.09
1709.91	378.59
1710.21	385.893
1710.51	373.046
1710.81	378.888
1711.11	378.83
1711.41	381.885
1711.71	386.02
1712.01	381.09
1712.31	377.249
1712.61	377.348
1712.91	385.229
1713.21	374.815
1713.51	381.689
1713.81	373.872
1714.11	379.933
1714.41	375.067
1714.71	379.611
1715.01	384.389
1715.31	385.219
1715.61	382.24
1715.91	381.62
1716.21	380.652
1716.51	384.004
1716.81	387.715
1717.11	379.938
1717.41	379.752
1717.71	388.76
1718.01	385.243
1718.31	379.886
1718.61	385.673
1718.91	376.555
1719.2	380.361
1719.5	377.48
1719.8	374.426
1720.1	380.62
1720.4	381.78
1720.7	384.454
1721	378.558
1721.3	375.346
1721.6	378.079
1721.9	377.083
1722.2	382.448
1722.5	377.865
1722.8	380.417
1723.1	379.561
1723.4	377.789
1723.7	381.47
1723.99	382.747
1724.29	385.695
1724.59	384.348
1724.89	381.94
1725.19	383.314
1725.49	383.412
1725.79	383.129
1726.09	385.266
1726.39	376.72
1726.69	386.955
1726.99	387.774
1727.29	375.953
1727.58	383.27
1727.88	382.691
1728.18	381.014
1728.48	381.471
1728.78	382.871
1729.08	378.84
1729.38	379.554
1729.68	385.985
1729.98	382.985
1730.28	375.781
1730.58	383.897
1730.87	377.331
1731.17	382.914
1731.47	382.785
1731.77	393.256
1732.07	385.12
1732.37	384.975
1732.67	375.039
1732.97	380.574
1733.26	380.757
1733.56	378.42
1733.86	381.242
1734.16	377.731
1734.46	379.445
1734.76	381.445
1735.06	385.069
1735.35	381.65
1735.65	383.23
1735.95	376.982
1736.25	384.268
1736.55	377.037
1736.85	375.181
1737.15	378.473
1737.44	379.753
1737.74	379.357
1738.04	376.767
1738.34	380.355
1738.64	380.769
1738.94	377.326
1739.24	387.73
1739.53	381.265
1739.83	380.373
1740.13	380.301
1740.43	380.461
1740.73	385.615
1741.03	378.585
1741.32	385.514
1741.62	383.664
1741.92	384.658
1742.22	384.1
1742.52	381.53
1742.81	385.302
1743.11	384.329
1743.41	376.366
1743.71	379.96
1744.01	382.192
1744.31	385.482
1744.6	376.103
1744.9	381.518
1745.2	379.005
1745.5	380.308
1745.79	380.582
1746.09	386.838
1746.39	383.322
1746.69	378.75
1746.99	378.836
1747.28	371.852
1747.58	372.998
1747.88	379.343
1748.18	380.02
1748.48	383.307
1748.77	380.805
1749.07	380.102
1749.37	377.115
1749.67	376.071
1749.96	375.024
1750.26	380.48
1750.56	376.271
1750.86	372.657
1751.16	380.801
1751.45	383.149
1751.75	386.316
1752.05	379.29
1752.35	387.48
1752.64	386
1752.94	379.847
1753.24	375.104
1753.54	380.269
1753.83	372.887
1754.13	381.954
1754.43	387.357
1754.73	362.792
1755.02	382.586
1755.32	376.475
1755.62	374.699
1755.92	384.261
1756.21	388.844
1756.51	380.304
1756.81	378.014
1757.11	382.132
1757.4	383.732
1757.7	381.373
1758	381.476
1758.3	379.744
1758.59	380.598
1758.89	379.818
1759.19	382.941
1759.48	379.617
1759.78	387.356
1760.08	381.523
1760.38	383.377
1760.67	380.757
1760.97	370.086
1761.27	381.301
1761.56	385.348
1761.86	378.34
1762.16	371.141
1762.45	382.173
1762.75	374.094
1763.05	378.478
1763.35	378.312
1763.64	379.03
1763.94	383.732
1764.24	378.677
1764.53	378.563
1764.83	385.12
1765.13	386.839
1765.42	377.245
1765.72	377.102
1766.02	382.709
1766.32	378.222
1766.61	381.158
1766.91	377.841
1767.21	381.507
1767.5	381.21
1767.8	373.5
1768.09	376.937
1768.39	379.281
1768.69	383.238
1768.99	381.002
1769.28	384.685
1769.58	383.417
1769.88	380.661
1770.17	380.782
1770.47	379.111
1770.76	376.156
1771.06	374.811
1771.36	376.793
1771.65	378.677
1771.95	382.11
1772.25	379.969
1772.54	387.617
1772.84	384.371
1773.14	389.773
1773.43	388.896
1773.73	378.903
1774.03	375.557
1774.32	377.202
1774.62	370.054
1774.91	383.366
1775.21	384.935
1775.51	381.24
1775.8	377.734
1776.1	381.428
1776.4	383.119
1776.69	380.968
1776.99	378.065
1777.28	380.598
1777.58	379.648
1777.88	378.671
1778.17	382.038
1778.47	385.573
1778.76	380.088
1779.06	374.529
1779.36	378.471
1779.65	384.565
1779.95	380.259
1780.24	380.468
1780.54	381.363
1780.84	379.558
1781.13	376.422
1781.43	380.717
1781.72	382.805
1782.02	374.207
1782.32	376.936
1782.61	382.078
1782.91	376.916
1783.2	378.73
1783.5	379.844
1783.79	376.554
1784.09	386.176
1784.39	380.777
1784.68	378.665
1784.98	376.176
1785.27	377.845
1785.57	380.499
1785.87	378.859
1786.16	376.986
1786.46	375.268
1786.75	382.358
1787.05	381.123
1787.34	391.626
1787.64	385.814
1787.93	378.063
1788.23	380.601
1788.52	382.642
1788.82	376.752
1789.12	381.757
1789.41	381.874
1789.71	381.828
1790	377.761
1790.3	388.962
1790.59	387.321
1790.89	387.465
1791.18	381.879
1791.48	383.049
1791.77	382.281
1792.07	381.753
1792.36	386.36
1792.66	376.483
1792.96	379.406
1793.25	387.989
1793.55	379.973
1793.84	378.397
1794.14	375.876
1794.43	375.245
1794.73	383.022
1795.02	385.955
1795.32	381.26
1795.61	380.397
1795.91	380.549
1796.2	380.304
1796.5	387.289
1796.79	371.945
1797.09	379.991
1797.38	386.572
1797.68	383.921
1797.97	379.579
1798.27	380.812
1798.56	378.001
1798.86	376.402
1799.15	385.191
1799.45	382.714
1799.74	379.645
1800.04	382.109
1800.33	379.164
1800.63	381.828
1800.92	379.301
1801.21	378.24
1801.51	381.329
1801.8	385.003
1802.1	387.592
1802.39	388.907
1802.69	388.979
1802.98	385.994
1803.28	389.701
1803.57	387.591
1803.87	386.956
1804.16	388.262
1804.46	379.68
1804.75	383.361
1805.04	380.798
1805.34	387.89
1805.63	389.813
1805.93	387.069
1806.22	387.434
1806.52	387.34
1806.81	388.696
1807.11	383.282
1807.4	387.597
1807.69	385.466
1807.99	382.176
1808.28	383.143
1808.58	383.065
1808.87	383.132
1809.17	384.345
1809.46	385.805
1809.76	388.378
1810.05	390.773
1810.34	387.42
1810.64	386.901
1810.93	389.021
1811.23	383.404
1811.52	385.324
1811.81	387.968
1812.11	381.925
1812.4	380.803
1812.7	383.469
1812.99	380.873
1813.28	381.35
1813.58	385.687
1813.87	384.745
1814.17	382.666
1814.46	378.65
1814.76	384.366
1815.05	381.726
1815.34	375.118
1815.64	382.748
1815.93	378.446
1816.22	383.659
1816.52	385.554
1816.81	386.819
1817.1	383.98
1817.4	382.801
1817.69	386.769
1817.99	386.832
1818.28	386.852
1818.57	389.387
1818.87	385.652
1819.16	386.71
1819.46	388.822
1819.75	388.625
1820.04	381.75
1820.34	382.331
1820.63	383.454
1820.92	381.682
1821.22	383.092
1821.51	389.012
1821.8	387.248
1822.1	386.538
1822.39	384.202
1822.69	385.725
1822.98	388.514
1823.27	384.736
1823.57	385.159
1823.86	387.924
1824.15	384.884
1824.45	384.52
1824.74	385.798
1825.03	389.021
1825.33	387.654
1825.62	386.727
1825.91	391.318
1826.2	390.077
1826.5	381.049
1826.79	384.934
1827.08	384.811
1827.38	385.635
1827.67	385.217
1827.96	386.527
1828.26	390.359
1828.55	390.986
1828.84	385.526
1829.14	390.081
1829.43	388.296
1829.72	389.36
1830.02	387.606
1830.31	383.744
1830.6	377.038
1830.89	387.98
1831.19	383.593
1831.48	396.225
1831.77	380.531
1832.07	378.845
1832.36	380.509
1832.65	383.606
1832.95	380.893
1833.24	389.415
1833.53	389.259
1833.82	386.817
1834.12	384.3
1834.41	387.044
1834.7	380.028
1835	387.101
1835.29	386.927
1835.58	385.147
1835.87	389.159
1836.17	379.81
1836.46	382.654
1836.75	391.149
1837.05	381.118
1837.34	386.302
1837.63	385.69
1837.92	382.2
1838.22	388.295
1838.51	384.18
1838.8	386.126
1839.09	380.595
1839.38	391.241
1839.68	391.943
1839.97	388.567
1840.26	390.766
1840.55	384.533
1840.85	387.628
1841.14	386.778
1841.43	390.285
1841.72	386.367
1842.02	384.305
1842.31	383.042
1842.6	380.329
1842.89	388.153
1843.19	385.226
1843.48	389.342
1843.77	388.386
1844.06	392.147
1844.36	389.499
1844.65	384.429
1844.94	381.75
1845.23	393.051
1845.52	390.547
1845.82	386.449
1846.11	386.182
1846.4	389.788
1846.69	382.42
1846.98	383.26
1847.28	388.064
1847.57	394.015
1847.86	393.222
1848.15	383.293
1848.44	383.861
1848.74	389.03
1849.03	386.886
1849.32	388.466
1849.61	387.904
1849.9	382.127
1850.19	390.239
1850.49	385.297
1850.78	389.191
1851.07	389.974
1851.36	384.461
1851.65	386.695
1851.95	385.436
1852.24	384.768
1852.53	381.64
1852.82	383.371
1853.11	391.523
1853.4	388.92
1853.7	392.717
1853.99	392.059
1854.28	393.946
1854.57	389.337
1854.86	384.979
1855.16	390.567
1855.45	389.375
1855.74	385.399
1856.03	384.523
1856.32	386.628
1856.61	385.636
1856.9	384.052
1857.19	387.65
1857.49	393.979
1857.78	387.617
1858.07	389.731
1858.36	391.133
1858.65	387.889
1858.79	383.915
1859.09	387.695
1859.38	389.148
1859.67	388.821
1859.97	376.967
1860.26	385.997
1860.55	385.79
1860.85	383.335
1861.14	393.073
1861.43	392.554
1861.73	390.252
1862.02	386.926
1862.31	387.712
1862.61	386.329
1862.9	387.445
1863.19	385.22
1863.49	379.584
1863.78	389.946
1864.07	390.44
1864.37	378.928
1864.66	387.802
1864.95	382.027
1865.24	385.878
1865.54	383.436
1865.83	386.736
1866.12	392.31
1866.42	378.528
1866.71	379.301
1867	389.936
1867.3	386.615
1867.59	385.859
1867.88	385.339
1868.18	385.611
1868.47	384.754
1868.76	390.591
1869.05	382.283
1869.35	387.349
1869.64	385.231
1869.93	385.205
1870.23	393.398
1870.52	381.311
1870.81	380.414
1871.1	389.685
1871.4	381.998
1871.69	383.381
1871.98	385.697
1872.27	385.802
1872.57	383.76
1872.86	381.667
1873.15	381.922
1873.45	380.102
1873.74	379.517
1874.03	385.151
1874.32	388.858
1874.62	389.16
1874.91	367.431
1875.2	388.704
1875.49	379.895
1875.79	382.053
1876.08	384.305
1876.37	379.918
1876.66	379.093
1876.96	378.446
1877.25	384.72
1877.54	380.978
1877.83	386.825
1878.12	385.776
1878.42	386.965
1878.71	384.292
1879	382.764
1879.29	385.945
1879.59	377.694
1879.88	382.543
1880.17	386.046
1880.46	383.205
1880.75	378.147
1881.05	383.252
1881.34	386.052
1881.63	384.157
1881.92	383.654
1882.21	389.049
1882.51	384.759
1882.8	382.819
1883.09	384.711
1883.38	381.993
1883.67	386.207
1883.97	384.732
1884.26	383.046
1884.55	381.898
1884.84	386.169
1885.13	383.362
1885.43	382.867
1885.72	377.531
1886.01	386.574
1886.3	384.456
1886.59	389.312
1886.89	376.013
1887.18	384.37
1887.47	390.952
1887.76	378.46
1888.05	377.877
1888.35	375.901
1888.64	381.767
1888.93	383.455
1889.22	383.89
1889.51	393.94
1889.8	386.426
1890.1	386.276
1890.39	384.506
1890.68	382.726
1890.97	381.036
1891.26	388.083
1891.55	387.229
1891.84	384.446
1892.14	383.814
1892.43	385.14
1892.72	378.706
1893.01	380.979
1893.3	381.502
1893.59	394.156
1893.88	381.292
1894.18	391.141
1894.47	383.583
1894.76	386.542
1895.05	384.038
1895.34	389.002
1895.63	388.196
1895.92	383.389
1896.22	380.204
1896.51	385.757
1896.8	381.447
1897.09	387.195
1897.38	392.255
1897.67	389.38
1897.96	378.912
1898.25	384.689
1898.55	378.581
1898.84	381.277
1899.13	386.004
1899.42	381.835
1899.71	381.831
1900	384.539
1900.29	379.703
1900.58	388.639
1900.87	376.244
1901.16	378.701
1901.46	384.292
1901.75	381.354
1902.04	385.611
1902.33	381.066
1902.62	379.831
1902.91	386.959
1903.2	375.229
1903.49	379.163
1903.78	383.808
1904.07	383.991
1904.36	385.5
1904.65	382.084
1904.95	385.218
1905.24	388.023
1905.53	386.587
1905.82	376.071
1906.11	378.933
1906.4	390.467
1906.69	388.439
1906.98	384.805
1907.27	382.822
1907.56	385.247
1907.85	377.16
1908.14	371.407
1908.43	374.809
1908.72	388.903
1909.01	379.516
1909.3	384.438
1909.6	384.544
1909.89	381.173
1910.18	384.501
1910.47	381.952
1910.76	375.455
1911.05	378.918
1911.34	385.641
1911.63	388.619
1911.92	388.507
1912.21	386.217
1912.5	386.085
1912.79	380.431
1913.08	382.948
1913.37	384.462
1913.66	387.485
1913.95	383.756
1914.24	381.469
1914.53	389.105
1914.82	386.256
1915.11	387.812
1915.4	379.264
1915.69	384.218
1915.98	386.57
1916.27	382.16
1916.56	381.373
1916.85	386.867
1917.14	390.733
1917.43	385.454
1917.72	379.132
1918.01	389.068
1918.3	379.8
1918.59	384.081
1918.88	387.52
1919.17	379.969
1919.46	380.975
1919.75	381.742
1920.04	380.315
1920.33	383.749
1920.62	380.116
1920.91	381.969
1921.2	373.767
1921.49	382.355
1921.78	390.903
1922.07	389.847
1922.36	384.598
1922.65	379.673
1922.94	384.893
1923.23	387.13
1923.52	387.116
1923.81	387.387
1924.1	387.026
1924.39	383.332
1924.68	380.038
1924.97	388.719
1925.26	384.755
1925.55	385.448
1925.84	385.006
1926.13	386.14
1926.42	386.686
1926.71	390.104
1927	384.432
1927.29	380.731
1927.57	384.812
1927.86	387.193
1928.15	390.898
1928.44	385.879
1928.73	381.344
1929.02	378.236
1929.31	384.142
1929.6	389.632
1929.89	378.692
1930.18	384.396
1930.47	387.185
1930.76	391.099
1931.05	386.669
1931.34	385.573
1931.62	391.08
1931.91	376.487
1932.2	382.092
1932.49	386.173
1932.78	386.172
1933.07	391.743
1933.36	390.317
1933.65	383.908
1933.94	378.054
1934.23	387.281
1934.52	388.39
1934.81	386.8
1935.09	382.183
1935.38	387.164
1935.67	386.457
1935.96	386.607
1936.25	386.521
1936.54	384.881
1936.83	382.091
1937.12	386.681
1937.41	382.539
1937.69	385.093
1937.98	389.62
1938.27	391.119
1938.56	386.445
1938.85	383.279
1939.14	386.874
1939.43	388.979
1939.72	382.017
1940	386.551
1940.29	385.239
1940.58	386.373
1940.87	390.876
1941.16	388.825
1941.45	385.82
1941.74	382.582
1942.02	389.494
1942.31	386.087
1942.6	392.17
1942.89	389.051
1943.18	379.979
1943.47	385.588
1943.76	386.541
1944.04	385.101
1944.33	380.214
1944.62	391.012
1944.91	393.776
1945.2	389.1
1945.49	392.468
1945.77	383.496
1946.06	387.072
1946.35	392.255
1946.64	389.427
1946.93	390.22
1947.22	389.739
1947.51	387.588
1947.79	389.916
1948.08	386.914
1948.37	381.579
1948.66	385.77
1948.95	384.828
1949.23	390.15
1949.52	387.937
1949.81	392.055
1950.1	394.951
1950.39	392.485
1950.68	385.292
1950.96	386.428
1951.25	387.785
1951.54	389.899
1951.83	392.966
1952.12	386.547
1952.4	394.317
1952.69	385.028
1952.98	388.714
1953.27	387.137
1953.56	388.862
1953.84	385.747
1954.13	390.04
1954.42	387.579
1954.71	383.302
1954.99	392.407
1955.28	391.71
1955.57	393.738
1955.86	390.24
1956.15	389.64
1956.43	388.602
1956.72	390.695
1957.01	387.465
1957.3	387.714
1957.59	386.506
1957.87	386.512
1958.16	391.933
1958.45	381.457
1958.74	395.104
1959.02	394.388
1959.31	386.789
1959.6	389.844
1959.89	391.117
1960.17	395.891
1960.46	396.708
1960.75	382.992
1961.04	390.183
1961.32	391.922
1961.61	388.441
1961.9	389.145
1962.19	387.085
1962.47	392.015
1962.76	386.094
1963.05	389.906
1963.34	393.718
1963.62	387.195
1963.91	389.157
1964.2	383.989
1964.48	383.112
1964.77	387.449
1965.06	395.342
1965.35	390.458
1965.63	391.057
1965.92	388.774
1966.21	385.821
1966.5	396.494
1966.78	393.972
1967.07	391.772
1967.36	400.52
1967.64	388.808
1967.93	390.036
1968.22	382.571
1968.5	386.546
1968.79	394.917
1969.08	393.083
1969.37	386.105
1969.65	388.259
1969.94	393.938
1970.23	385.841
1970.51	391.223
1970.8	391.655
1971.09	381.464
1971.37	388.214
1971.66	390.106
1971.95	397.889
1972.24	393.872
1972.52	386.894
1972.81	392.383
1973.1	389.908
1973.38	392.595
1973.67	387.768
1973.96	388.316
1974.24	393.918
1974.53	386.267
1974.82	388.858
1975.1	391.423
1975.39	382.259
1975.68	387.951
1975.96	389.391
1976.25	387.033
1976.54	384.97
1976.82	386.793
1977.11	385.556
1977.4	391.286
1977.68	388.694
1977.97	393.586
1978.26	394.739
1978.54	392.95
1978.83	388.895
1979.11	392.376
1979.4	387.475
1979.69	391.153
1979.97	390.642
1980.26	382.377
1980.55	387.477
1980.83	389.47
1981.12	391.555
1981.4	393.906
1981.69	390.842
1981.98	393.78
1982.26	385.445
1982.55	392.114
1982.84	386.42
1983.12	388.602
1983.41	388.761
1983.69	387.611
1983.98	389.864
1984.27	392.082
1984.55	389.624
1984.84	392.344
1985.13	390.908
1985.41	391.777
1985.7	388.744
1985.98	391.96
1986.27	387.23
1986.56	390.632
1986.84	386.907
1987.13	394.03
1987.41	387.029
1987.7	398.87
1987.99	388.672
1988.27	395.45
1988.56	390.137
1988.84	388.033
1989.13	392.99
1989.41	384.151
1989.7	395.698
1989.99	384.552
1990.27	388.529
1990.56	390.704
1990.84	389.475
1991.13	383.051
1991.42	389.505
1991.7	384.524
1991.99	392.801
1992.27	382.784
1992.56	388.207
1992.84	388.242
1993.13	384.826
1993.42	384.78
1993.7	385.969
1993.99	388.281
1994.27	377.7
1994.56	387.175
1994.84	386.982
1995.13	385.228
1995.41	384.137
1995.7	388.216
1995.98	387.753
1996.27	386.757
1996.56	392.669
1996.84	385.828
1997.13	388.261
1997.41	385.39
1997.7	386.844
1997.98	389.063
1998.27	386.46
1998.55	385.516
1998.84	392.566
1999.12	394.088
1999.41	392.216
1999.69	387.225
1999.98	397.612
1999.99	404
