1200.11	340.452
1200.43	340.57
1200.76	341.685
1201.08	340.235
1201.4	339.276
1201.73	340.042
1202.05	339.279
1202.37	344.659
1202.7	340.446
1203.02	340.88
1203.34	342.992
1203.67	339.24
1203.99	341.241
1204.32	339.056
1204.64	340.035
1204.96	343.121
1205.29	338.716
1205.61	341.166
1205.93	346.216
1206.26	338.473
1206.58	342.906
1206.9	337.692
1207.23	343.188
1207.55	343.361
1207.87	339.008
1208.2	341.719
1208.52	347.043
1208.84	337.881
1209.16	336.903
1209.49	342.994
1209.81	341.301
1210.13	344.507
1210.46	345.345
1210.78	341.486
1211.1	344.243
1211.42	341.372
1211.75	337.223
1212.07	337.025
1212.39	346.745
1212.72	339.513
1213.04	336.871
1213.36	340.81
1213.69	344.89
1214.01	341.521
1214.33	346.324
1214.65	343.861
1214.98	344.707
1215.3	343.853
1215.62	341.372
1215.95	342.039
1216.27	339.842
1216.59	340.274
1216.91	341.962
1217.24	337.153
1217.56	340.285
1217.88	343.101
1218.2	336.652
1218.53	342.897
1218.85	343.615
1219.17	340.235
1219.5	342.537
1219.82	338.532
1220.14	340.701
1220.46	340.401
1220.78	342.401
1221.11	341.006
1221.43	337.934
1221.75	339.407
1222.07	346.17
1222.4	340.101
1222.72	344.478
1223.04	343.334
1223.36	343.919
1223.69	341.627
1224.01	343.942
1224.33	346.305
1224.65	343.241
1224.97	342.062
1225.3	344.898
1225.62	347.295
1225.94	341.222
1226.26	341.183
1226.58	339.611
1226.91	347.969
1227.23	343.923
1227.55	341.847
1227.87	335.437
1228.2	342.702
1228.52	345.295
1228.84	342.62
1229.16	338.184
1229.48	340.52
1229.81	343.256
1230.13	340.364
1230.45	341.655
1230.77	341.519
1231.09	341.194
1231.41	346.123
1231.74	350.1
1232.06	340.141
1232.38	338.898
1232.7	343.551
1233.02	342.125
1233.35	344.08
1233.67	343.159
1233.99	345.638
1234.31	345.846
1234.63	341.96
1234.95	342.667
1235.28	341.866
1235.6	343.695
1235.92	342.01
1236.24	338.162
1236.56	343.426
1236.88	341.858
1237.2	347.07
1237.53	346.704
1237.85	344.073
1238.17	345.42
1238.49	348.333
1238.81	345.209
1239.13	342.367
1239.46	344.31
1239.78	347.703
1240.1	339.921
1240.42	342.592
1240.74	337.384
1241.06	337.453
1241.38	343.855
1241.7	338.586
1242.03	341.703
1242.35	341.917
1242.67	341.631
1242.99	339.122
1243.31	342.277
1243.63	341.941
1243.95	342.257
1244.27	343.885
1244.59	342.483
1244.92	344.784
1245.24	340.057
1245.56	340.751
1245.88	343.088
1246.2	345.657
1246.52	339.757
1246.84	339.617
1247.16	339.409
1247.48	343.3
1247.8	343.356
1248.12	341.968
1248.45	340.068
1248.77	339.426
1249.09	341.293
1249.41	341.997
1249.73	343.983
1250.05	340.653
1250.37	340.715
1250.69	344.827
1251.01	343.906
1251.33	342.135
1251.65	339.16
1251.97	344.935
1252.29	342.419
1252.61	342.974
1252.93	339.584
1253.26	341.899
1253.57	347.977
1253.9	345.527
1254.22	344.399
1254.54	341.845
1254.86	340.364
1255.18	345.715
1255.5	338.022
1255.82	348.915
1256.14	345.197
1256.46	342.732
1256.78	340.224
1257.1	347.11
1257.42	343.241
1257.74	337.536
1258.06	345.036
1258.38	345.116
1258.7	342.695
1259.02	340.419
1259.34	345.896
1259.66	340.691
1259.98	342.754
1260.3	341.418
1260.62	341.792
1260.94	341.743
1261.26	342.562
1261.58	342.019
1261.9	344.366
1262.22	344.815
1262.54	346.212
1262.86	342.124
1263.18	345.029
1263.5	342.108
1263.82	344.068
1264.14	339.157
1264.46	338.535
1264.78	341.312
1265.1	339.369
1265.42	341.92
1265.74	339.67
1266.06	343.481
1266.38	339
1266.7	345.895
1267.02	344
1267.34	344.667
1267.66	340.508
1267.98	341.276
1268.3	347.833
1268.62	344.363
1268.94	341.514
1269.26	344.535
1269.58	343.013
1269.9	341.15
1270.22	345.454
1270.54	339.496
1270.85	338.933
1271.17	342
1271.49	340.112
1271.81	343.341
1272.13	341.931
1272.45	343.495
1272.77	340.837
1273.09	341.577
1273.41	344.963
1273.73	339.372
1274.05	339.864
1274.37	340.794
1274.69	340.069
1275.01	338.977
1275.33	346.007
1275.64	340
1275.96	343.481
1276.28	342.463
1276.6	340.146
1276.92	344.55
1277.24	343.038
1277.56	343.024
1277.88	339.649
1278.2	340.586
1278.52	341.906
1278.84	347.821
1279.15	339.403
1279.47	342.88
1279.79	341.435
1280.11	341.004
1280.43	343.878
1280.75	346
1281.07	345.856
1281.39	348.398
1281.71	345.872
1282.03	339.238
1282.34	342.924
1282.66	340.069
1282.98	341.373
1283.3	341.346
1283.62	337.977
1283.94	347.066
1284.26	341.345
1284.57	346.082
1284.89	346.981
1285.21	342.124
1285.53	344.241
1285.85	344.636
1286.17	340.197
1286.49	341.771
1286.81	343.333
1287.12	341.062
1287.44	341.089
1287.76	345.507
1288.08	345.458
1288.4	344.766
1288.72	336.961
1289.03	340.785
1289.35	344.484
1289.67	338.169
1289.99	345.28
1290.31	341.98
1290.63	344.68
1290.94	345.148
1291.26	345.473
1291.58	346.265
1291.9	344.269
1292.22	344.206
1292.54	349.871
1292.85	347.536
1293.17	340.243
1293.49	343.747
1293.81	342.496
1294.13	345.992
1294.44	345.852
1294.76	343.123
1295.08	341.446
1295.4	341.228
1295.72	341.395
1296.03	339.774
1296.35	345.737
1296.67	344.219
1296.99	343.199
1297.31	341.997
1297.62	352.379
1297.94	349.996
1298.26	345.364
1298.58	343.531
1298.9	343.879
1299.21	342.84
1299.53	347.423
1299.85	347.621
1300.17	345.677
1300.48	343.027
1300.8	342.623
1301.12	344.451
1301.44	345.543
1301.76	343.363
1302.07	350.879
1302.39	348.922
1302.71	348.539
1303.03	346.99
1303.34	342.951
1303.66	347.208
1303.98	345.728
1304.3	339.209
1304.61	340.576
1304.93	346.427
1305.25	350.677
1305.57	352.232
1305.88	348.664
1306.2	343.279
1306.52	341.616
1306.84	347.179
1307.15	346.983
1307.47	347.02
1307.79	347.977
1308.1	347.341
1308.42	352.838
1308.74	349.027
1309.06	346.967
1309.37	344.614
1309.69	352.082
1310.01	344.72
1310.33	348.142
1310.64	348.7
1310.96	345.355
1311.28	345.277
1311.59	348.597
1311.91	348.256
1312.23	350.06
1312.54	350.622
1312.86	345.638
1313.18	348.402
1313.5	348.996
1313.81	346.817
1314.13	352.355
1314.45	349.389
1314.76	351.653
1315.08	343.846
1315.4	343.345
1315.71	346.658
1316.03	350.148
1316.35	344.407
1316.66	345.832
1316.98	348.164
1317.3	348.33
1317.61	346.43
1317.93	350.28
1318.25	353.734
1318.56	352.611
1318.88	345.925
1319.2	350.816
1319.51	353.062
1319.83	356.359
1320.15	351.107
1320.46	358.114
1320.78	350.573
1321.1	353.822
1321.41	356.35
1321.73	350.831
1322.05	350.648
1322.36	351.985
1322.68	351.967
1323	354.203
1323.31	351.907
1323.63	349.207
1323.94	355.733
1324.26	358.785
1324.58	354.961
1324.89	352.8
1325.21	352.609
1325.53	352.826
1325.84	355.307
1326.16	357.58
1326.47	359.885
1326.79	356.552
1327.11	356.804
1327.42	362.817
1327.74	365.163
1328.06	360.09
1328.37	361.784
1328.69	367.758
1329	369.963
1329.32	375.304
1329.64	382.298
1329.95	369.288
1330.27	383.5
1330.58	385.429
1330.9	395.253
1331.22	402.737
1331.53	414.079
1331.85	425.748
1332.16	437.88
1332.48	470.532
1332.79	486.842
1333.11	517.789
1333.43	563.381
1333.74	608.726
1334.06	664.032
1334.37	721.928
1334.69	776.984
1335	837.655
1335.32	893.308
1335.63	918.751
1335.95	938.385
1336.27	944.168
1336.58	898.784
1336.9	823.328
1337.21	750.308
1337.53	690.14
1337.85	616.112
1338.16	552.226
1338.48	511.145
1338.79	470.151
1339.11	438.644
1339.42	427.844
1339.74	411.337
1340.05	397.17
1340.37	387.361
1340.68	385.002
1341	383.425
1341.31	377.84
1341.63	374.496
1341.94	372.543
1342.26	364.39
1342.58	359.738
1342.89	362.078
1343.21	366.204
1343.52	361.672
1343.83	361.033
1344.15	360.409
1344.47	363.203
1344.78	364.209
1345.1	356.925
1345.41	354.024
1345.73	358.764
1346.04	355.982
1346.36	353.593
1346.67	357.039
1346.99	355.876
1347.3	361.813
1347.62	359.261
1347.93	357.658
1348.25	356.392
1348.56	351.967
1348.88	350.704
1349.19	352.342
1349.5	356.354
1349.82	360.177
1350.13	349.254
1350.45	352.61
1350.76	355.821
1351.08	354.55
1351.39	357.039
1351.71	360.656
1352.02	358.266
1352.34	350.692
1352.65	350.229
1352.97	355.623
1353.28	353.665
1353.6	354.099
1353.91	351.126
1354.22	349.523
1354.54	352.977
1354.85	356.738
1355.17	358.684
1355.48	356.825
1355.8	357.436
1356.11	350.819
1356.43	353.803
1356.74	352.754
1357.06	347.689
1357.37	351.322
1357.68	355.038
1358	352.894
1358.31	349.596
1358.63	350.515
1358.94	353.8
1359.26	348.738
1359.57	352.283
1359.88	355.843
1360.2	356.159
1360.51	347.623
1360.83	355.4
1361.14	353.912
1361.45	362.992
1361.77	354.559
1362.08	355.66
1362.4	356.597
1362.71	352.881
1363.02	358.672
1363.34	354.985
1363.65	354.387
1363.97	348.896
1364.28	358.848
1364.59	356.185
1364.91	353.869
1365.22	349.499
1365.54	351.043
1365.85	353.232
1366.16	353.308
1366.48	353.377
1366.79	356.349
1367.11	354.148
1367.42	352.706
1367.73	351.935
1368.05	353.471
1368.36	354.612
1368.67	355.998
1368.99	351.221
1369.3	359.074
1369.61	354.32
1369.93	355.54
1370.24	360.701
1370.55	355.393
1370.87	352.301
1371.18	352.604
1371.5	353.695
1371.81	354.746
1372.12	351.583
1372.17	353.631
1372.48	355.318
1372.8	351.222
1373.12	353.03
1373.43	352.763
1373.75	350.783
1374.06	353.965
1374.38	357.087
1374.69	358.626
1375.01	355.886
1375.32	362.416
1375.64	351.671
1375.96	355.36
1376.27	357.701
1376.59	353.538
1376.9	354.732
1377.22	346.199
1377.53	348.396
1377.85	357.686
1378.16	349
1378.48	363.851
1378.79	355.694
1379.11	356.357
1379.42	360.638
1379.74	348.231
1380.05	353.119
1380.37	357.566
1380.69	358.456
1381	359.654
1381.32	355.696
1381.63	350.5
1381.94	355.332
1382.26	359.398
1382.58	358.826
1382.89	355.459
1383.21	359.579
1383.52	353.009
1383.84	353.025
1384.15	348.444
1384.47	354.776
1384.78	353.871
1385.1	350.196
1385.41	356.343
1385.73	358.043
1386.04	355.735
1386.35	363.084
1386.67	351.389
1386.99	348.503
1387.3	353.961
1387.61	358.965
1387.93	350.123
1388.24	356.287
1388.56	362.296
1388.87	355.408
1389.19	352.821
1389.5	352.036
1389.82	354.055
1390.13	353.643
1390.45	358.475
1390.76	362.325
1391.08	357.899
1391.39	355.906
1391.71	351.667
1392.02	362.651
1392.33	353.8
1392.65	358.548
1392.96	354.629
1393.28	353.935
1393.59	358.94
1393.91	355.4
1394.22	354.897
1394.54	355.439
1394.85	354.559
1395.16	356.895
1395.48	352.795
1395.79	355.697
1396.11	360.205
1396.42	363.882
1396.73	357.857
1397.05	355.44
1397.36	357.607
1397.68	350.35
1397.99	349.896
1398.31	362.252
1398.62	352.634
1398.94	346.057
1399.25	355.163
1399.56	356.794
1399.88	359.158
1400.19	368.542
1400.5	356.151
1400.82	358.639
1401.13	354.732
1401.45	359.789
1401.76	357.94
1402.08	354.366
1402.39	354.066
1402.7	357.138
1403.02	354.341
1403.33	356.09
1403.65	354.764
1403.96	353.659
1404.27	354.049
1404.59	361.896
1404.9	362.697
1405.21	360.932
1405.53	354.501
1405.84	356.19
1406.15	361.882
1406.47	356.561
1406.78	350.593
1407.09	355.906
1407.41	359.911
1407.72	359.216
1408.04	354.709
1408.35	356.895
1408.66	358.964
1408.98	358.674
1409.29	361.434
1409.6	356.815
1409.92	360.02
1410.23	354.934
1410.54	353.46
1410.86	358.31
1411.17	355.038
1411.48	353.969
1411.8	357.03
1412.11	358.793
1412.43	355.814
1412.74	356.467
1413.05	354.695
1413.36	362.824
1413.68	360.283
1413.99	363.423
1414.3	357.597
1414.62	361.914
1414.93	356.684
1415.24	355.387
1415.56	357.467
1415.87	360.055
1416.18	357.617
1416.5	355.624
1416.81	362.209
1417.12	356.968
1417.44	354.78
1417.75	358.356
1418.06	358.528
1418.37	357.81
1418.69	361.072
1419	359.846
1419.31	360.714
1419.63	355.939
1419.94	358.774
1420.25	357.655
1420.56	363.942
1420.88	367.414
1421.19	362.458
1421.5	362.26
1421.82	359.423
1422.13	360.956
1422.44	354.947
1422.76	358.206
1423.07	360.285
1423.38	358.134
1423.69	361.21
1424.01	353.065
1424.32	363.421
1424.63	362.126
1424.94	353.566
1425.26	362.892
1425.57	354.895
1425.88	352.347
1426.19	360.207
1426.51	359.02
1426.82	356.176
1427.13	359.337
1427.44	362.751
1427.76	358.012
1428.07	362.105
1428.38	363.547
1428.69	360.962
1429.01	362.823
1429.32	361.644
1429.63	361.236
1429.94	360.257
1430.25	355.201
1430.57	359.893
1430.88	357.064
1431.19	362.11
1431.5	357.928
1431.82	356.64
1432.13	362.418
1432.44	362.325
1432.75	360.599
1433.06	358.935
1433.38	362.596
1433.69	356.34
1434	358.054
1434.31	358.107
1434.62	352.195
1434.94	360.954
1435.25	356.668
1435.56	354.157
1435.87	356.842
1436.18	359.29
1436.5	362.648
1436.81	371.545
1437.12	357.248
1437.43	366.528
1437.74	359.6
1438.06	361.196
1438.37	366.285
1438.68	361.868
1438.99	364.722
1439.3	365.226
1439.61	357.007
1439.93	362.197
1440.24	361.756
1440.55	358.337
1440.86	357.815
1441.17	361.313
1441.48	362.165
1441.8	362.699
1442.11	364.749
1442.42	368.728
1442.73	359.16
1443.04	359.16
1443.35	361.191
1443.67	357.216
1443.98	357.969
1444.29	364.108
1444.6	363.274
1444.91	362.381
1445.22	369.853
1445.53	357.131
1445.85	358.01
1446.16	360.496
1446.47	360.659
1446.78	362.121
1447.09	364.457
1447.4	362.822
1447.71	357.083
1448.02	355.205
1448.33	366.28
1448.65	363.242
1448.96	359.516
1449.27	358.633
1449.58	356.782
1449.89	355.469
1450.2	361.773
1450.51	362.057
1450.82	360.284
1451.14	361.002
1451.45	359.945
1451.76	358.39
1452.07	361.033
1452.38	362.983
1452.69	368.019
1453	369.991
1453.31	362.862
1453.62	361.635
1453.93	359.595
1454.25	364.129
1454.56	366.755
1454.87	363.899
1455.18	363.168
1455.49	358.043
1455.8	355.726
1456.11	357.176
1456.42	359.344
1456.73	359.859
1457.04	358.666
1457.35	362.946
1457.66	364.18
1457.97	361.095
1458.28	360.832
1458.59	363.411
1458.9	361.199
1459.22	362.257
1459.53	365.25
1459.84	367.514
1460.15	361.213
1460.46	356.488
1460.77	354.632
1461.08	364.264
1461.39	366.256
1461.7	360.653
1462.01	363.357
1462.32	358.077
1462.63	354.405
1462.94	358.705
1463.25	362.546
1463.56	357.591
1463.87	360.704
1464.18	363.9
1464.49	362.931
1464.8	361.463
1465.11	361.186
1465.42	359.473
1465.73	361.2
1466.04	360.565
1466.35	366.195
1466.66	360.58
1466.97	362.523
1467.28	355.347
1467.59	352.547
1467.9	353.763
1468.21	357.843
1468.52	363.793
1468.83	361.938
1469.14	359.276
1469.45	362.477
1469.76	365.899
1470.07	364.176
1470.38	362.59
1470.69	360.256
1471	361.473
1471.31	356.956
1471.62	357.794
1471.93	359.269
1472.24	364.652
1472.55	360.218
1472.86	359.327
1473.17	357.496
1473.48	355.409
1473.79	358.609
1474.1	361.33
1474.41	354.968
1474.72	358.523
1475.03	364.547
1475.34	364.102
1475.65	359.532
1475.96	362.646
1476.27	362.212
1476.58	358.103
1476.89	358.537
1477.2	353.843
1477.51	358.017
1477.82	366.773
1478.13	364.383
1478.44	361.063
1478.74	360.903
1479.05	353.83
1479.36	354.42
1479.67	357.842
1479.98	360.16
1480.29	363.683
1480.6	355.388
1480.91	358.276
1481.22	363.673
1481.53	360.105
1481.84	361.256
1482.15	358.192
1482.46	354.349
1482.77	359.709
1483.07	358.348
1483.38	358.775
1483.69	359.44
1484	363.766
1484.31	357.449
1484.62	357.342
1484.93	362.311
1485.24	355.417
1485.55	361.353
1485.86	360.146
1486.17	358.841
1486.47	352.588
1486.78	358.171
1487.09	356.262
1487.4	353.533
1487.71	357.609
1488.02	360.87
1488.33	358.187
1488.64	360.508
1488.94	362.782
1489.25	360.249
1489.56	358.831
1489.87	355.365
1490.18	351.595
1490.49	356.041
1490.8	358.314
1491.11	356.161
1491.41	356.951
1491.72	358.337
1492.03	358.016
1492.34	356.549
1492.65	352.982
1492.96	355.449
1493.27	356.273
1493.57	355.876
1493.88	356.329
1494.19	357.903
1494.5	361.926
1494.81	359.949
1495.12	360.444
1495.43	359.493
1495.73	358.482
1496.04	361.079
1496.35	352.847
1496.66	354.216
1496.97	355.384
1497.28	356.272
1497.58	352.742
1497.89	358.074
1498.2	361.498
1498.51	357.747
1498.82	351.725
1499.13	353.221
1499.43	351.8
1499.74	354.07
1500.05	359.4
1500.36	357.027
1500.67	357.905
1500.97	357.081
1501.28	357.604
1501.59	357.105
1501.9	353.346
1502.21	357.085
1502.51	356.661
1502.82	349.52
1503.13	354.525
1503.44	359.278
1503.74	359.406
1504.05	355.688
1504.36	354.779
1504.67	356.835
1504.98	356.18
1505.29	355.289
1505.59	357.201
1505.9	355.415
1506.21	349.606
1506.52	348.325
1506.82	351.714
1507.13	357.161
1507.44	361.818
1507.75	357.554
1508.06	355.871
1508.36	358.269
1508.67	356.012
1508.98	355.097
1509.29	358.62
1509.59	355.213
1509.9	352.026
1510.21	356.601
1510.52	356.12
1510.82	352.112
1511.13	353.48
1511.44	354.229
1511.75	357.557
1512.05	348.928
1512.36	355.707
1512.67	352.498
1512.98	349.197
1513.28	350.085
1513.59	355.774
1513.9	353.975
1514.2	357.599
1514.51	357.106
1514.82	362.618
1515.13	362.75
1515.43	357.15
1515.74	351.996
1516.05	355.479
1516.35	356.47
1516.66	354.914
1516.97	349.133
1517.28	352.944
1517.58	349.453
1517.89	349.911
1518.2	355.622
1518.51	354.533
1518.81	354.328
1519.12	353.278
1519.43	354.034
1519.73	351.821
1520.04	350.897
1520.35	350.414
1520.65	354.084
1520.96	353.876
1521.27	353.577
1521.57	356.132
1521.88	354.123
1522.19	352.594
1522.5	355.135
1522.8	350.243
1523.11	352.326
1523.41	350.202
1523.72	358.642
1524.03	355.431
1524.34	362.2
1524.64	355.827
1524.95	354.632
1525.26	351.558
1525.56	352.465
1525.87	346.744
1526.17	354.938
1526.48	353.133
1526.79	354.19
1527.1	350.544
1527.4	349.244
1527.71	355.245
1528.02	352.606
1528.32	352.84
1528.63	349.051
1528.93	352.938
1529.24	356.482
1529.55	351.18
1529.85	354.57
1530.16	354.985
1530.47	355.397
1530.77	350.177
1531.08	354.934
1531.38	352.731
1531.69	353.997
1532	351.11
1532.3	349.398
1532.61	358.805
1532.92	360.247
1533.22	353.711
1533.53	358.063
1533.84	352.214
1534.14	351.593
1534.45	348.025
1534.75	352.212
1535.06	347.843
1535.37	349.914
1535.67	353.141
1535.98	359.542
1536.28	353.961
1536.59	347.407
1536.9	349.111
1537.2	352.628
1537.51	356.256
1537.81	353.978
1538.12	356.281
1538.42	357.866
1538.73	356.138
1539.04	353.34
1539.34	358.081
1539.65	354.221
1539.95	350.777
1540.26	347.707
1540.56	348.783
1540.67	348.879
1540.98	347.279
1541.29	354.133
1541.59	350.223
1541.9	358.515
1542.21	351.234
1542.52	351.808
1542.82	350.221
1543.13	354.163
1543.44	358.93
1543.75	355.923
1544.05	349.225
1544.36	351.909
1544.67	355.932
1544.98	352.342
1545.29	354.696
1545.59	352.019
1545.9	355.698
1546.21	353.183
1546.52	362.414
1546.82	358.903
1547.13	352.446
1547.44	358.966
1547.75	351.014
1548.05	349.344
1548.36	355.849
1548.67	354.691
1548.98	357.498
1549.28	349.107
1549.59	354.286
1549.9	351.066
1550.2	358.722
1550.51	352.653
1550.82	353.579
1551.13	351.867
1551.43	357.72
1551.74	352.967
1552.05	359.073
1552.36	353.723
1552.66	353.276
1552.97	357.123
1553.28	351.273
1553.59	357.256
1553.89	356.827
1554.2	352.156
1554.51	349.077
1554.81	346.57
1555.12	348.626
1555.43	359.839
1555.73	354.939
1556.04	351.459
1556.35	348.156
1556.65	351.422
1556.96	355.326
1557.27	356.806
1557.58	347.652
1557.88	357.194
1558.19	356.2
1558.5	357.89
1558.8	352.164
1559.11	349.578
1559.42	352.869
1559.72	355.407
1560.03	354.937
1560.34	351.347
1560.64	357.225
1560.95	359.852
1561.26	355.127
1561.56	355.423
1561.87	360.51
1562.18	349.986
1562.48	351.396
1562.79	361.945
1563.1	356.004
1563.4	359.263
1563.71	354.171
1564.02	345.996
1564.32	354.31
1564.63	357.513
1564.93	356.432
1565.24	361.259
1565.55	356.761
1565.85	357.714
1566.16	353.242
1566.47	355.587
1566.77	351.192
1567.08	353.026
1567.39	354.999
1567.69	355.085
1568	358.997
1568.31	355.872
1568.61	355.25
1568.92	351.821
1569.22	350.774
1569.53	360.265
1569.84	352.522
1570.14	353.788
1570.45	354.737
1570.75	352.763
1571.06	353.248
1571.37	356.696
1571.67	351.318
1571.98	352.957
1572.29	354.483
1572.59	342.424
1572.9	352.732
1573.2	352.948
1573.51	355.897
1573.81	359.127
1574.12	350.28
1574.43	358.321
1574.73	355.06
1575.04	359.739
1575.34	347.124
1575.65	358.054
1575.96	361.348
1576.26	350.101
1576.57	351.765
1576.87	357.666
1577.18	356.936
1577.48	352.391
1577.79	356.749
1578.1	356.495
1578.4	361.322
1578.71	350.826
1579.01	360.116
1579.32	353.93
1579.63	358.95
1579.93	357.555
1580.24	358.376
1580.54	358.561
1580.85	354.104
1581.15	358.87
1581.46	354.635
1581.76	359.514
1582.07	354.079
1582.37	356.391
1582.68	355.95
1582.99	353.04
1583.29	360.004
1583.6	362.384
1583.9	355.137
1584.21	359.758
1584.51	358.045
1584.82	354.074
1585.12	354.053
1585.43	361.886
1585.73	357.233
1586.04	354.504
1586.34	353.952
1586.65	363.756
1586.95	353.06
1587.26	358.265
1587.56	355.967
1587.87	356.098
1588.17	347.527
1588.48	355.462
1588.78	353.188
1589.09	354.289
1589.39	357.863
1589.7	358.732
1590.01	359.628
1590.31	350.164
1590.61	357.265
1590.92	355.683
1591.22	360.545
1591.53	360.05
1591.83	351.877
1592.14	363.406
1592.44	353.266
1592.75	350.5
1593.05	354.746
1593.36	364.294
1593.66	355.592
1593.97	351.082
1594.27	352.983
1594.58	355.258
1594.88	349.755
1595.19	355.712
1595.49	356.982
1595.8	349.31
1596.1	356.156
1596.41	356.66
1596.71	347.892
1597.01	360.082
1597.32	355.763
1597.62	358.101
1597.93	360.794
1598.23	357.76
1598.54	357.28
1598.84	357.523
1599.15	357.181
1599.45	354.567
1599.75	361.405
1600.06	360.191
1600.36	357.907
1600.67	357.159
1600.97	360.054
1601.28	362.137
1601.58	354.611
1601.89	359.666
1602.19	352.624
1602.49	353.397
1602.8	353.357
1603.1	357.725
1603.41	354.963
1603.71	353.47
1604.01	355.808
1604.32	353.834
1604.62	351.158
1604.93	352.965
1605.23	351.862
1605.54	358.8
1605.84	354.123
1606.14	354.241
1606.45	353.853
1606.75	358.201
1607.06	356.419
1607.36	354.27
1607.66	354.499
1607.97	355.713
1608.27	362.445
1608.57	358.316
1608.88	352.549
1609.18	357.791
1609.49	356.29
1609.79	353.982
1610.1	351.775
1610.4	356.749
1610.7	353.452
1611	356.633
1611.31	359.713
1611.61	358.272
1611.92	355.289
1612.22	359.663
1612.53	352.724
1612.83	353.34
1613.13	356.832
1613.43	351.484
1613.74	356.448
1614.04	353.649
1614.35	350.85
1614.65	356.737
1614.95	352.03
1615.26	353.381
1615.56	355.766
1615.86	354.523
1616.17	351.797
1616.47	355.484
1616.77	362.608
1617.08	357.139
1617.38	351.363
1617.68	358.843
1617.99	360.321
1618.29	358.769
1618.59	356.048
1618.9	353.98
1619.2	353.01
1619.5	349.842
1619.81	351.911
1620.11	354.945
1620.41	359.632
1620.72	361.516
1621.02	357.743
1621.32	354.544
1621.63	359.397
1621.93	359.039
1622.23	356.375
1622.54	358.167
1622.84	360.993
1623.14	360.95
1623.44	349.499
1623.75	351.807
1624.05	351.168
1624.35	355.577
1624.66	354.161
1624.96	352.748
1625.26	360.328
1625.56	352.853
1625.87	357.698
1626.17	361.574
1626.47	355.825
1626.78	351.707
1627.08	350.673
1627.38	359.237
1627.68	353.666
1627.99	353.337
1628.29	356.593
1628.59	353.715
1628.9	359.29
1629.2	360.632
1629.5	350.978
1629.8	353.668
1630.11	356.543
1630.41	357.197
1630.71	353.635
1631.01	361.623
1631.32	355.195
1631.62	362.459
1631.92	356.562
1632.22	353.321
1632.53	352.309
1632.83	360.076
1633.13	360.181
1633.43	346.71
1633.74	361.579
1634.04	357.453
1634.34	356.546
1634.64	354.14
1634.95	354.102
1635.25	357.537
1635.55	350.627
1635.85	346.734
1636.16	360.291
1636.46	347.961
1636.76	351.303
1637.06	350.011
1637.36	356.338
1637.67	352.525
1637.97	358.402
1638.27	351.287
1638.57	351.409
1638.88	354.645
1639.18	358.558
1639.48	354.01
1639.78	350.114
1640.08	354.162
1640.39	351.666
1640.69	355.567
1640.99	350.145
1641.29	352.821
1641.59	356.899
1641.9	352.031
1642.2	357.509
1642.5	359.655
1642.8	354.139
1643.1	358.515
1643.4	355.568
1643.71	351.167
1644.01	352.654
1644.31	357.174
1644.61	354.611
1644.91	355.897
1645.21	358.216
1645.52	351.176
1645.82	352.561
1646.12	353.884
1646.42	350.04
1646.72	355.164
1647.03	355.861
1647.33	348.954
1647.63	353.438
1647.93	358.938
1648.23	351.756
1648.53	354.276
1648.83	348.105
1649.14	354.544
1649.44	356.491
1649.74	348.871
1650.04	350.377
1650.34	350.679
1650.64	353.38
1650.95	355.551
1651.25	349.498
1651.55	358.215
1651.85	360.102
1652.15	361.539
1652.45	358.411
1652.75	358.055
1653.05	357.2
1653.36	356.478
1653.66	354.856
1653.96	358.299
1654.26	355.052
1654.56	353.09
1654.86	353.288
1655.16	350.38
1655.46	351.129
1655.77	351.149
1656.07	354.252
1656.37	360.61
1656.67	360.765
1656.97	353.25
1657.27	354.356
1657.57	354.417
1657.87	354.373
1658.17	358.988
1658.47	356.344
1658.77	355.897
1659.08	354.631
1659.38	357.001
1659.68	356.424
1659.98	353.346
1660.28	351.161
1660.58	355
1660.88	356.513
1661.18	352.672
1661.48	350.318
1661.78	357.602
1662.08	353.847
1662.39	354.716
1662.69	355.202
1662.99	350.157
1663.29	354.617
1663.59	351.426
1663.89	353.701
1664.19	355.127
1664.49	350.32
1664.79	352.568
1665.09	355.259
1665.39	355.417
1665.69	351.741
1665.99	353.934
1666.29	353.217
1666.59	356.257
1666.89	358.789
1667.2	352.825
1667.49	355.674
1667.79	355.021
1668.1	360.939
1668.4	356.731
1668.7	346.252
1669	349.916
1669.3	352.438
1669.6	354.73
1669.9	359.027
1670.2	355.723
1670.5	350.664
1670.8	353.102
1671.1	354.951
1671.4	357.703
1671.7	353.53
1672	355.073
1672.3	352.676
1672.6	357.44
1672.9	354.632
1673.2	350.633
1673.5	357.514
1673.8	360.194
1674.1	360.801
1674.4	350.04
1674.7	353.226
1675	355.703
1675.3	357.012
1675.6	354.891
1675.9	353.657
1676.2	357.961
1676.5	362.092
1676.8	355.713
1677.1	364.113
1677.4	360.409
1677.7	355.266
1678	353.225
1678.3	357.944
1678.6	349.723
1678.9	356.518
1679.2	358.066
1679.5	359.719
1679.8	353.089
1680.1	354.231
1680.4	352.656
1680.7	353.223
1681	360.305
1681.3	349.447
1681.59	350.943
1681.89	353.959
1682.19	352.114
1682.49	356.063
1682.79	355.19
1683.09	356.996
1683.39	359.798
1683.69	354.728
1683.99	353.385
1684.29	358.754
1684.59	357.94
1684.89	353.142
1685.19	352.32
1685.49	354.137
1685.79	359.909
1686.09	360.221
1686.39	359.653
1686.69	356.504
1686.98	355.003
1687.28	355.667
1687.58	361.969
1687.88	355.468
1688.18	355.206
1688.48	353.772
1688.78	354.663
1689.08	351.279
1689.38	353.028
1689.68	357.593
1689.98	355.879
1690.28	359.765
1690.57	359.496
1690.87	357.495
1691.17	358.999
1691.47	352.875
1691.77	356.869
1692.07	357.606
1692.37	349.706
1692.67	354.517
1692.97	356.084
1693.26	357.72
1693.56	364.044
1693.86	352.192
1694.16	356.933
1694.46	350.848
1694.76	360.102
1695.06	360.468
1695.36	354.415
1695.65	354.907
1695.95	355.16
1696.25	353.532
1696.55	355.144
1696.85	353.994
1697.15	359.619
1697.45	360.901
1697.75	356.223
1698.04	359.868
1698.34	358.525
1698.64	365.327
1698.94	360.55
1699.24	354.675
1699.54	360.033
1699.84	354.549
1700	352.214
1700.3	357.682
1700.6	352.28
1700.9	359.586
1701.2	352.504
1701.5	356.544
1701.8	354.53
1702.1	355.014
1702.4	352.954
1702.7	360.189
1703	359.227
1703.3	354.502
1703.6	355.773
1703.91	360.02
1704.21	357.412
1704.51	355.086
1704.81	361.225
1705.11	356.328
1705.41	355.944
1705.71	358.133
1706.01	360.426
1706.31	354.112
1706.61	354.862
1706.91	353.129
1707.21	354.008
1707.51	350.294
1707.81	359.07
1708.11	353.85
1708.41	356.467
1708.71	349.363
1709.01	355.168
1709.31	357.132
1709.61	353.877
1709.91	364.182
1710.21	363.34
1710.51	358.71
1710.81	351.377
1711.11	363.48
1711.41	359.128
1711.71	361.335
1712.01	362.892
1712.31	357.766
1712.61	357.331
1712.91	360.79
1713.21	356.458
1713.51	354.273
1713.81	364.668
1714.11	359.552
1714.41	357.873
1714.71	360.458
1715.01	365.947
1715.31	355.419
1715.61	357.975
1715.91	352.202
1716.21	357.506
1716.51	353.925
1716.81	360.805
1717.11	359.615
1717.41	354.64
1717.71	356.188
1718.01	355.488
1718.31	356.375
1718.61	364.364
1718.91	358.577
1719.2	351.96
1719.5	358.975
1719.8	361.436
1720.1	360.92
1720.4	355.1
1720.7	354.079
1721	356.264
1721.3	358.785
1721.6	355.947
1721.9	361.971
1722.2	355.592
1722.5	354.264
1722.8	358.442
1723.1	354.555
1723.4	355.644
1723.7	357.396
1723.99	357.908
1724.29	361.833
1724.59	355.082
1724.89	352.777
1725.19	356.291
1725.49	354.736
1725.79	353.659
1726.09	354.929
1726.39	356.65
1726.69	353.805
1726.99	360.222
1727.29	351.752
1727.58	356.392
1727.88	362.39
1728.18	361.027
1728.48	360.533
1728.78	357.144
1729.08	357.884
1729.38	358.738
1729.68	359.948
1729.98	355.881
1730.28	357.693
1730.58	357.269
1730.87	359.009
1731.17	356.889
1731.47	350.657
1731.77	353.581
1732.07	356.657
1732.37	356.13
1732.67	359.534
1732.97	358.548
1733.26	358.811
1733.56	350.368
1733.86	359.433
1734.16	357.723
1734.46	356.076
1734.76	354.41
1735.06	354.76
1735.35	355.771
1735.65	358.822
1735.95	363.484
1736.25	355.604
1736.55	358.14
1736.85	357.625
1737.15	355.119
1737.44	359.707
1737.74	360.527
1738.04	356.433
1738.34	358.357
1738.64	360.922
1738.94	361.577
1739.24	352.389
1739.53	354.57
1739.83	354.743
1740.13	352.548
1740.43	359.09
1740.73	357.099
1741.03	357.609
1741.32	356.414
1741.62	356.232
1741.92	355.052
1742.22	356.755
1742.52	359.629
1742.81	357.529
1743.11	359.752
1743.41	354.334
1743.71	365.712
1744.01	357.684
1744.31	353.607
1744.6	350.463
1744.9	357.243
1745.2	362.121
1745.5	357.983
1745.79	359.859
1746.09	363.103
1746.39	358.804
1746.69	351.676
1746.99	356.022
1747.28	353.619
1747.58	361.099
1747.88	355.238
1748.18	353.717
1748.48	355.697
1748.77	359.213
1749.07	357.692
1749.37	357.091
1749.67	354.508
1749.96	350.84
1750.26	356.551
1750.56	359.717
1750.86	351.478
1751.16	351.272
1751.45	350.384
1751.75	357.988
1752.05	357.715
1752.35	357.151
1752.64	359.832
1752.94	360.278
1753.24	355.306
1753.54	359.193
1753.83	357.391
1754.13	358.969
1754.43	360.484
1754.73	357.969
1755.02	362.759
1755.32	353.887
1755.62	353.451
1755.92	355.638
1756.21	354.333
1756.51	360.263
1756.81	355.752
1757.11	352.054
1757.4	356.359
1757.7	350.658
1758	353.4
1758.3	360.838
1758.59	352.771
1758.89	353.276
1759.19	356.39
1759.48	360.401
1759.78	361.142
1760.08	357.873
1760.38	357.55
1760.67	349.978
1760.97	350.577
1761.27	353.561
1761.56	354.426
1761.86	356.653
1762.16	351.215
1762.45	355.051
1762.75	353.692
1763.05	355.027
1763.35	350.09
1763.64	356.777
1763.94	350.556
1764.24	356.312
1764.53	353.799
1764.83	354.454
1765.13	356.258
1765.42	356.267
1765.72	352.226
1766.02	358.736
1766.32	354.991
1766.61	355.159
1766.91	355.855
1767.21	359.325
1767.5	358.089
1767.8	359.252
1768.09	355.966
1768.39	355.668
1768.69	363.749
1768.99	362.405
1769.28	355.304
1769.58	355.901
1769.88	354.93
1770.17	358.972
1770.47	359.766
1770.76	357.623
1771.06	359.471
1771.36	362.31
1771.65	363.245
1771.95	358.157
1772.25	355.649
1772.54	358.213
1772.84	351.309
1773.14	356.843
1773.43	357.932
1773.73	353.284
1774.03	353.879
1774.32	349.718
1774.62	351.588
1774.91	357.367
1775.21	360.018
1775.51	356.6
1775.8	351.44
1776.1	357.996
1776.4	356.04
1776.69	357.588
1776.99	352.952
1777.28	360.194
1777.58	359.015
1777.88	358.115
1778.17	358.738
1778.47	356.475
1778.76	359.29
1779.06	357.127
1779.36	358.784
1779.65	354.253
1779.95	347.31
1780.24	352.721
1780.54	356.902
1780.84	356.218
1781.13	353.965
1781.43	353.309
1781.72	357.437
1782.02	357.047
1782.32	359.298
1782.61	361.606
1782.91	356.368
1783.2	357.9
1783.5	352.199
1783.79	352.742
1784.09	355.062
1784.39	360.085
1784.68	362.453
1784.98	360.617
1785.27	355.651
1785.57	360.391
1785.87	358.061
1786.16	358.246
1786.46	361.007
1786.75	361.039
1787.05	354.9
1787.34	356.501
1787.64	355.261
1787.93	351.539
1788.23	357.677
1788.52	351.49
1788.82	355.602
1789.12	358.091
1789.41	358.764
1789.71	359.629
1790	360.441
1790.3	355.688
1790.59	362.047
1790.89	358.542
1791.18	358.207
1791.48	357.876
1791.77	368.964
1792.07	359.028
1792.36	355.504
1792.66	351.118
1792.96	352.797
1793.25	356.489
1793.55	358.434
1793.84	357.185
1794.14	360.142
1794.43	359.501
1794.73	354.56
1795.02	361.134
1795.32	364.041
1795.61	356.408
1795.91	353.885
1796.2	359.901
1796.5	358.999
1796.79	363.755
1797.09	359.508
1797.38	358.206
1797.68	365.344
1797.97	353.813
1798.27	353.579
1798.56	355.539
1798.86	357.619
1799.15	358.104
1799.45	359.158
1799.74	352.047
1800.04	358.328
1800.33	359.781
1800.63	353.395
1800.92	357.986
1801.21	351.779
1801.51	354.66
1801.8	356.851
1802.1	356.442
1802.39	360.229
1802.69	367.665
1802.98	357.406
1803.28	357.822
1803.57	361.29
1803.87	355.366
1804.16	358.009
1804.46	358.486
1804.75	359.032
1805.04	359.05
1805.34	354.753
1805.63	354.869
1805.93	360.331
1806.22	358.432
1806.52	356.867
1806.81	357.951
1807.11	358.078
1807.4	355.096
1807.69	360.792
1807.99	360.639
1808.28	356.156
1808.58	363.88
1808.87	361.155
1809.17	361.006
1809.46	355.916
1809.76	355.934
1810.05	359.397
1810.34	357.149
1810.64	356.034
1810.93	358.942
1811.23	358.808
1811.52	358.98
1811.81	360.077
1812.11	357.827
1812.4	359.528
1812.7	358.593
1812.99	360.666
1813.28	360.356
1813.58	365.031
1813.87	365.083
1814.17	369.078
1814.46	361.369
1814.76	365.527
1815.05	360.396
1815.34	360.678
1815.64	361.14
1815.93	362.047
1816.22	354.759
1816.52	354.221
1816.81	351.379
1817.1	356.619
1817.4	356.899
1817.69	360.467
1817.99	358.971
1818.28	359.742
1818.57	359.345
1818.87	355.714
1819.16	359.589
1819.46	361.453
1819.75	359.413
1820.04	360.696
1820.34	365.336
1820.63	362.421
1820.92	360.325
1821.22	356.66
1821.51	359.489
1821.8	358.132
1822.1	362.801
1822.39	364.351
1822.69	359.743
1822.98	357.231
1823.27	361.253
1823.57	360.586
1823.86	361.87
1824.15	359.713
1824.45	361.985
1824.74	367.267
1825.03	365.26
1825.33	357.662
1825.62	352.676
1825.91	356.257
1826.2	357.799
1826.5	361.452
1826.79	360.488
1827.08	353.13
1827.38	357.161
1827.67	360.192
1827.96	361.54
1828.26	357.038
1828.55	359.53
1828.84	360.655
1829.14	365.121
1829.43	359.138
1829.72	362.291
1830.02	362.744
1830.31	362.596
1830.6	359.023
1830.89	354.791
1831.19	363.704
1831.48	367.712
1831.77	359.833
1832.07	355.425
1832.36	361.695
1832.65	364.544
1832.95	361.622
1833.24	364.825
1833.53	360.867
1833.82	360.622
1834.12	364.151
1834.41	365.336
1834.7	354.053
1835	360.781
1835.29	361.076
1835.58	350.196
1835.87	353.997
1836.17	359.396
1836.46	357.22
1836.75	359.515
1837.05	366.539
1837.34	369.107
1837.63	357.379
1837.92	364.98
1838.22	364.121
1838.51	358.841
1838.8	360.979
1839.09	361.876
1839.38	364.585
1839.68	370.545
1839.97	362.191
1840.26	353.463
1840.55	357.19
1840.85	364.666
1841.14	358.511
1841.43	368.066
1841.72	362.668
1842.02	358.077
1842.31	358.768
1842.6	363.225
1842.89	360.575
1843.19	358.37
1843.48	360.717
1843.77	363.072
1844.06	361.891
1844.36	355.871
1844.65	359.924
1844.94	358.496
1845.23	362.744
1845.52	361.786
1845.82	360.897
1846.11	362.706
1846.4	363.405
1846.69	357.208
1846.98	360.419
1847.28	362.41
1847.57	361.957
1847.86	369.129
1848.15	362.114
1848.44	359.494
1848.74	356.514
1849.03	358.215
1849.32	357.17
1849.61	360.707
1849.9	360.84
1850.19	357.643
1850.49	356.95
1850.78	358.137
1851.07	357.294
1851.36	355.823
1851.65	356.337
1851.95	361.509
1852.24	355.962
1852.53	357.92
1852.82	359.168
1853.11	357.535
1853.4	356.996
1853.7	358.986
1853.99	365.025
1854.28	355.387
1854.57	358.505
1854.86	363.187
1855.16	359.422
1855.45	358.657
1855.74	363.233
1856.03	358.606
1856.32	358.417
1856.61	366.373
1856.9	362.578
1857.19	357.039
1857.49	362.286
1857.78	363.858
1858.07	363.37
1858.36	362.845
1858.65	359.904
1858.79	361.059
1859.09	358.863
1859.38	362.053
1859.67	364.528
1859.97	358.513
1860.26	363.336
1860.55	361.855
1860.85	361.541
1861.14	362.806
1861.43	364.963
1861.73	351.334
1862.02	355.26
1862.31	354.703
1862.61	352.968
1862.9	360.88
1863.19	364.931
1863.49	354.279
1863.78	353.48
1864.07	358.269
1864.37	361.065
1864.66	355.12
1864.95	361.275
1865.24	358.671
1865.54	353.749
1865.83	359.044
1866.12	366.488
1866.42	365.391
1866.71	359.446
1867	356.749
1867.3	359.046
1867.59	354.666
1867.88	362.55
1868.18	361.582
1868.47	354.549
1868.76	357.654
1869.05	358.14
1869.35	360.496
1869.64	356.862
1869.93	359.209
1870.23	360.579
1870.52	358.558
1870.81	361.264
1871.1	358.567
1871.4	352.757
1871.69	357.391
1871.98	361.189
1872.27	365.539
1872.57	363.061
1872.86	351.962
1873.15	364.246
1873.45	363.917
1873.74	356.829
1874.03	352.528
1874.32	356.742
1874.62	364.233
1874.91	359.187
1875.2	356.915
1875.49	358.93
1875.79	359.75
1876.08	359.633
1876.37	359.981
1876.66	358.398
1876.96	357.055
1877.25	360.4
1877.54	360.6
1877.83	358.328
1878.12	359.85
1878.42	361.193
1878.71	356.127
1879	362.439
1879.29	356.911
1879.59	352.815
1879.88	357.617
1880.17	357.14
1880.46	365.96
1880.75	352.438
1881.05	355.341
1881.34	359.704
1881.63	360.865
1881.92	359.154
1882.21	356.492
1882.51	358.276
1882.8	361.758
1883.09	353.018
1883.38	359.276
1883.67	357.076
1883.97	353.745
1884.26	361.208
1884.55	364.409
1884.84	351.348
1885.13	357.751
1885.43	364.051
1885.72	357.798
1886.01	354.43
1886.3	355.808
1886.59	359.227
1886.89	357.756
1887.18	355.887
1887.47	357.786
1887.76	365.031
1888.05	365.543
1888.35	360.807
1888.64	357.939
1888.93	357.622
1889.22	363.859
1889.51	358.728
1889.8	358.088
1890.1	361.981
1890.39	366.75
1890.68	358.364
1890.97	363.492
1891.26	358.173
1891.55	353.84
1891.84	359.9
1892.14	360.597
1892.43	362.906
1892.72	358.225
1893.01	353.251
1893.3	360.745
1893.59	354.07
1893.88	356.335
1894.18	358.938
1894.47	356.674
1894.76	355.904
1895.05	360.061
1895.34	357.644
1895.63	352.503
1895.92	360.444
1896.22	362.358
1896.51	358.193
1896.8	363.134
1897.09	362.547
1897.38	362.472
1897.67	359.799
1897.96	361.755
1898.25	362.557
1898.55	350.959
1898.84	356.132
1899.13	355.311
1899.42	359.527
1899.71	361.404
1900	361.665
1900.29	361.62
1900.58	363.004
1900.87	361.967
1901.16	357.46
1901.46	361.252
1901.75	363.946
1902.04	361.617
1902.33	356.631
1902.62	357.249
1902.91	355.241
1903.2	354.475
1903.49	358.153
1903.78	358.048
1904.07	355.158
1904.36	351.612
1904.65	354.77
1904.95	359.857
1905.24	359.233
1905.53	359.784
1905.82	355.689
1906.11	355.389
1906.4	358.644
1906.69	359.832
1906.98	357.852
1907.27	358.054
1907.56	356.464
1907.85	359.566
1908.14	365.559
1908.43	361.167
1908.72	354.215
1909.01	358.082
1909.3	359.968
1909.6	360.936
1909.89	358.104
1910.18	367.472
1910.47	359.488
1910.76	362.36
1911.05	357.229
1911.34	362.373
1911.63	362.283
1911.92	357.206
1912.21	361.189
1912.5	361.388
1912.79	365.693
1913.08	359.783
1913.37	358.768
1913.66	358.246
1913.95	364.465
1914.24	366.499
1914.53	359.052
1914.82	354.299
1915.11	359.652
1915.4	369.229
1915.69	360.293
1915.98	356.192
1916.27	362.028
1916.56	361.078
1916.85	361.773
1917.14	362.85
1917.43	359.055
1917.72	357.537
1918.01	361.919
1918.3	360.265
1918.59	354.44
1918.88	358.547
1919.17	363.943
1919.46	361.425
1919.75	356.868
1920.04	363.061
1920.33	362.159
1920.62	361.749
1920.91	360.038
1921.2	357.668
1921.49	362.793
1921.78	365.211
1922.07	358.864
1922.36	357.607
1922.65	361.07
1922.94	361.05
1923.23	359.67
1923.52	358.611
1923.81	361.63
1924.1	356.776
1924.39	359.056
1924.68	355.25
1924.97	361.454
1925.26	356.257
1925.55	359.503
1925.84	366.122
1926.13	359.379
1926.42	365.367
1926.71	358.377
1927	358.395
1927.29	356.489
1927.57	363.908
1927.86	362.195
1928.15	362.528
1928.44	356.855
1928.73	355.813
1929.02	361.017
1929.31	367.932
1929.6	359.922
1929.89	360.039
1930.18	358.528
1930.47	364.931
1930.76	367.716
1931.05	363.343
1931.34	364.273
1931.62	360.541
1931.91	359.753
1932.2	364.756
1932.49	365.448
1932.78	364.727
1933.07	366.447
1933.36	358.342
1933.65	361.864
1933.94	366.853
1934.23	363.703
1934.52	360.393
1934.81	357.71
1935.09	358.793
1935.38	357.985
1935.67	355.832
1935.96	357.321
1936.25	354.067
1936.54	357.171
1936.83	363.187
1937.12	365.832
1937.41	359.381
1937.69	361.251
1937.98	364.24
1938.27	362.433
1938.56	362.061
1938.85	360.873
1939.14	357.984
1939.43	356.541
1939.72	357.901
1940	361.959
1940.29	361.607
1940.58	363.006
1940.87	361.128
1941.16	362.501
1941.45	356.291
1941.74	357.762
1942.02	359.372
1942.31	364.459
1942.6	361.02
1942.89	357.76
1943.18	367.055
1943.47	364.12
1943.76	362.354
1944.04	360.974
1944.33	360.297
1944.62	360.558
1944.91	363.405
1945.2	362.045
1945.49	360.516
1945.77	357.239
1946.06	358.121
1946.35	364.458
1946.64	360.3
1946.93	363.423
1947.22	361.108
1947.51	356.393
1947.79	363.617
1948.08	365.236
1948.37	363.124
1948.66	362.745
1948.95	358.15
1949.23	359.844
1949.52	362.816
1949.81	361.892
1950.1	364.437
1950.39	357.986
1950.68	366.658
1950.96	362.444
1951.25	365.525
1951.54	364.62
1951.83	364.214
1952.12	359.273
1952.4	362.325
1952.69	358.322
1952.98	361.871
1953.27	367.227
1953.56	360.436
1953.84	362.165
1954.13	361.451
1954.42	359.847
1954.71	364.68
1954.99	364.733
1955.28	355.349
1955.57	357.886
1955.86	360.666
1956.15	362.231
1956.43	366.739
1956.72	363.928
1957.01	359.314
1957.3	361.031
1957.59	358.381
1957.87	360.603
1958.16	359.819
1958.45	364.844
1958.74	364.677
1959.02	363.14
1959.31	361.73
1959.6	359.596
1959.89	358.977
1960.17	367.362
1960.46	364.615
1960.75	358.657
1961.04	362.128
1961.32	359.582
1961.61	359.378
1961.9	361.736
1962.19	368.66
1962.47	363.099
1962.76	363.021
1963.05	359.992
1963.34	359.043
1963.62	361.548
1963.91	361.3
1964.2	357.784
1964.48	357.24
1964.77	365.843
1965.06	361.828
1965.35	359.437
1965.63	362.804
1965.92	361.849
1966.21	359.669
1966.5	361.724
1966.78	359.857
1967.07	365.935
1967.36	362.81
1967.64	358.616
1967.93	362.614
1968.22	362.151
1968.5	358.813
1968.79	361.359
1969.08	362.983
1969.37	361.695
1969.65	361.272
1969.94	361.257
1970.23	369.291
1970.51	363.756
1970.8	364.866
1971.09	361.51
1971.37	356.836
1971.66	361.926
1971.95	359.152
1972.24	361.287
1972.52	362.096
1972.81	360.325
1973.1	361.409
1973.38	359.935
1973.67	365.324
1973.96	359.775
1974.24	361.113
1974.53	362.666
1974.82	358.894
1975.1	364.683
1975.39	360.433
1975.68	358.999
1975.96	363.674
1976.25	367.113
1976.54	355.555
1976.82	360.251
1977.11	363.548
1977.4	365.839
1977.68	360.721
1977.97	362.035
1978.26	362.403
1978.54	355.037
1978.83	358.95
1979.11	362.244
1979.4	363.505
1979.69	364.353
1979.97	364.708
1980.26	364.042
1980.55	361.482
1980.83	363.297
1981.12	363.095
1981.4	361.755
1981.69	367.478
1981.98	369.703
1982.26	363.216
1982.55	362.187
1982.84	361.637
1983.12	360.736
1983.41	363.696
1983.69	364.482
1983.98	366.127
1984.27	355.683
1984.55	365.111
1984.84	363.203
1985.13	363.927
1985.41	365.571
1985.7	365.155
1985.98	363.126
1986.27	359.74
1986.56	360.384
1986.84	362.748
1987.13	359.414
1987.41	361.503
1987.7	362.248
1987.99	361.815
1988.27	363.813
1988.56	361.807
1988.84	359.48
1989.13	362.468
1989.41	368.154
1989.7	361.958
1989.99	359.526
1990.27	362.818
1990.56	365.547
1990.84	359.036
1991.13	357.646
1991.42	361.092
1991.7	364.153
1991.99	358.727
1992.27	361.137
1992.56	362.086
1992.84	365.821
1993.13	360.105
1993.42	359.759
1993.7	363.638
1993.99	361.584
1994.27	364.276
1994.56	360.267
1994.84	365.369
1995.13	360.72
1995.41	366.079
1995.7	360.931
1995.98	359.968
1996.27	358.56
1996.56	362.839
1996.84	354.28
1997.13	361.12
1997.41	361.437
1997.7	360.421
1997.98	361.763
1998.27	355.786
1998.55	355.793
1998.84	358.922
1999.12	361.66
1999.41	357.9
1999.69	363.596
1999.98	351.588
1999.99	342
