1200.11	597.234
1200.43	617.653
1200.76	616.797
1201.08	609.965
1201.4	609.667
1201.73	612.698
1202.05	619.488
1202.37	634.181
1202.7	615.473
1203.02	612.477
1203.34	625.083
1203.67	628.019
1203.99	618.883
1204.32	625.704
1204.64	623.12
1204.96	618.13
1205.29	619.739
1205.61	619.022
1205.93	624.397
1206.26	621.241
1206.58	632.601
1206.9	626.636
1207.23	616.861
1207.55	628.542
1207.87	625.05
1208.2	614.289
1208.52	626.282
1208.84	620.092
1209.16	632.724
1209.49	628.92
1209.81	638.184
1210.13	626.059
1210.46	630.466
1210.78	627.376
1211.1	631.973
1211.42	630.695
1211.75	625.549
1212.07	622.682
1212.39	632.975
1212.72	636.454
1213.04	625.572
1213.36	637.084
1213.69	638.004
1214.01	644.222
1214.33	645.155
1214.65	637.476
1214.98	637.045
1215.3	629.132
1215.62	640.385
1215.95	632.963
1216.27	635.804
1216.59	639.919
1216.91	636.913
1217.24	638.526
1217.56	640.998
1217.88	629.021
1218.2	624.807
1218.53	649.785
1218.85	636.809
1219.17	630.436
1219.5	625.742
1219.82	636.867
1220.14	646.69
1220.46	635.778
1220.78	633.915
1221.11	642.093
1221.43	644.721
1221.75	640.881
1222.07	639.414
1222.4	648.871
1222.72	650.249
1223.04	645.186
1223.36	638.218
1223.69	630.175
1224.01	644.375
1224.33	639.472
1224.65	647.578
1224.97	641.499
1225.3	634.444
1225.62	654.747
1225.94	643.452
1226.26	649.549
1226.58	639.43
1226.91	652.031
1227.23	653.492
1227.55	657.118
1227.87	657.299
1228.2	650.659
1228.52	651.345
1228.84	663.067
1229.16	654.115
1229.48	640.718
1229.81	653.819
1230.13	643.012
1230.45	642.466
1230.77	635.721
1231.09	652.66
1231.41	649.922
1231.74	648.366
1232.06	648.03
1232.38	654.203
1232.7	666.226
1233.02	655.691
1233.35	650.451
1233.67	648.9
1233.99	655.892
1234.31	657.647
1234.63	655.422
1234.95	656.387
1235.28	661.11
1235.6	662.284
1235.92	639.079
1236.24	651.107
1236.56	645.907
1236.88	647.114
1237.2	652.502
1237.53	645.382
1237.85	643.682
1238.17	651.339
1238.49	650.072
1238.81	651.271
1239.13	666.345
1239.46	658.496
1239.78	661.925
1240.1	657.039
1240.42	655.684
1240.74	657.333
1241.06	643.95
1241.38	663.876
1241.7	661.919
1242.03	659.017
1242.35	659.539
1242.67	658.071
1242.99	657.678
1243.31	661.725
1243.63	658.639
1243.95	659.012
1244.27	660.464
1244.59	647.075
1244.92	664.858
1245.24	656.647
1245.56	656.655
1245.88	658.354
1246.2	661.935
1246.52	651.865
1246.84	656.874
1247.16	659.087
1247.48	655.378
1247.8	661.204
1248.12	663.101
1248.45	659.278
1248.77	668.717
1249.09	658.44
1249.41	658.504
1249.73	656.766
1250.05	652.081
1250.37	662.096
1250.69	667.531
1251.01	668.601
1251.33	644.954
1251.65	670.211
1251.97	671.466
1252.29	664.034
1252.61	646.88
1252.93	673.299
1253.26	671.767
1253.57	664.335
1253.9	655.628
1254.22	658.124
1254.54	663.707
1254.86	667.202
1255.18	668.12
1255.5	672.123
1255.82	662.078
1256.14	664.126
1256.46	659.33
1256.78	647.203
1257.1	662.924
1257.42	670.483
1257.74	658.881
1258.06	657.937
1258.38	661.384
1258.7	657.372
1259.02	657.184
1259.34	659.249
1259.66	649.155
1259.98	670.051
1260.3	672.134
1260.62	678.017
1260.94	667.517
1261.26	660.457
1261.58	664.097
1261.9	667.202
1262.22	669.884
1262.54	663.44
1262.86	675.659
1263.18	683.925
1263.5	662.719
1263.82	675.733
1264.14	676.211
1264.46	686.081
1264.78	680.476
1265.1	664.491
1265.42	663.955
1265.74	669.575
1266.06	676.696
1266.38	659.151
1266.7	660.316
1267.02	677.762
1267.34	673.92
1267.66	678.921
1267.98	674.436
1268.3	676.689
1268.62	674.844
1268.94	675.734
1269.26	668.004
1269.58	681.234
1269.9	681.966
1270.22	666.911
1270.54	660.953
1270.85	677.881
1271.17	678.197
1271.49	683.992
1271.81	680.196
1272.13	672.42
1272.45	676.416
1272.77	676.171
1273.09	661.293
1273.41	672.214
1273.73	689.922
1274.05	684.93
1274.37	670.728
1274.69	676.651
1275.01	675.012
1275.33	687.461
1275.64	677.421
1275.96	680.171
1276.28	684.495
1276.6	679.565
1276.92	689.12
1277.24	669.912
1277.56	678.711
1277.88	687.156
1278.2	669.21
1278.52	672.014
1278.84	689.731
1279.15	690.674
1279.47	681.984
1279.79	676.668
1280.11	684.062
1280.43	681.333
1280.75	695.555
1281.07	698.357
1281.39	683.612
1281.71	684.682
1282.03	684.106
1282.34	697.697
1282.66	688.475
1282.98	684.97
1283.3	680.129
1283.62	693.872
1283.94	680.437
1284.26	690.505
1284.57	701.208
1284.89	684.889
1285.21	690.946
1285.53	700.629
1285.85	683.287
1286.17	690.437
1286.49	701.705
1286.81	706.698
1287.12	698.004
1287.44	695.608
1287.76	694.538
1288.08	691.388
1288.4	706.316
1288.72	700.155
1289.03	704.164
1289.35	716.533
1289.67	709.346
1289.99	706.676
1290.31	699.214
1290.63	710.533
1290.94	716.074
1291.26	693.417
1291.58	701.688
1291.9	712.043
1292.22	716.699
1292.54	720.133
1292.85	705.473
1293.17	703.501
1293.49	704.263
1293.81	714.78
1294.13	724.583
1294.44	721.352
1294.76	713.408
1295.08	716.236
1295.4	713.752
1295.72	712.036
1296.03	713.475
1296.35	724.002
1296.67	724.321
1296.99	707.663
1297.31	702.571
1297.62	714.912
1297.94	724.686
1298.26	715.531
1298.58	728.576
1298.9	724.438
1299.21	722.654
1299.53	731.644
1299.85	736.654
1300.17	726.151
1300.48	716.998
1300.8	731
1301.12	743.568
1301.44	736.688
1301.76	728.418
1302.07	731.78
1302.39	729.36
1302.71	728.044
1303.03	728.76
1303.34	742.753
1303.66	742.915
1303.98	747.614
1304.3	749.336
1304.61	749.321
1304.93	740.526
1305.25	743.944
1305.57	739.386
1305.88	726.713
1306.2	740.805
1306.52	755.055
1306.84	752.399
1307.15	752.661
1307.47	748.076
1307.79	756.141
1308.1	771.523
1308.42	764.436
1308.74	754.266
1309.06	757.106
1309.37	758.294
1309.69	771.204
1310.01	747.689
1310.33	760.446
1310.64	770.305
1310.96	763.332
1311.28	778.703
1311.59	758.242
1311.91	774.177
1312.23	781.079
1312.54	785.636
1312.86	779.491
1313.18	771.194
1313.5	782.498
1313.81	782.016
1314.13	775.338
1314.45	786.475
1314.76	809.727
1315.08	791.906
1315.4	782.71
1315.71	775.337
1316.03	793.623
1316.35	783.416
1316.66	791.955
1316.98	798.335
1317.3	791.068
1317.61	811.184
1317.93	800.236
1318.25	799.332
1318.56	815.179
1318.88	800.537
1319.2	807.549
1319.51	810.462
1319.83	826.341
1320.15	806.945
1320.46	841.342
1320.78	839.51
1321.1	815.584
1321.41	840.803
1321.73	832.626
1322.05	832.137
1322.36	840.408
1322.68	850.331
1323	851.491
1323.31	860.492
1323.63	851.772
1323.94	847.731
1324.26	874.104
1324.58	896.658
1324.89	892.464
1325.21	884.452
1325.53	869.116
1325.84	902.631
1326.16	904.756
1326.47	904.51
1326.79	899.746
1327.11	920.545
1327.42	923.084
1327.74	941.394
1328.06	975.448
1328.37	988.961
1328.69	1003.11
1329	1025.42
1329.32	1052.13
1329.64	1075.38
1329.95	1084.73
1330.27	1127.79
1330.58	1171.26
1330.9	1194.95
1331.22	1265.92
1331.53	1354.6
1331.85	1451.89
1332.16	1564.82
1332.48	1690.16
1332.79	1947.75
1333.11	2230.32
1333.43	2620.73
1333.74	3201.48
1334.06	3938.31
1334.37	4946.41
1334.69	6170.57
1335	7577.81
1335.32	9167.88
1335.63	10573
1335.95	11603.2
1336.27	12148.4
1336.58	11859.6
1336.9	10496.2
1337.21	8533.47
1337.53	6594.95
1337.85	5035.8
1338.16	3862.8
1338.48	3077.88
1338.79	2555.08
1339.11	2183.45
1339.42	1919.92
1339.74	1748
1340.05	1593.24
1340.37	1482.34
1340.68	1381.69
1341	1290.79
1341.31	1234.58
1341.63	1214.19
1341.94	1172.3
1342.26	1143.37
1342.58	1108.56
1342.89	1080.81
1343.21	1073.32
1343.52	1053.32
1343.83	1042.92
1344.15	1030.72
1344.47	1031.87
1344.78	1012.88
1345.1	1022.13
1345.41	1003.6
1345.73	979.932
1346.04	961.585
1346.36	972.501
1346.67	955.124
1346.99	950.407
1347.3	952.23
1347.62	966.554
1347.93	975.863
1348.25	953.046
1348.56	937.64
1348.88	947.365
1349.19	957.304
1349.5	957.533
1349.82	948.692
1350.13	954.85
1350.45	952.295
1350.76	976.164
1351.08	945.847
1351.39	937.895
1351.71	947.776
1352.02	937.578
1352.34	951.639
1352.65	964.722
1352.97	957.853
1353.28	948.739
1353.6	960.831
1353.91	934.709
1354.22	966.554
1354.54	954.472
1354.85	936.217
1355.17	951.576
1355.48	941.908
1355.8	964.297
1356.11	949.669
1356.43	941.768
1356.74	968.06
1357.06	959.468
1357.37	940.539
1357.68	959.329
1358	950.223
1358.31	953.651
1358.63	966.066
1358.94	968.692
1359.26	959.307
1359.57	960.703
1359.88	963.96
1360.2	955.935
1360.51	957.282
1360.83	970.426
1361.14	964.346
1361.45	966.641
1361.77	973.133
1362.08	970.899
1362.4	992.333
1362.71	980.995
1363.02	984.742
1363.34	988.349
1363.65	980.451
1363.97	961.323
1364.28	986.153
1364.59	980.145
1364.91	998.482
1365.22	994.404
1365.54	990.089
1365.85	989.319
1366.16	991.959
1366.48	990.518
1366.79	984.484
1367.11	978.575
1367.42	996.182
1367.73	985.615
1368.05	980.886
1368.36	977.596
1368.67	1007.52
1368.99	1016.62
1369.3	1003.85
1369.61	998.772
1369.93	984.233
1370.24	980.556
1370.55	1012.04
1370.87	1008.45
1371.18	998.7
1371.5	1010.8
1371.81	1016.47
1372.12	1009.63
1372.17	1006.05
1372.48	1008.23
1372.8	1012.27
1373.12	996.538
1373.43	1014.55
1373.75	1037.04
1374.06	1026.72
1374.38	997.805
1374.69	1009.42
1375.01	1022.46
1375.32	1006.37
1375.64	1021.7
1375.96	1028.21
1376.27	1023.56
1376.59	1028.89
1376.9	1032.01
1377.22	1030.8
1377.53	1048.01
1377.85	1061.47
1378.16	1012.79
1378.48	1048.16
1378.79	1039.48
1379.11	1053.35
1379.42	1058.94
1379.74	1050.17
1380.05	1065.61
1380.37	1068.77
1380.69	1052.22
1381	1058.18
1381.32	1053.82
1381.63	1057.79
1381.94	1085.49
1382.26	1058.41
1382.58	1055.96
1382.89	1060.36
1383.21	1067.19
1383.52	1065.59
1383.84	1072.78
1384.15	1078.75
1384.47	1106.14
1384.78	1073.05
1385.1	1067.61
1385.41	1086.42
1385.73	1067.28
1386.04	1071.08
1386.35	1064.62
1386.67	1101.03
1386.99	1093.1
1387.3	1108.58
1387.61	1119.14
1387.93	1093.81
1388.24	1096.25
1388.56	1111.17
1388.87	1102.21
1389.19	1113.92
1389.5	1107
1389.82	1100.13
1390.13	1111.81
1390.45	1097.99
1390.76	1086.71
1391.08	1099.45
1391.39	1106.28
1391.71	1112.81
1392.02	1101.48
1392.33	1139.36
1392.65	1125.3
1392.96	1115.07
1393.28	1120.69
1393.59	1139.38
1393.91	1127.56
1394.22	1162.24
1394.54	1153.8
1394.85	1145.55
1395.16	1138.13
1395.48	1129.32
1395.79	1144.61
1396.11	1161.77
1396.42	1170.76
1396.73	1151.68
1397.05	1153.86
1397.36	1148.13
1397.68	1165.35
1397.99	1144.54
1398.31	1145.38
1398.62	1192.38
1398.94	1156.15
1399.25	1168.42
1399.56	1182.14
1399.88	1188.1
1400.19	1159.57
1400.5	1185.44
1400.82	1172.37
1401.13	1187.59
1401.45	1143.57
1401.76	1156.03
1402.08	1176.45
1402.39	1191.39
1402.7	1187.66
1403.02	1183.52
1403.33	1180.52
1403.65	1195.38
1403.96	1179.34
1404.27	1198.09
1404.59	1213.23
1404.9	1203.48
1405.21	1200.83
1405.53	1195.45
1405.84	1201.44
1406.15	1216.74
1406.47	1230.72
1406.78	1225.68
1407.09	1236.25
1407.41	1204.19
1407.72	1221.56
1408.04	1236.3
1408.35	1223.38
1408.66	1236.64
1408.98	1238.95
1409.29	1207.92
1409.6	1223.15
1409.92	1254.01
1410.23	1255.52
1410.54	1237.5
1410.86	1229.36
1411.17	1246.53
1411.48	1258.59
1411.8	1257.65
1412.11	1265.09
1412.43	1266.81
1412.74	1241.64
1413.05	1259.91
1413.36	1245.51
1413.68	1267.56
1413.99	1257.79
1414.3	1276.3
1414.62	1273.54
1414.93	1259.64
1415.24	1277.02
1415.56	1264.03
1415.87	1267.44
1416.18	1265.73
1416.5	1275.05
1416.81	1279.69
1417.12	1286.34
1417.44	1273.82
1417.75	1274.39
1418.06	1278.13
1418.37	1271.39
1418.69	1292.91
1419	1302.58
1419.31	1290.67
1419.63	1291.98
1419.94	1305.42
1420.25	1287.49
1420.56	1293.97
1420.88	1301.3
1421.19	1317.04
1421.5	1320.3
1421.82	1320.76
1422.13	1297.26
1422.44	1313.1
1422.76	1288.59
1423.07	1291.84
1423.38	1328.6
1423.69	1324.07
1424.01	1331.17
1424.32	1305.31
1424.63	1296.9
1424.94	1298.43
1425.26	1306.88
1425.57	1306.89
1425.88	1306.75
1426.19	1318.63
1426.51	1320.62
1426.82	1332.08
1427.13	1335.55
1427.44	1327.31
1427.76	1329.5
1428.07	1325.54
1428.38	1336.14
1428.69	1314.67
1429.01	1332.82
1429.32	1293.42
1429.63	1343.16
1429.94	1333.06
1430.25	1290.94
1430.57	1336.58
1430.88	1304.8
1431.19	1334.3
1431.5	1352.19
1431.82	1330.26
1432.13	1333.35
1432.44	1327.91
1432.75	1324.36
1433.06	1328.97
1433.38	1340.18
1433.69	1353.15
1434	1360.2
1434.31	1319.02
1434.62	1331.68
1434.94	1318.34
1435.25	1346.26
1435.56	1349.65
1435.87	1327.06
1436.18	1303.15
1436.5	1341.23
1436.81	1341.94
1437.12	1332.29
1437.43	1333
1437.74	1351.73
1438.06	1330.44
1438.37	1349.67
1438.68	1313.8
1438.99	1335.6
1439.3	1338.22
1439.61	1341.71
1439.93	1336.26
1440.24	1336.72
1440.55	1322.68
1440.86	1324.32
1441.17	1344.84
1441.48	1313.87
1441.8	1326.19
1442.11	1315.93
1442.42	1326.04
1442.73	1301.78
1443.04	1326.59
1443.35	1320.63
1443.67	1294.32
1443.98	1308.88
1444.29	1325.54
1444.6	1305.94
1444.91	1305.51
1445.22	1314.16
1445.53	1312.8
1445.85	1319
1446.16	1309.61
1446.47	1297.31
1446.78	1315.46
1447.09	1316.2
1447.4	1329.27
1447.71	1321.46
1448.02	1321.04
1448.33	1297.4
1448.65	1312.05
1448.96	1316.05
1449.27	1306.9
1449.58	1314.73
1449.89	1303.67
1450.2	1315.35
1450.51	1294.03
1450.82	1309.63
1451.14	1310.14
1451.45	1294.5
1451.76	1298.23
1452.07	1302.14
1452.38	1307.27
1452.69	1297.2
1453	1299.78
1453.31	1297.61
1453.62	1285.05
1453.93	1287.84
1454.25	1307.87
1454.56	1292.93
1454.87	1275.38
1455.18	1281.33
1455.49	1291.79
1455.8	1278.3
1456.11	1263.13
1456.42	1263.52
1456.73	1265.74
1457.04	1270.78
1457.35	1279.65
1457.66	1273.2
1457.97	1267.03
1458.28	1271.08
1458.59	1265.93
1458.9	1283.24
1459.22	1277.81
1459.53	1264.26
1459.84	1262.59
1460.15	1264.46
1460.46	1264.28
1460.77	1258.2
1461.08	1258.1
1461.39	1244.87
1461.7	1245.07
1462.01	1250.75
1462.32	1257.23
1462.63	1253.51
1462.94	1240.94
1463.25	1238.08
1463.56	1244.49
1463.87	1243.66
1464.18	1237.55
1464.49	1246.5
1464.8	1249.51
1465.11	1237.7
1465.42	1233.71
1465.73	1229.26
1466.04	1240.96
1466.35	1230.46
1466.66	1232.36
1466.97	1204.83
1467.28	1213.73
1467.59	1222.2
1467.9	1231.51
1468.21	1196.48
1468.52	1194.85
1468.83	1213.79
1469.14	1213.88
1469.45	1207.19
1469.76	1219.05
1470.07	1197.64
1470.38	1196.44
1470.69	1178.38
1471	1213.41
1471.31	1192.93
1471.62	1180.82
1471.93	1194.12
1472.24	1178.67
1472.55	1195.08
1472.86	1173.73
1473.17	1187.72
1473.48	1167.89
1473.79	1178.17
1474.1	1175.15
1474.41	1177.02
1474.72	1158.91
1475.03	1158.52
1475.34	1164.71
1475.65	1170.69
1475.96	1162.85
1476.27	1166.43
1476.58	1151.57
1476.89	1148.81
1477.2	1174.77
1477.51	1162.66
1477.82	1160.69
1478.13	1160.34
1478.44	1159.82
1478.74	1159.73
1479.05	1166
1479.36	1147.5
1479.67	1142.24
1479.98	1138.31
1480.29	1119.71
1480.6	1129.89
1480.91	1123.88
1481.22	1124.21
1481.53	1130.31
1481.84	1124.05
1482.15	1120.89
1482.46	1108.35
1482.77	1101.13
1483.07	1118.41
1483.38	1100.43
1483.69	1152.84
1484	1107.98
1484.31	1093.86
1484.62	1105.29
1484.93	1116.04
1485.24	1104.53
1485.55	1125.43
1485.86	1110.02
1486.17	1081.26
1486.47	1098.81
1486.78	1094.49
1487.09	1110.51
1487.4	1100.28
1487.71	1087.5
1488.02	1071.94
1488.33	1095.05
1488.64	1082.12
1488.94	1089.3
1489.25	1092.25
1489.56	1086.97
1489.87	1079.43
1490.18	1068.23
1490.49	1080.35
1490.8	1070.27
1491.11	1069.82
1491.41	1049.11
1491.72	1074.85
1492.03	1069.03
1492.34	1066.74
1492.65	1046.56
1492.96	1053.22
1493.27	1052.67
1493.57	1064.36
1493.88	1071.91
1494.19	1058.18
1494.5	1056.51
1494.81	1063.51
1495.12	1050.59
1495.43	1047.45
1495.73	1055.81
1496.04	1044.38
1496.35	1049.2
1496.66	1045.17
1496.97	1040.15
1497.28	1048.81
1497.58	1054.86
1497.89	1050.55
1498.2	1049.33
1498.51	1033.97
1498.82	1034.22
1499.13	1046.94
1499.43	1042.74
1499.74	1036.06
1500.05	1047.51
1500.36	1033.21
1500.67	1029
1500.97	1030.61
1501.28	1021.67
1501.59	1026.51
1501.9	1022.39
1502.21	1019.46
1502.51	1020.21
1502.82	1011.51
1503.13	1010.69
1503.44	1010.06
1503.74	1003.89
1504.05	1013.8
1504.36	998.255
1504.67	994.549
1504.98	1014.64
1505.29	1005.88
1505.59	1009.04
1505.9	1020.76
1506.21	1002.08
1506.52	1015.81
1506.82	1004.09
1507.13	991.325
1507.44	991.231
1507.75	986.55
1508.06	986.613
1508.36	979.126
1508.67	988.178
1508.98	1003.63
1509.29	1009.93
1509.59	992.476
1509.9	977.861
1510.21	980.447
1510.52	1001.73
1510.82	978.48
1511.13	998.016
1511.44	988.056
1511.75	990.45
1512.05	992.398
1512.36	1002.96
1512.67	1004.96
1512.98	979.831
1513.28	981.302
1513.59	989.983
1513.9	960.632
1514.2	984.692
1514.51	970.418
1514.82	973.722
1515.13	991.919
1515.43	981.703
1515.74	971.87
1516.05	970.812
1516.35	977.191
1516.66	959.887
1516.97	969.806
1517.28	974.416
1517.58	962.853
1517.89	960.576
1518.2	953.617
1518.51	979.76
1518.81	966.083
1519.12	943.322
1519.43	992.348
1519.73	979.878
1520.04	960.357
1520.35	979.327
1520.65	961.519
1520.96	951.211
1521.27	972.714
1521.57	969.513
1521.88	970.762
1522.19	959.287
1522.5	950.579
1522.8	942.113
1523.11	962.105
1523.41	942.947
1523.72	947.107
1524.03	946.324
1524.34	957.468
1524.64	939.298
1524.95	962.313
1525.26	962.85
1525.56	969.807
1525.87	946.744
1526.17	967.483
1526.48	925.321
1526.79	954.762
1527.1	938.114
1527.4	927.626
1527.71	950.656
1528.02	947.171
1528.32	937.491
1528.63	959.609
1528.93	952.136
1529.24	960.087
1529.55	969.639
1529.85	943.526
1530.16	953.995
1530.47	945.026
1530.77	946.636
1531.08	940.258
1531.38	950.494
1531.69	941.808
1532	931.543
1532.3	938.514
1532.61	936.89
1532.92	939.233
1533.22	933.613
1533.53	954.096
1533.84	941.298
1534.14	946.237
1534.45	939.739
1534.75	917.96
1535.06	934.276
1535.37	940.703
1535.67	951.719
1535.98	955.274
1536.28	946.675
1536.59	948.002
1536.9	941.313
1537.2	933.049
1537.51	946.101
1537.81	946.404
1538.12	945.508
1538.42	944.269
1538.73	942.696
1539.04	942.583
1539.34	946.962
1539.65	954.658
1539.95	933.899
1540.26	954.897
1540.56	935.92
1540.67	928.375
1540.98	942.284
1541.29	953.312
1541.59	945.406
1541.9	939.059
1542.21	953.452
1542.52	929.708
1542.82	928.118
1543.13	916.988
1543.44	934.233
1543.75	925.699
1544.05	956.181
1544.36	932.779
1544.67	944.791
1544.98	926.93
1545.29	949.709
1545.59	959.914
1545.9	930.896
1546.21	960.81
1546.52	950.281
1546.82	950.292
1547.13	960.877
1547.44	934.096
1547.75	930.665
1548.05	952.19
1548.36	920.889
1548.67	955.159
1548.98	944.212
1549.28	936.921
1549.59	934.869
1549.9	947.659
1550.2	963.062
1550.51	934.435
1550.82	951.366
1551.13	947.875
1551.43	951.527
1551.74	928.453
1552.05	928.509
1552.36	918.234
1552.66	946.483
1552.97	957.117
1553.28	939.099
1553.59	955.875
1553.89	956.133
1554.2	955.368
1554.51	943.481
1554.81	944.314
1555.12	956.256
1555.43	942.811
1555.73	953.078
1556.04	938.076
1556.35	944.341
1556.65	970.556
1556.96	951.005
1557.27	939.707
1557.58	945.092
1557.88	936.17
1558.19	924.052
1558.5	953.668
1558.8	946.062
1559.11	927.581
1559.42	941.746
1559.72	938.379
1560.03	949.288
1560.34	953.455
1560.64	943.69
1560.95	937.923
1561.26	940.211
1561.56	940.864
1561.87	946.365
1562.18	973.513
1562.48	969.973
1562.79	972.352
1563.1	983.756
1563.4	946.378
1563.71	940.22
1564.02	961.807
1564.32	952.933
1564.63	970.773
1564.93	982.44
1565.24	961.988
1565.55	957.096
1565.85	955.577
1566.16	954.728
1566.47	956.095
1566.77	964.296
1567.08	969.309
1567.39	958.763
1567.69	952.777
1568	958.3
1568.31	956.031
1568.61	956.709
1568.92	950.021
1569.22	954.519
1569.53	972.981
1569.84	955.564
1570.14	962.826
1570.45	957.506
1570.75	964.723
1571.06	968.373
1571.37	982.559
1571.67	957.603
1571.98	963.724
1572.29	962.302
1572.59	946.209
1572.9	966.29
1573.2	983.477
1573.51	949.894
1573.81	981.302
1574.12	980.432
1574.43	980.541
1574.73	981.502
1575.04	972.037
1575.34	991.521
1575.65	986.2
1575.96	981.463
1576.26	971.684
1576.57	984.405
1576.87	984.89
1577.18	958.948
1577.48	959.061
1577.79	983.33
1578.1	966.626
1578.4	961.624
1578.71	983.325
1579.01	980.034
1579.32	984.502
1579.63	970.598
1579.93	974.077
1580.24	975.558
1580.54	977.123
1580.85	987.785
1581.15	982.556
1581.46	995.702
1581.76	965.157
1582.07	978.609
1582.37	965.179
1582.68	983.578
1582.99	985.937
1583.29	977.118
1583.6	973.606
1583.9	958.714
1584.21	963.553
1584.51	967.09
1584.82	997.738
1585.12	996.462
1585.43	995.862
1585.73	1002.11
1586.04	994.261
1586.34	977.293
1586.65	981.375
1586.95	973.09
1587.26	960.25
1587.56	967.174
1587.87	979.771
1588.17	972.01
1588.48	984.198
1588.78	983.613
1589.09	976.757
1589.39	986.278
1589.7	982.122
1590.01	978.458
1590.31	981.328
1590.61	979.086
1590.92	971.068
1591.22	959.725
1591.53	978.265
1591.83	963.129
1592.14	980.719
1592.44	980.772
1592.75	986.404
1593.05	989.679
1593.36	960.889
1593.66	999.803
1593.97	993.33
1594.27	958.02
1594.58	981.129
1594.88	988.532
1595.19	976.77
1595.49	980.847
1595.8	962.487
1596.1	979.302
1596.41	989.417
1596.71	981.337
1597.01	996.67
1597.32	979.366
1597.62	974.173
1597.93	977.786
1598.23	975.127
1598.54	992.151
1598.84	994.769
1599.15	991.329
1599.45	984.597
1599.75	982.468
1600.06	984.327
1600.36	978.69
1600.67	987.593
1600.97	975.498
1601.28	990.764
1601.58	1004.65
1601.89	983.242
1602.19	984.528
1602.49	988.699
1602.8	999.746
1603.1	990.637
1603.41	993.636
1603.71	1002.08
1604.01	1024.85
1604.32	998.723
1604.62	1002.93
1604.93	1008.45
1605.23	983.231
1605.54	998.351
1605.84	991.957
1606.14	978.404
1606.45	985.359
1606.75	987.627
1607.06	980.757
1607.36	993.567
1607.66	981.246
1607.97	980.127
1608.27	979.281
1608.57	972.714
1608.88	983.487
1609.18	988.137
1609.49	995.553
1609.79	983.536
1610.1	972.742
1610.4	988.946
1610.7	987.01
1611	981.537
1611.31	976.116
1611.61	970.69
1611.92	978.591
1612.22	983.554
1612.53	989.019
1612.83	984.549
1613.13	977.749
1613.43	975.458
1613.74	988.44
1614.04	1004.19
1614.35	999.178
1614.65	993.346
1614.95	986.1
1615.26	971.469
1615.56	989.482
1615.86	988.533
1616.17	986.877
1616.47	1001.28
1616.77	1006.22
1617.08	989.935
1617.38	984.859
1617.68	981.363
1617.99	990.96
1618.29	993.917
1618.59	993.883
1618.9	1002.93
1619.2	990.191
1619.5	980.754
1619.81	968.446
1620.11	966.166
1620.41	968.764
1620.72	984.707
1621.02	992.43
1621.32	982.637
1621.63	990.569
1621.93	984.359
1622.23	981.477
1622.54	983.816
1622.84	991.443
1623.14	980.12
1623.44	984.041
1623.75	987.036
1624.05	994.138
1624.35	991.661
1624.66	968.831
1624.96	964.346
1625.26	973.855
1625.56	984.029
1625.87	997.144
1626.17	985.976
1626.47	969.411
1626.78	1003.2
1627.08	972.904
1627.38	981.484
1627.68	964.332
1627.99	974.293
1628.29	985.175
1628.59	984.286
1628.9	978.99
1629.2	1009.03
1629.5	986.906
1629.8	994.086
1630.11	991.364
1630.41	963.557
1630.71	983.834
1631.01	987.567
1631.32	977.016
1631.62	994.266
1631.92	984.781
1632.22	1001.31
1632.53	993.173
1632.83	974.654
1633.13	988.207
1633.43	972.468
1633.74	969.396
1634.04	957.476
1634.34	983.694
1634.64	975.535
1634.95	1001.67
1635.25	974.921
1635.55	992.889
1635.85	982.147
1636.16	992.007
1636.46	980.098
1636.76	993.185
1637.06	983.373
1637.36	967.658
1637.67	966.283
1637.97	1002.42
1638.27	973.377
1638.57	999.084
1638.88	974.994
1639.18	978.429
1639.48	961.701
1639.78	969.325
1640.08	987.96
1640.39	979.928
1640.69	990.344
1640.99	966.826
1641.29	970.774
1641.59	962.543
1641.9	981.642
1642.2	976.564
1642.5	995.394
1642.8	997.79
1643.1	977.831
1643.4	962.668
1643.71	986.912
1644.01	971.407
1644.31	965.214
1644.61	976.415
1644.91	979.811
1645.21	979.546
1645.52	991.727
1645.82	994.327
1646.12	984.415
1646.42	976.596
1646.72	983.096
1647.03	980.333
1647.33	991.782
1647.63	992.198
1647.93	954.776
1648.23	973.19
1648.53	991.266
1648.83	991.266
1649.14	994.172
1649.44	983.687
1649.74	994.874
1650.04	977.777
1650.34	977.603
1650.64	995.917
1650.95	982.867
1651.25	996.297
1651.55	978.951
1651.85	984.128
1652.15	990.677
1652.45	997.376
1652.75	996.82
1653.05	991.036
1653.36	993.255
1653.66	983.272
1653.96	992.5
1654.26	982.888
1654.56	979.657
1654.86	986.956
1655.16	994.73
1655.46	975.364
1655.77	976.34
1656.07	978.932
1656.37	982.563
1656.67	986.123
1656.97	995.346
1657.27	989.353
1657.57	992.43
1657.87	991.87
1658.17	977.944
1658.47	977.051
1658.77	987.862
1659.08	987.804
1659.38	981.751
1659.68	976.758
1659.98	979.41
1660.28	986.271
1660.58	988.403
1660.88	987.247
1661.18	992.03
1661.48	990.708
1661.78	981.802
1662.08	986.045
1662.39	993.591
1662.69	992.301
1662.99	1000.6
1663.29	992.839
1663.59	988.305
1663.89	1004.06
1664.19	989.213
1664.49	992.66
1664.79	1004.29
1665.09	1007.88
1665.39	1019
1665.69	998.15
1665.99	997.273
1666.29	991.509
1666.59	1002.85
1666.89	1000.75
1667.2	996.216
1667.49	1004.41
1667.79	1005.41
1668.1	998.495
1668.4	1010.89
1668.7	1021.27
1669	1010.27
1669.3	984.281
1669.6	1013.42
1669.9	1013.59
1670.2	1001.47
1670.5	988.081
1670.8	1039.75
1671.1	1003.38
1671.4	1017.89
1671.7	1010.39
1672	1012.31
1672.3	1023.43
1672.6	1013.06
1672.9	1019.43
1673.2	1005.69
1673.5	1019.91
1673.8	999.413
1674.1	1025.89
1674.4	1059.39
1674.7	1032.05
1675	1021.51
1675.3	1014.14
1675.6	1005.08
1675.9	1020.69
1676.2	1008.22
1676.5	1022.57
1676.8	1011.42
1677.1	1025.7
1677.4	1018.28
1677.7	991.554
1678	1029.85
1678.3	1021.44
1678.6	1033
1678.9	998.398
1679.2	1042.56
1679.5	1016.54
1679.8	1023.58
1680.1	1010.42
1680.4	1008.67
1680.7	1037.25
1681	1021.05
1681.3	1015.44
1681.59	1030.81
1681.89	1038.64
1682.19	1052.61
1682.49	1057.4
1682.79	1039.72
1683.09	1040.99
1683.39	1036.8
1683.69	1015.68
1683.99	1018.36
1684.29	1027.2
1684.59	1035.38
1684.89	1032.71
1685.19	1049.1
1685.49	1041.01
1685.79	1031.72
1686.09	1032.96
1686.39	1028.17
1686.69	1038.07
1686.98	1025.58
1687.28	1023.33
1687.58	1023.96
1687.88	1027.94
1688.18	1032.18
1688.48	1045.62
1688.78	1053.91
1689.08	1043.07
1689.38	1038.78
1689.68	1044.48
1689.98	1056.42
1690.28	1054.07
1690.57	1037.64
1690.87	1054.79
1691.17	1048.58
1691.47	1040.11
1691.77	1053.65
1692.07	1060.14
1692.37	1057.18
1692.67	1068.86
1692.97	1057.89
1693.26	1054.28
1693.56	1057.31
1693.86	1046.15
1694.16	1056.96
1694.46	1059.35
1694.76	1048.7
1695.06	1049.95
1695.36	1043.33
1695.65	1054.54
1695.95	1046.98
1696.25	1040.48
1696.55	1060.43
1696.85	1048
1697.15	1040.67
1697.45	1068.81
1697.75	1056.32
1698.04	1054.8
1698.34	1061.26
1698.64	1059.14
1698.94	1040.41
1699.24	1054.14
1699.54	1047.52
1699.84	1024.89
1700	1030.66
1700.3	1066.87
1700.6	1055.01
1700.9	1051.64
1701.2	1052.04
1701.5	1065.88
1701.8	1061.88
1702.1	1051.79
1702.4	1065.56
1702.7	1072.09
1703	1074.65
1703.3	1096.03
1703.6	1075.2
1703.91	1063.17
1704.21	1054.72
1704.51	1072.21
1704.81	1048.43
1705.11	1078.12
1705.41	1067.37
1705.71	1070.65
1706.01	1079.39
1706.31	1057.47
1706.61	1044.31
1706.91	1069.13
1707.21	1091.15
1707.51	1081.64
1707.81	1093.09
1708.11	1063.78
1708.41	1100.26
1708.71	1067.17
1709.01	1067.66
1709.31	1083.93
1709.61	1090.35
1709.91	1062.36
1710.21	1074.8
1710.51	1063.14
1710.81	1085.78
1711.11	1063.85
1711.41	1084.13
1711.71	1073.05
1712.01	1081.93
1712.31	1072.13
1712.61	1076.7
1712.91	1063.97
1713.21	1055.31
1713.51	1096.12
1713.81	1080.05
1714.11	1096.38
1714.41	1064.09
1714.71	1097.88
1715.01	1085.22
1715.31	1109.4
1715.61	1087.46
1715.91	1084.26
1716.21	1091.75
1716.51	1098.15
1716.81	1065.61
1717.11	1090.96
1717.41	1100.74
1717.71	1080.9
1718.01	1080.95
1718.31	1070.42
1718.61	1071.78
1718.91	1083.27
1719.2	1095.42
1719.5	1085.41
1719.8	1098.1
1720.1	1095.83
1720.4	1084.45
1720.7	1098.8
1721	1107.31
1721.3	1070.13
1721.6	1079.79
1721.9	1082.74
1722.2	1086.33
1722.5	1083.41
1722.8	1093.45
1723.1	1097.02
1723.4	1099.2
1723.7	1092.38
1723.99	1080.61
1724.29	1088.33
1724.59	1102.49
1724.89	1068.73
1725.19	1068.27
1725.49	1084.74
1725.79	1071.69
1726.09	1078.55
1726.39	1078.79
1726.69	1077.19
1726.99	1073.68
1727.29	1094.32
1727.58	1078.26
1727.88	1077.14
1728.18	1072
1728.48	1090.6
1728.78	1069.3
1729.08	1088.35
1729.38	1087.1
1729.68	1087.91
1729.98	1100.56
1730.28	1103.94
1730.58	1102.18
1730.87	1100.02
1731.17	1105.05
1731.47	1102.59
1731.77	1081.71
1732.07	1098.24
1732.37	1088.2
1732.67	1097.51
1732.97	1097.89
1733.26	1098.31
1733.56	1094.01
1733.86	1103.17
1734.16	1093.54
1734.46	1099.67
1734.76	1105.48
1735.06	1091.19
1735.35	1087.69
1735.65	1098.72
1735.95	1094.57
1736.25	1071.35
1736.55	1081.61
1736.85	1078.13
1737.15	1098.16
1737.44	1097.7
1737.74	1105.63
1738.04	1097.15
1738.34	1083.12
1738.64	1079.18
1738.94	1074.43
1739.24	1087.14
1739.53	1091.28
1739.83	1090.29
1740.13	1103.42
1740.43	1104.89
1740.73	1072.35
1741.03	1087.15
1741.32	1089.76
1741.62	1093.13
1741.92	1097.34
1742.22	1104.01
1742.52	1088.4
1742.81	1078.69
1743.11	1094.54
1743.41	1086.56
1743.71	1109.76
1744.01	1089.34
1744.31	1084.06
1744.6	1098.12
1744.9	1089.64
1745.2	1080.27
1745.5	1089.7
1745.79	1082.74
1746.09	1043.83
1746.39	1096.08
1746.69	1077.81
1746.99	1076.35
1747.28	1067.9
1747.58	1089.56
1747.88	1093.03
1748.18	1090
1748.48	1104.04
1748.77	1084.04
1749.07	1089.17
1749.37	1094.99
1749.67	1077.44
1749.96	1094.51
1750.26	1090.54
1750.56	1077.45
1750.86	1076.22
1751.16	1109.34
1751.45	1088.52
1751.75	1089.57
1752.05	1070.55
1752.35	1070.72
1752.64	1097.63
1752.94	1079.19
1753.24	1092.24
1753.54	1092.14
1753.83	1082.42
1754.13	1074.67
1754.43	1081.48
1754.73	1106.84
1755.02	1105.8
1755.32	1101.44
1755.62	1083.85
1755.92	1109.91
1756.21	1077.36
1756.51	1093.06
1756.81	1073.96
1757.11	1109.37
1757.4	1075.85
1757.7	1095.09
1758	1086.96
1758.3	1083.36
1758.59	1092.67
1758.89	1083.03
1759.19	1084.96
1759.48	1063.9
1759.78	1079.12
1760.08	1091.4
1760.38	1082.11
1760.67	1090.12
1760.97	1098.2
1761.27	1093.56
1761.56	1083.12
1761.86	1087.76
1762.16	1077.28
1762.45	1086.38
1762.75	1099.24
1763.05	1088.6
1763.35	1094.52
1763.64	1079.91
1763.94	1088.7
1764.24	1087.46
1764.53	1087.36
1764.83	1090.48
1765.13	1085.33
1765.42	1104.25
1765.72	1092.17
1766.02	1102.46
1766.32	1082.91
1766.61	1075.35
1766.91	1100.15
1767.21	1091.93
1767.5	1075.34
1767.8	1093.48
1768.09	1106.18
1768.39	1091.01
1768.69	1096.75
1768.99	1095.98
1769.28	1093.54
1769.58	1113.68
1769.88	1098.49
1770.17	1102.71
1770.47	1099.13
1770.76	1092.75
1771.06	1108.81
1771.36	1114.29
1771.65	1094.64
1771.95	1082.55
1772.25	1076.04
1772.54	1085.47
1772.84	1107.74
1773.14	1091.48
1773.43	1091.05
1773.73	1105.42
1774.03	1104.19
1774.32	1086.11
1774.62	1075.23
1774.91	1101.93
1775.21	1108.11
1775.51	1102.89
1775.8	1096.76
1776.1	1087.38
1776.4	1087.28
1776.69	1105.88
1776.99	1105.72
1777.28	1082.24
1777.58	1080.95
1777.88	1087.88
1778.17	1090.75
1778.47	1088.82
1778.76	1086.83
1779.06	1104.73
1779.36	1090.88
1779.65	1096.59
1779.95	1114.41
1780.24	1093.1
1780.54	1087.35
1780.84	1099.99
1781.13	1122.36
1781.43	1109.28
1781.72	1079.94
1782.02	1086.81
1782.32	1102.63
1782.61	1098.1
1782.91	1085.91
1783.2	1099.39
1783.5	1119.51
1783.79	1100.66
1784.09	1094.71
1784.39	1105.14
1784.68	1103.85
1784.98	1103.07
1785.27	1115.15
1785.57	1123.95
1785.87	1094.31
1786.16	1096.91
1786.46	1103.82
1786.75	1121.34
1787.05	1137.58
1787.34	1130.66
1787.64	1117.81
1787.93	1122.37
1788.23	1106.3
1788.52	1102.32
1788.82	1120.58
1789.12	1105.76
1789.41	1109.15
1789.71	1101.04
1790	1121.08
1790.3	1101.92
1790.59	1084.85
1790.89	1111.9
1791.18	1117.16
1791.48	1109.27
1791.77	1115.46
1792.07	1128.54
1792.36	1130.27
1792.66	1131.03
1792.96	1122.25
1793.25	1125.42
1793.55	1125.62
1793.84	1120.98
1794.14	1128.24
1794.43	1113.79
1794.73	1123.51
1795.02	1120.59
1795.32	1129.28
1795.61	1115.65
1795.91	1120.79
1796.2	1142.82
1796.5	1144.14
1796.79	1123.16
1797.09	1134.22
1797.38	1142.12
1797.68	1098.99
1797.97	1128.55
1798.27	1134.61
1798.56	1111.25
1798.86	1130.88
1799.15	1155.89
1799.45	1103.22
1799.74	1138.14
1800.04	1109.11
1800.33	1135.01
1800.63	1106.3
1800.92	1110.5
1801.21	1113.97
1801.51	1116.27
1801.8	1120.61
1802.1	1136.37
1802.39	1136.94
1802.69	1153.76
1802.98	1136.9
1803.28	1137.69
1803.57	1143.04
1803.87	1161.47
1804.16	1126.03
1804.46	1115.44
1804.75	1125.26
1805.04	1118.24
1805.34	1136.55
1805.63	1126.64
1805.93	1129.19
1806.22	1143.89
1806.52	1118
1806.81	1154.26
1807.11	1142.1
1807.4	1123.53
1807.69	1144.55
1807.99	1160.02
1808.28	1154.75
1808.58	1143.79
1808.87	1134.03
1809.17	1147.44
1809.46	1140.08
1809.76	1167.78
1810.05	1145.71
1810.34	1133.49
1810.64	1141.97
1810.93	1140.84
1811.23	1133.01
1811.52	1150.8
1811.81	1144.84
1812.11	1165.9
1812.4	1140.95
1812.7	1168.04
1812.99	1154.68
1813.28	1140.04
1813.58	1137.88
1813.87	1163.94
1814.17	1157.61
1814.46	1155.71
1814.76	1176.39
1815.05	1179.71
1815.34	1150.76
1815.64	1153.83
1815.93	1155.55
1816.22	1145.88
1816.52	1150.1
1816.81	1157.63
1817.1	1173.94
1817.4	1164.35
1817.69	1147.63
1817.99	1139.64
1818.28	1138.08
1818.57	1141.93
1818.87	1139.46
1819.16	1146.81
1819.46	1148.06
1819.75	1146.69
1820.04	1155.48
1820.34	1157.46
1820.63	1148.85
1820.92	1146.42
1821.22	1155.7
1821.51	1159.6
1821.8	1167
1822.1	1158.19
1822.39	1165.42
1822.69	1170.33
1822.98	1176.18
1823.27	1167.58
1823.57	1169.93
1823.86	1164.15
1824.15	1160.95
1824.45	1165.15
1824.74	1163.97
1825.03	1160.41
1825.33	1144.61
1825.62	1155.23
1825.91	1171.98
1826.2	1177.62
1826.5	1159.7
1826.79	1164.96
1827.08	1180.15
1827.38	1171.33
1827.67	1172.93
1827.96	1178.39
1828.26	1163.42
1828.55	1155.3
1828.84	1185.94
1829.14	1170.39
1829.43	1175.06
1829.72	1177.12
1830.02	1149.9
1830.31	1161.46
1830.6	1160.48
1830.89	1151.79
1831.19	1154.37
1831.48	1142.31
1831.77	1155.83
1832.07	1158.82
1832.36	1151.28
1832.65	1154.57
1832.95	1175.69
1833.24	1165.81
1833.53	1177.62
1833.82	1146.81
1834.12	1141.48
1834.41	1186.87
1834.7	1170.22
1835	1155.26
1835.29	1176.38
1835.58	1185.72
1835.87	1218.35
1836.17	1178.02
1836.46	1204.83
1836.75	1154.3
1837.05	1148.63
1837.34	1174.28
1837.63	1178.11
1837.92	1164.2
1838.22	1143.54
1838.51	1172.12
1838.8	1178.21
1839.09	1175.73
1839.38	1163.5
1839.68	1184.79
1839.97	1183.11
1840.26	1184.96
1840.55	1172.79
1840.85	1168.84
1841.14	1153.89
1841.43	1176.72
1841.72	1176.8
1842.02	1171.98
1842.31	1182.64
1842.6	1194.06
1842.89	1206.12
1843.19	1185.69
1843.48	1145.16
1843.77	1149.79
1844.06	1156.06
1844.36	1171.05
1844.65	1142.47
1844.94	1171.56
1845.23	1181.34
1845.52	1176.22
1845.82	1183.85
1846.11	1151.94
1846.4	1148.12
1846.69	1162.69
1846.98	1163.96
1847.28	1159.82
1847.57	1156.3
1847.86	1183.01
1848.15	1165.61
1848.44	1152.46
1848.74	1163.68
1849.03	1164.01
1849.32	1172.67
1849.61	1181.13
1849.9	1170.33
1850.19	1146.44
1850.49	1157.98
1850.78	1158.65
1851.07	1155.83
1851.36	1192.29
1851.65	1151.22
1851.95	1166.18
1852.24	1157.35
1852.53	1148.8
1852.82	1157.23
1853.11	1158.31
1853.4	1158.16
1853.7	1169.06
1853.99	1156.09
1854.28	1157.73
1854.57	1168.64
1854.86	1184.25
1855.16	1153.29
1855.45	1161.16
1855.74	1153
1856.03	1135.08
1856.32	1130.67
1856.61	1151.46
1856.9	1165.63
1857.19	1157.59
1857.49	1148.61
1857.78	1145.23
1858.07	1171.2
1858.36	1173.67
1858.65	1172.79
1858.79	1158.15
1859.09	1145.7
1859.38	1148.69
1859.67	1177.65
1859.97	1158.85
1860.26	1142.8
1860.55	1151.76
1860.85	1151.16
1861.14	1167.51
1861.43	1158.3
1861.73	1145.61
1862.02	1157.91
1862.31	1141.11
1862.61	1142.65
1862.9	1151.7
1863.19	1158.35
1863.49	1151.45
1863.78	1154.24
1864.07	1155.96
1864.37	1148.64
1864.66	1139.38
1864.95	1144.86
1865.24	1157.96
1865.54	1150.71
1865.83	1129.84
1866.12	1173.45
1866.42	1141.12
1866.71	1152.18
1867	1151.65
1867.3	1150.66
1867.59	1156.7
1867.88	1142.16
1868.18	1146.5
1868.47	1143.64
1868.76	1145.51
1869.05	1154.15
1869.35	1173.61
1869.64	1167.46
1869.93	1134.73
1870.23	1141.49
1870.52	1141.48
1870.81	1164.56
1871.1	1150.85
1871.4	1139.04
1871.69	1122.48
1871.98	1117.11
1872.27	1141.58
1872.57	1136.05
1872.86	1163.71
1873.15	1115
1873.45	1101.39
1873.74	1109.55
1874.03	1130.26
1874.32	1165.3
1874.62	1126.17
1874.91	1136.92
1875.2	1108.46
1875.49	1145.93
1875.79	1118.01
1876.08	1152.07
1876.37	1131.44
1876.66	1130.94
1876.96	1126.29
1877.25	1151.4
1877.54	1133.46
1877.83	1133.84
1878.12	1129.6
1878.42	1142.79
1878.71	1142.05
1879	1148.28
1879.29	1143.85
1879.59	1120.63
1879.88	1132.2
1880.17	1137.25
1880.46	1110.72
1880.75	1154
1881.05	1148.6
1881.34	1136.93
1881.63	1127.29
1881.92	1116.77
1882.21	1126.18
1882.51	1133.62
1882.8	1123.7
1883.09	1122.64
1883.38	1107.12
1883.67	1105.15
1883.97	1127.36
1884.26	1141.99
1884.55	1111.76
1884.84	1115.53
1885.13	1123.31
1885.43	1116.52
1885.72	1138.55
1886.01	1110.08
1886.3	1137.92
1886.59	1126.6
1886.89	1115.61
1887.18	1113.6
1887.47	1126.6
1887.76	1127.18
1888.05	1118.98
1888.35	1100.25
1888.64	1127.02
1888.93	1123.59
1889.22	1108.21
1889.51	1127.76
1889.8	1136.19
1890.1	1127.94
1890.39	1111.87
1890.68	1124.15
1890.97	1135.66
1891.26	1109.52
1891.55	1118.52
1891.84	1121.38
1892.14	1134.41
1892.43	1120.26
1892.72	1122.76
1893.01	1133.81
1893.3	1121.08
1893.59	1128.51
1893.88	1127.98
1894.18	1104.38
1894.47	1104.01
1894.76	1111.02
1895.05	1114.67
1895.34	1117.23
1895.63	1112.52
1895.92	1106.51
1896.22	1139.35
1896.51	1127.14
1896.8	1124.07
1897.09	1119.05
1897.38	1151.3
1897.67	1127.73
1897.96	1115.73
1898.25	1123.77
1898.55	1137.08
1898.84	1130.75
1899.13	1117.99
1899.42	1109.67
1899.71	1117.83
1900	1117.17
1900.29	1115.22
1900.58	1125.7
1900.87	1147.78
1901.16	1114.12
1901.46	1126.79
1901.75	1111.8
1902.04	1107.44
1902.33	1127.25
1902.62	1094.49
1902.91	1126.68
1903.2	1113.41
1903.49	1116.38
1903.78	1117.76
1904.07	1116.73
1904.36	1137.01
1904.65	1116.35
1904.95	1106.61
1905.24	1121
1905.53	1117.9
1905.82	1110.36
1906.11	1108.33
1906.4	1115.84
1906.69	1128.93
1906.98	1121.27
1907.27	1135.54
1907.56	1136.64
1907.85	1116.28
1908.14	1117.05
1908.43	1116.49
1908.72	1101.56
1909.01	1143.11
1909.3	1107.03
1909.6	1116.58
1909.89	1156.05
1910.18	1124.33
1910.47	1107.36
1910.76	1131.32
1911.05	1133.98
1911.34	1125.05
1911.63	1097.37
1911.92	1134.7
1912.21	1130.4
1912.5	1124.88
1912.79	1118.44
1913.08	1100.78
1913.37	1116.62
1913.66	1117.41
1913.95	1130.37
1914.24	1138.75
1914.53	1112.4
1914.82	1126.28
1915.11	1135.02
1915.4	1125.6
1915.69	1126.14
1915.98	1112.46
1916.27	1110.15
1916.56	1128.5
1916.85	1144.93
1917.14	1121.61
1917.43	1136.77
1917.72	1148.85
1918.01	1119.59
1918.3	1132.01
1918.59	1147.44
1918.88	1110.19
1919.17	1144.29
1919.46	1135.12
1919.75	1136.39
1920.04	1136.45
1920.33	1128.56
1920.62	1123.52
1920.91	1136.47
1921.2	1122.05
1921.49	1125.31
1921.78	1115.78
1922.07	1143.77
1922.36	1149.29
1922.65	1147.06
1922.94	1127.47
1923.23	1126.37
1923.52	1139.98
1923.81	1132.63
1924.1	1116.29
1924.39	1148.97
1924.68	1152.9
1924.97	1128.03
1925.26	1149.24
1925.55	1134.05
1925.84	1155.28
1926.13	1142.4
1926.42	1139.03
1926.71	1135.48
1927	1134.16
1927.29	1128.12
1927.57	1119.03
1927.86	1161.6
1928.15	1154.73
1928.44	1157.11
1928.73	1155.28
1929.02	1141.63
1929.31	1155.89
1929.6	1168.75
1929.89	1134.18
1930.18	1134.13
1930.47	1142.35
1930.76	1165.19
1931.05	1157.98
1931.34	1128.42
1931.62	1138.82
1931.91	1146.86
1932.2	1141.73
1932.49	1144.71
1932.78	1139.76
1933.07	1135.47
1933.36	1135.89
1933.65	1159.19
1933.94	1159.12
1934.23	1160.97
1934.52	1156.64
1934.81	1152.61
1935.09	1148.24
1935.38	1142.22
1935.67	1172.27
1935.96	1167.67
1936.25	1147.75
1936.54	1155.78
1936.83	1166.86
1937.12	1174.81
1937.41	1151.01
1937.69	1154.45
1937.98	1172.68
1938.27	1171.89
1938.56	1182.09
1938.85	1161.39
1939.14	1163.29
1939.43	1181.69
1939.72	1148.69
1940	1170.98
1940.29	1166.74
1940.58	1155.28
1940.87	1144.83
1941.16	1150.81
1941.45	1146.4
1941.74	1161.65
1942.02	1170.08
1942.31	1181.01
1942.6	1152.77
1942.89	1176.09
1943.18	1189.74
1943.47	1172.84
1943.76	1168.56
1944.04	1150.82
1944.33	1182.54
1944.62	1188.06
1944.91	1179.89
1945.2	1180.19
1945.49	1182.1
1945.77	1173.23
1946.06	1185.6
1946.35	1159.61
1946.64	1160.27
1946.93	1175.13
1947.22	1168.45
1947.51	1178.62
1947.79	1148.67
1948.08	1171.68
1948.37	1166.01
1948.66	1186.63
1948.95	1168.85
1949.23	1166.89
1949.52	1177.86
1949.81	1168.24
1950.1	1169.89
1950.39	1173.95
1950.68	1155.97
1950.96	1185.3
1951.25	1178.85
1951.54	1176.79
1951.83	1180.83
1952.12	1178.55
1952.4	1186.75
1952.69	1187.54
1952.98	1194.62
1953.27	1202.16
1953.56	1179.64
1953.84	1199.43
1954.13	1181.27
1954.42	1193.55
1954.71	1188.47
1954.99	1193.75
1955.28	1171.65
1955.57	1187.5
1955.86	1201.99
1956.15	1186.26
1956.43	1188.69
1956.72	1167.96
1957.01	1194.97
1957.3	1188.09
1957.59	1181.41
1957.87	1177.64
1958.16	1189.5
1958.45	1175.83
1958.74	1166.79
1959.02	1206.87
1959.31	1187.36
1959.6	1177.09
1959.89	1165.67
1960.17	1165
1960.46	1171.76
1960.75	1221.56
1961.04	1193.02
1961.32	1197.09
1961.61	1183.44
1961.9	1212.37
1962.19	1197.46
1962.47	1180.22
1962.76	1184.18
1963.05	1206.02
1963.34	1175.15
1963.62	1184.91
1963.91	1180.77
1964.2	1192.74
1964.48	1176.28
1964.77	1208.68
1965.06	1198.55
1965.35	1176.93
1965.63	1191.79
1965.92	1181.14
1966.21	1210.81
1966.5	1188.96
1966.78	1188.14
1967.07	1193.81
1967.36	1183.24
1967.64	1190.44
1967.93	1207.84
1968.22	1190.14
1968.5	1190.32
1968.79	1187.72
1969.08	1199.02
1969.37	1174.24
1969.65	1182.08
1969.94	1201.06
1970.23	1200.14
1970.51	1187.06
1970.8	1183.17
1971.09	1190.13
1971.37	1181.26
1971.66	1202.48
1971.95	1200.55
1972.24	1202.74
1972.52	1197.35
1972.81	1201.59
1973.1	1203.06
1973.38	1180.79
1973.67	1163.53
1973.96	1194.6
1974.24	1184.23
1974.53	1176.35
1974.82	1175.56
1975.1	1184.48
1975.39	1202
1975.68	1203
1975.96	1191.58
1976.25	1199.45
1976.54	1225.57
1976.82	1191.02
1977.11	1197.44
1977.4	1197.65
1977.68	1189.9
1977.97	1201.26
1978.26	1194.6
1978.54	1190.3
1978.83	1196.42
1979.11	1197.91
1979.4	1195.13
1979.69	1206.62
1979.97	1206.8
1980.26	1174.04
1980.55	1176.13
1980.83	1184.07
1981.12	1198.63
1981.4	1176.95
1981.69	1196.38
1981.98	1173.24
1982.26	1179.03
1982.55	1160.56
1982.84	1196.38
1983.12	1185.94
1983.41	1184.63
1983.69	1174.85
1983.98	1178.96
1984.27	1186.16
1984.55	1186.66
1984.84	1157.32
1985.13	1176.92
1985.41	1191.65
1985.7	1189.11
1985.98	1175.12
1986.27	1187.55
1986.56	1189.81
1986.84	1192.42
1987.13	1163.59
1987.41	1194.36
1987.7	1177.3
1987.99	1190.13
1988.27	1187.49
1988.56	1170.66
1988.84	1182.73
1989.13	1176.8
1989.41	1178.14
1989.7	1199.67
1989.99	1182.65
1990.27	1184.86
1990.56	1194.29
1990.84	1192.13
1991.13	1158.12
1991.42	1193.49
1991.7	1190.34
1991.99	1185.69
1992.27	1180.08
1992.56	1162.9
1992.84	1173.49
1993.13	1185.11
1993.42	1169.14
1993.7	1171.72
1993.99	1180.19
1994.27	1183.17
1994.56	1175.85
1994.84	1171.88
1995.13	1189.77
1995.41	1187.17
1995.7	1152.79
1995.98	1170.37
1996.27	1194.43
1996.56	1172.11
1996.84	1187.69
1997.13	1168.3
1997.41	1152.75
1997.7	1176.61
1997.98	1180.77
1998.27	1178.42
1998.55	1193.45
1998.84	1175.61
1999.12	1166.35
1999.41	1188.74
1999.69	1167.3
1999.98	1174
1999.99	1168
