1200.11	585.042
1200.43	595.021
1200.76	582.467
1201.08	583.11
1201.4	583.456
1201.73	573.087
1202.05	591.799
1202.37	588.146
1202.7	586.592
1203.02	589.343
1203.34	587.233
1203.67	597.884
1203.99	578.262
1204.32	598.965
1204.64	587.214
1204.96	596.617
1205.29	600.713
1205.61	589.427
1205.93	598.582
1206.26	590.698
1206.58	593.449
1206.9	591.077
1207.23	583.652
1207.55	588.679
1207.87	586.613
1208.2	600.906
1208.52	594.779
1208.84	600.412
1209.16	600.383
1209.49	596.82
1209.81	594.036
1210.13	602.805
1210.46	596.798
1210.78	587.397
1211.1	593.584
1211.42	607.009
1211.75	592.934
1212.07	587.087
1212.39	592.195
1212.72	601.834
1213.04	593.676
1213.36	596.551
1213.69	598.921
1214.01	601.734
1214.33	609.513
1214.65	600.547
1214.98	596.441
1215.3	602.961
1215.62	600.412
1215.95	594.048
1216.27	604.103
1216.59	586.459
1216.91	601.192
1217.24	616.52
1217.56	605.148
1217.88	598.881
1218.2	608.751
1218.53	607.672
1218.85	612.231
1219.17	600.693
1219.5	611.214
1219.82	609.8
1220.14	603.197
1220.46	609.233
1220.78	603.642
1221.11	610.83
1221.43	605.44
1221.75	613.434
1222.07	607.222
1222.4	621.603
1222.72	618.146
1223.04	610.966
1223.36	620.596
1223.69	615.453
1224.01	613.016
1224.33	599.674
1224.65	613.303
1224.97	613.455
1225.3	598.028
1225.62	602.682
1225.94	607.452
1226.26	616.466
1226.58	613.761
1226.91	623.126
1227.23	621.499
1227.55	610.153
1227.87	615.38
1228.2	615.992
1228.52	609.465
1228.84	599.682
1229.16	621.828
1229.48	612.854
1229.81	630.069
1230.13	608.821
1230.45	611.514
1230.77	602.592
1231.09	616.733
1231.41	613.713
1231.74	608.339
1232.06	612.949
1232.38	601.368
1232.7	624.192
1233.02	615.014
1233.35	625.436
1233.67	613.95
1233.99	620.99
1234.31	620.303
1234.63	619.753
1234.95	621.128
1235.28	623.352
1235.6	616.26
1235.92	622.114
1236.24	622.601
1236.56	625.052
1236.88	622.589
1237.2	613.209
1237.53	613.213
1237.85	612.62
1238.17	602.875
1238.49	604.76
1238.81	618.722
1239.13	612.285
1239.46	613.622
1239.78	612.779
1240.1	622.953
1240.42	626.785
1240.74	621.196
1241.06	613.861
1241.38	625.276
1241.7	619.28
1242.03	622.015
1242.35	617.561
1242.67	615.82
1242.99	625.168
1243.31	613.836
1243.63	620.18
1243.95	612.176
1244.27	616.846
1244.59	619.492
1244.92	628.084
1245.24	614.941
1245.56	623.514
1245.88	631.405
1246.2	611.348
1246.52	611.315
1246.84	631.104
1247.16	614.194
1247.48	628.272
1247.8	622.019
1248.12	617.475
1248.45	627.718
1248.77	621.69
1249.09	629.398
1249.41	625.644
1249.73	629.334
1250.05	624.583
1250.37	623.431
1250.69	620.672
1251.01	642.382
1251.33	627.997
1251.65	613.836
1251.97	620.257
1252.29	618.198
1252.61	621.301
1252.93	616.534
1253.26	630.338
1253.57	625.036
1253.9	622.76
1254.22	622.089
1254.54	637.83
1254.86	615.225
1255.18	629.101
1255.5	619.418
1255.82	622.529
1256.14	634.709
1256.46	625.775
1256.78	626.445
1257.1	624.231
1257.42	610.859
1257.74	630.632
1258.06	621.269
1258.38	626.267
1258.7	611.5
1259.02	636.183
1259.34	629.587
1259.66	637.203
1259.98	633.44
1260.3	631.87
1260.62	618.733
1260.94	629.279
1261.26	623.584
1261.58	619.846
1261.9	636.108
1262.22	628.357
1262.54	627.697
1262.86	637.558
1263.18	629.771
1263.5	626.684
1263.82	624.658
1264.14	626.693
1264.46	616.938
1264.78	622.234
1265.1	641.104
1265.42	628.395
1265.74	623.882
1266.06	620.958
1266.38	606.965
1266.7	622.144
1267.02	633.617
1267.34	624.521
1267.66	607.943
1267.98	626.153
1268.3	618.894
1268.62	624.479
1268.94	621.762
1269.26	631.229
1269.58	616.946
1269.9	623.915
1270.22	635.611
1270.54	643.264
1270.85	634.181
1271.17	631.002
1271.49	625.016
1271.81	617.231
1272.13	618.819
1272.45	631.493
1272.77	631.124
1273.09	632.585
1273.41	634.718
1273.73	636.697
1274.05	628.116
1274.37	638.443
1274.69	634.196
1275.01	634.55
1275.33	633.752
1275.64	627.615
1275.96	629.45
1276.28	630.408
1276.6	638.368
1276.92	623.961
1277.24	623.688
1277.56	634.717
1277.88	632.794
1278.2	635.497
1278.52	631.737
1278.84	631.274
1279.15	639.155
1279.47	633.945
1279.79	628.253
1280.11	638.419
1280.43	645.258
1280.75	624.722
1281.07	636.554
1281.39	648.073
1281.71	635.624
1282.03	650.268
1282.34	642.663
1282.66	628.827
1282.98	640.595
1283.3	647.121
1283.62	642.601
1283.94	637.285
1284.26	641.09
1284.57	644.89
1284.89	647.063
1285.21	650.791
1285.53	654.735
1285.85	635.147
1286.17	636.643
1286.49	654.612
1286.81	646.158
1287.12	639.948
1287.44	642.941
1287.76	642.864
1288.08	641.18
1288.4	634.71
1288.72	645.874
1289.03	640.329
1289.35	650.175
1289.67	659.434
1289.99	644.1
1290.31	646.767
1290.63	654.4
1290.94	643.884
1291.26	651.352
1291.58	662.668
1291.9	647.461
1292.22	663.815
1292.54	670.641
1292.85	656.193
1293.17	640.299
1293.49	641.369
1293.81	663.701
1294.13	661.833
1294.44	659.499
1294.76	651.069
1295.08	656.073
1295.4	655.923
1295.72	657.112
1296.03	660.922
1296.35	660.069
1296.67	677.774
1296.99	663.574
1297.31	666.614
1297.62	660.759
1297.94	649.418
1298.26	657.464
1298.58	668.68
1298.9	666.16
1299.21	664.532
1299.53	660.72
1299.85	665.195
1300.17	670.574
1300.48	665.978
1300.8	669.817
1301.12	678.243
1301.44	690.213
1301.76	666.087
1302.07	656.555
1302.39	663.797
1302.71	684.145
1303.03	681.9
1303.34	678.504
1303.66	681.882
1303.98	680.277
1304.3	671.607
1304.61	685.676
1304.93	677.881
1305.25	683.286
1305.57	680.371
1305.88	683.547
1306.2	684.634
1306.52	689.91
1306.84	691.925
1307.15	677.335
1307.47	675.675
1307.79	689.433
1308.1	689.647
1308.42	683.521
1308.74	693.358
1309.06	678.125
1309.37	687.236
1309.69	683.457
1310.01	689.745
1310.33	702.603
1310.64	697.033
1310.96	701.343
1311.28	700.908
1311.59	689.408
1311.91	694.14
1312.23	707.31
1312.54	688.944
1312.86	702.928
1313.18	707.436
1313.5	705.528
1313.81	695.279
1314.13	694.49
1314.45	704.648
1314.76	715.082
1315.08	703.9
1315.4	704.214
1315.71	696.531
1316.03	710.109
1316.35	702.098
1316.66	708.945
1316.98	727.099
1317.3	728.594
1317.61	709.921
1317.93	716.655
1318.25	713.18
1318.56	706.337
1318.88	727.555
1319.2	728.135
1319.51	727.677
1319.83	734.53
1320.15	725.076
1320.46	718.936
1320.78	707.758
1321.1	710.402
1321.41	744.796
1321.73	745.938
1322.05	741.232
1322.36	728.025
1322.68	759.793
1323	740.298
1323.31	738.911
1323.63	742.78
1323.94	756.238
1324.26	749.804
1324.58	759.356
1324.89	756.643
1325.21	765.763
1325.53	761.766
1325.84	766.997
1326.16	762.001
1326.47	767.419
1326.79	769.557
1327.11	796.838
1327.42	790.338
1327.74	788.948
1328.06	789.662
1328.37	805.485
1328.69	821.431
1329	817.687
1329.32	817.146
1329.64	839.471
1329.95	843.36
1330.27	867.788
1330.58	895.51
1330.9	925.776
1331.22	935.119
1331.53	985.854
1331.85	1023.27
1332.16	1066.54
1332.48	1156.26
1332.79	1242.37
1333.11	1349.16
1333.43	1508.4
1333.74	1696.29
1334.06	1917.66
1334.37	2238.97
1334.69	2539.26
1335	2850.9
1335.32	3176.06
1335.63	3445.65
1335.95	3630.98
1336.27	3727.87
1336.58	3672.59
1336.9	3447.39
1337.21	3093.29
1337.53	2716.76
1337.85	2303.62
1338.16	1970.57
1338.48	1705.87
1338.79	1489.74
1339.11	1334.69
1339.42	1216.81
1339.74	1136.09
1340.05	1071.94
1340.37	1019.27
1340.68	994.339
1341	955.198
1341.31	931.649
1341.63	913.307
1341.94	893.009
1342.26	880.069
1342.58	873.813
1342.89	865.502
1343.21	861.404
1343.52	857.65
1343.83	845.503
1344.15	838.809
1344.47	828.449
1344.78	834.469
1345.1	848.103
1345.41	817.197
1345.73	824.216
1346.04	830.768
1346.36	825.61
1346.67	822.147
1346.99	814.528
1347.3	827.722
1347.62	823.699
1347.93	828.375
1348.25	829.844
1348.56	800.816
1348.88	821.192
1349.19	816.394
1349.5	823.864
1349.82	822.442
1350.13	823.051
1350.45	828.631
1350.76	821.861
1351.08	835.758
1351.39	829.929
1351.71	828.694
1352.02	840.41
1352.34	827.588
1352.65	825.77
1352.97	835.597
1353.28	836.869
1353.6	824.416
1353.91	827.181
1354.22	824.202
1354.54	826.395
1354.85	838.9
1355.17	838.192
1355.48	827.951
1355.8	843.305
1356.11	845.234
1356.43	831.541
1356.74	844.704
1357.06	830.728
1357.37	856.581
1357.68	865.394
1358	837.523
1358.31	823.319
1358.63	829.288
1358.94	841.491
1359.26	853.506
1359.57	852.319
1359.88	828.117
1360.2	842.781
1360.51	844.988
1360.83	841.234
1361.14	857.131
1361.45	868.022
1361.77	859.414
1362.08	852.158
1362.4	859.186
1362.71	876.642
1363.02	861.383
1363.34	828.074
1363.65	856.3
1363.97	866.106
1364.28	862.419
1364.59	865.464
1364.91	856.939
1365.22	860.871
1365.54	872.409
1365.85	851.137
1366.16	874.563
1366.48	865.671
1366.79	865.142
1367.11	871.565
1367.42	892.92
1367.73	889.119
1368.05	894.193
1368.36	868.074
1368.67	862.294
1368.99	873.164
1369.3	880.721
1369.61	873.468
1369.93	872.39
1370.24	870.475
1370.55	890.84
1370.87	877.194
1371.18	873.727
1371.5	888.752
1371.81	888.634
1372.12	904.138
1372.17	910.81
1372.48	894.79
1372.8	904.186
1373.12	898.04
1373.43	912.726
1373.75	905.865
1374.06	911.731
1374.38	897.163
1374.69	899.3
1375.01	872.749
1375.32	887.298
1375.64	882.893
1375.96	888.569
1376.27	897.196
1376.59	906.549
1376.9	914.726
1377.22	905.437
1377.53	913.568
1377.85	900.446
1378.16	932.07
1378.48	898.504
1378.79	899.118
1379.11	914.251
1379.42	899.35
1379.74	912.091
1380.05	928.359
1380.37	916.852
1380.69	919.773
1381	941.29
1381.32	923.017
1381.63	922.964
1381.94	922.465
1382.26	926.899
1382.58	931.351
1382.89	929.161
1383.21	917.67
1383.52	927.833
1383.84	933.005
1384.15	937.797
1384.47	913.653
1384.78	923.433
1385.1	936.574
1385.41	934.43
1385.73	930.655
1386.04	957.132
1386.35	933.267
1386.67	956.837
1386.99	947.348
1387.3	936.504
1387.61	947.133
1387.93	965
1388.24	941.626
1388.56	936.737
1388.87	912.288
1389.19	954.338
1389.5	936.769
1389.82	923.379
1390.13	938.711
1390.45	941.173
1390.76	966.847
1391.08	961.502
1391.39	977.52
1391.71	961.52
1392.02	954.961
1392.33	955.698
1392.65	962.088
1392.96	967.848
1393.28	973.523
1393.59	953.465
1393.91	958.822
1394.22	958.249
1394.54	966.388
1394.85	965.765
1395.16	971.274
1395.48	979.908
1395.79	974.532
1396.11	986.87
1396.42	957.398
1396.73	975.191
1397.05	1002.95
1397.36	966.272
1397.68	970.297
1397.99	981.886
1398.31	973.262
1398.62	959.456
1398.94	967.859
1399.25	965.837
1399.56	987.18
1399.88	995.899
1400.19	993.499
1400.5	986.24
1400.82	978.143
1401.13	990.41
1401.45	986.295
1401.76	983.325
1402.08	983.226
1402.39	998.299
1402.7	971.317
1403.02	988.751
1403.33	1024.9
1403.65	1008.9
1403.96	1000.18
1404.27	996.877
1404.59	1016.84
1404.9	1010.03
1405.21	996.002
1405.53	1006.03
1405.84	1018.41
1406.15	1027.08
1406.47	1015.47
1406.78	999.63
1407.09	1013.61
1407.41	1007.88
1407.72	1007.52
1408.04	1004.26
1408.35	1004.01
1408.66	1016.03
1408.98	1032.98
1409.29	1032.04
1409.6	1056.81
1409.92	1031.56
1410.23	1033.05
1410.54	1031.63
1410.86	1017.44
1411.17	1030.44
1411.48	1058.35
1411.8	1030.24
1412.11	1036.57
1412.43	1038.65
1412.74	1044.97
1413.05	1036.67
1413.36	1022.23
1413.68	1036.62
1413.99	1035.18
1414.3	1040.71
1414.62	1028.99
1414.93	1040.47
1415.24	1060.51
1415.56	1043.81
1415.87	1037.57
1416.18	1056.56
1416.5	1051.93
1416.81	1052.33
1417.12	1053.13
1417.44	1065.1
1417.75	1044.08
1418.06	1056.49
1418.37	1063.49
1418.69	1061.43
1419	1058.51
1419.31	1049.43
1419.63	1068.7
1419.94	1056.53
1420.25	1051.06
1420.56	1051.11
1420.88	1063.01
1421.19	1052.17
1421.5	1066.23
1421.82	1091.4
1422.13	1070.42
1422.44	1072.92
1422.76	1073.09
1423.07	1049.9
1423.38	1059.69
1423.69	1093.3
1424.01	1087.53
1424.32	1062.1
1424.63	1076.31
1424.94	1073.99
1425.26	1096.03
1425.57	1077.92
1425.88	1094.41
1426.19	1070.31
1426.51	1068.59
1426.82	1068.23
1427.13	1082.23
1427.44	1073.28
1427.76	1079.73
1428.07	1056.18
1428.38	1074.89
1428.69	1083.8
1429.01	1076.62
1429.32	1070.2
1429.63	1071.43
1429.94	1081.93
1430.25	1089.18
1430.57	1080.61
1430.88	1085.71
1431.19	1068.76
1431.5	1071.74
1431.82	1080.38
1432.13	1084.14
1432.44	1088
1432.75	1110.46
1433.06	1098.97
1433.38	1087.5
1433.69	1090.37
1434	1075.18
1434.31	1111.72
1434.62	1105.49
1434.94	1119.64
1435.25	1103.48
1435.56	1086.95
1435.87	1100.79
1436.18	1102.14
1436.5	1092.03
1436.81	1094.98
1437.12	1096.34
1437.43	1121.13
1437.74	1113.79
1438.06	1095.18
1438.37	1089.09
1438.68	1094.42
1438.99	1079.49
1439.3	1088.5
1439.61	1089.94
1439.93	1081.06
1440.24	1099.1
1440.55	1093.39
1440.86	1088.34
1441.17	1083.11
1441.48	1098.31
1441.8	1088.11
1442.11	1109.99
1442.42	1093.41
1442.73	1098
1443.04	1083.58
1443.35	1071.74
1443.67	1091.41
1443.98	1064.8
1444.29	1085.16
1444.6	1078.6
1444.91	1090.96
1445.22	1081.78
1445.53	1102.55
1445.85	1100.47
1446.16	1090.06
1446.47	1079.68
1446.78	1081.3
1447.09	1087.13
1447.4	1093.96
1447.71	1078.95
1448.02	1107.33
1448.33	1100.13
1448.65	1085.05
1448.96	1074.99
1449.27	1087.5
1449.58	1074.41
1449.89	1075.01
1450.2	1080.46
1450.51	1097.75
1450.82	1099.19
1451.14	1076.66
1451.45	1066.1
1451.76	1071.14
1452.07	1076.71
1452.38	1083.3
1452.69	1082.11
1453	1091.97
1453.31	1084.51
1453.62	1077.12
1453.93	1078.58
1454.25	1079.9
1454.56	1086.22
1454.87	1081.3
1455.18	1056.5
1455.49	1070.34
1455.8	1086.3
1456.11	1076.47
1456.42	1073.54
1456.73	1069.97
1457.04	1078.32
1457.35	1086.36
1457.66	1077.32
1457.97	1063.98
1458.28	1075.36
1458.59	1065.37
1458.9	1057.83
1459.22	1060.87
1459.53	1068.82
1459.84	1064.55
1460.15	1065.28
1460.46	1075.53
1460.77	1070.09
1461.08	1062.11
1461.39	1059.65
1461.7	1073.47
1462.01	1065.77
1462.32	1063.38
1462.63	1061.61
1462.94	1059.46
1463.25	1058.53
1463.56	1063.08
1463.87	1049.52
1464.18	1040.21
1464.49	1062.52
1464.8	1055.75
1465.11	1067.43
1465.42	1053.2
1465.73	1039.84
1466.04	1031.73
1466.35	1042.95
1466.66	1045.01
1466.97	1051.04
1467.28	1035.15
1467.59	1021.55
1467.9	1008.1
1468.21	1027.68
1468.52	1027.81
1468.83	1047.03
1469.14	1044.46
1469.45	1048.32
1469.76	1037.1
1470.07	1034.64
1470.38	1034.31
1470.69	1020.95
1471	1038.01
1471.31	1027.47
1471.62	1029.43
1471.93	1013.82
1472.24	1027.83
1472.55	1004.01
1472.86	1007.36
1473.17	1016.04
1473.48	1020.17
1473.79	992.699
1474.1	1005.37
1474.41	995.061
1474.72	1015.71
1475.03	1011.17
1475.34	1006.38
1475.65	1028.8
1475.96	1006.62
1476.27	1004.89
1476.58	1004.2
1476.89	980.815
1477.2	988.925
1477.51	999.239
1477.82	999.247
1478.13	992.936
1478.44	988.007
1478.74	975.394
1479.05	982.599
1479.36	998.98
1479.67	1006.76
1479.98	979.884
1480.29	983.253
1480.6	996.808
1480.91	985.01
1481.22	979.204
1481.53	989.7
1481.84	1009.33
1482.15	993.919
1482.46	976.354
1482.77	969.214
1483.07	980.578
1483.38	976.938
1483.69	959.585
1484	950.137
1484.31	977.782
1484.62	965.749
1484.93	966.765
1485.24	949.209
1485.55	968.796
1485.86	965.692
1486.17	954.719
1486.47	955.104
1486.78	944.936
1487.09	958.048
1487.4	964.033
1487.71	971.029
1488.02	959.199
1488.33	962.518
1488.64	962.139
1488.94	946.948
1489.25	951.035
1489.56	974.628
1489.87	953.644
1490.18	947.296
1490.49	951.396
1490.8	943.27
1491.11	942.186
1491.41	935.961
1491.72	949.03
1492.03	932.386
1492.34	921.796
1492.65	928.214
1492.96	932.001
1493.27	924.36
1493.57	937.696
1493.88	935.699
1494.19	932.713
1494.5	939.323
1494.81	935.798
1495.12	935.032
1495.43	914.15
1495.73	909.684
1496.04	910.575
1496.35	918.808
1496.66	926.587
1496.97	926.371
1497.28	918.246
1497.58	927.959
1497.89	929.596
1498.2	922.152
1498.51	921.964
1498.82	909.198
1499.13	901.787
1499.43	898.838
1499.74	914.494
1500.05	916.339
1500.36	896.347
1500.67	899.703
1500.97	910.515
1501.28	900.461
1501.59	889.977
1501.9	891.872
1502.21	909.781
1502.51	917.637
1502.82	909.228
1503.13	897.244
1503.44	898.993
1503.74	913.874
1504.05	905.198
1504.36	906.731
1504.67	904.219
1504.98	899.428
1505.29	905.913
1505.59	895.996
1505.9	882.756
1506.21	887.492
1506.52	906.568
1506.82	896.822
1507.13	875.539
1507.44	885.178
1507.75	870.327
1508.06	885.358
1508.36	880.622
1508.67	872.827
1508.98	885.518
1509.29	886.121
1509.59	889.289
1509.9	903.048
1510.21	880.814
1510.52	880.066
1510.82	878.386
1511.13	870.585
1511.44	870.715
1511.75	860.45
1512.05	882.597
1512.36	882.162
1512.67	879.146
1512.98	882.523
1513.28	879.275
1513.59	884.288
1513.9	881.597
1514.2	867.316
1514.51	883.78
1514.82	886.888
1515.13	868.654
1515.43	880.626
1515.74	870.628
1516.05	854.171
1516.35	865.963
1516.66	862.153
1516.97	875.173
1517.28	876.748
1517.58	874.556
1517.89	846.558
1518.2	848.011
1518.51	871.426
1518.81	871.973
1519.12	854.693
1519.43	859.097
1519.73	855.335
1520.04	867.666
1520.35	868.224
1520.65	859.61
1520.96	859.214
1521.27	859.086
1521.57	851.535
1521.88	845.512
1522.19	847.965
1522.5	854.865
1522.8	857.762
1523.11	860.471
1523.41	851.582
1523.72	869.751
1524.03	847.378
1524.34	854.02
1524.64	843.142
1524.95	839.855
1525.26	854.259
1525.56	837.127
1525.87	859.839
1526.17	840.719
1526.48	843.989
1526.79	850.988
1527.1	857.133
1527.4	854.942
1527.71	852.732
1528.02	864.09
1528.32	855.623
1528.63	844.969
1528.93	861.749
1529.24	847.843
1529.55	858.697
1529.85	847.551
1530.16	846.15
1530.47	837.261
1530.77	860.261
1531.08	839.689
1531.38	845.524
1531.69	851.71
1532	859.392
1532.3	848.705
1532.61	848.053
1532.92	830
1533.22	840.28
1533.53	844.751
1533.84	863.921
1534.14	845.636
1534.45	828.251
1534.75	840.074
1535.06	847.199
1535.37	843.115
1535.67	830.855
1535.98	843.194
1536.28	844.411
1536.59	844.697
1536.9	848.96
1537.2	827.463
1537.51	837.503
1537.81	843.303
1538.12	862.84
1538.42	847.05
1538.73	835.18
1539.04	845.07
1539.34	829.483
1539.65	820.845
1539.95	839.457
1540.26	868.853
1540.56	848.032
1540.67	839.184
1540.98	847.29
1541.29	849.105
1541.59	831.341
1541.9	844.711
1542.21	831.352
1542.52	856.384
1542.82	846.635
1543.13	843.16
1543.44	850.16
1543.75	829.702
1544.05	838.108
1544.36	825.976
1544.67	844.772
1544.98	858.968
1545.29	848.591
1545.59	850.613
1545.9	836.414
1546.21	833.086
1546.52	836.994
1546.82	826.31
1547.13	838.126
1547.44	835.956
1547.75	839.79
1548.05	845.862
1548.36	831.404
1548.67	839.584
1548.98	835.754
1549.28	853.109
1549.59	865.49
1549.9	860.062
1550.2	842.039
1550.51	834.859
1550.82	846.049
1551.13	838.483
1551.43	847.175
1551.74	855.946
1552.05	859.937
1552.36	834.694
1552.66	835.424
1552.97	847.758
1553.28	842.636
1553.59	852.032
1553.89	833.093
1554.2	837.037
1554.51	832.173
1554.81	863.118
1555.12	861.916
1555.43	845.797
1555.73	848.056
1556.04	853.414
1556.35	843.065
1556.65	841.362
1556.96	844.852
1557.27	856.16
1557.58	853.363
1557.88	847.022
1558.19	841.977
1558.5	843.272
1558.8	828.672
1559.11	856.654
1559.42	875.618
1559.72	860.199
1560.03	852.601
1560.34	841.113
1560.64	852.507
1560.95	858.509
1561.26	859.353
1561.56	853.351
1561.87	829.998
1562.18	843.681
1562.48	847.757
1562.79	859.786
1563.1	851.179
1563.4	857.606
1563.71	862.286
1564.02	861.644
1564.32	867.974
1564.63	859.407
1564.93	860.381
1565.24	841.328
1565.55	876.119
1565.85	857.351
1566.16	847.451
1566.47	859.057
1566.77	872.106
1567.08	864.048
1567.39	845.426
1567.69	848.055
1568	868.416
1568.31	873.674
1568.61	852.809
1568.92	859.73
1569.22	865.487
1569.53	861.122
1569.84	871.037
1570.14	863.973
1570.45	858.669
1570.75	866.935
1571.06	858.042
1571.37	847.678
1571.67	864.961
1571.98	872.971
1572.29	867.909
1572.59	874.198
1572.9	862.905
1573.2	871.182
1573.51	877.031
1573.81	861.028
1574.12	851.943
1574.43	864.019
1574.73	856.6
1575.04	865.961
1575.34	877.664
1575.65	853.001
1575.96	864
1576.26	875.78
1576.57	858.974
1576.87	871.951
1577.18	890.546
1577.48	880.514
1577.79	854.779
1578.1	844.867
1578.4	871.324
1578.71	868.9
1579.01	860.9
1579.32	873.183
1579.63	867.656
1579.93	869.65
1580.24	876.521
1580.54	881.085
1580.85	877.007
1581.15	875.625
1581.46	861.408
1581.76	870.107
1582.07	885.598
1582.37	871.298
1582.68	872.154
1582.99	893.345
1583.29	868.655
1583.6	887.3
1583.9	870.219
1584.21	884.085
1584.51	894.105
1584.82	877.311
1585.12	894.43
1585.43	872.589
1585.73	865.081
1586.04	883.631
1586.34	873.35
1586.65	881.517
1586.95	871.587
1587.26	878.396
1587.56	881.568
1587.87	874.235
1588.17	891.612
1588.48	859.981
1588.78	863.861
1589.09	891.152
1589.39	879.816
1589.7	855.338
1590.01	876.49
1590.31	879.069
1590.61	867.348
1590.92	863.167
1591.22	864.088
1591.53	871.88
1591.83	876.54
1592.14	885.447
1592.44	861.267
1592.75	870.295
1593.05	883.675
1593.36	885.959
1593.66	888.267
1593.97	859.405
1594.27	882.252
1594.58	884.147
1594.88	881.761
1595.19	891.617
1595.49	860.186
1595.8	870.722
1596.1	884.148
1596.41	885.164
1596.71	878.501
1597.01	883.423
1597.32	870.757
1597.62	887.53
1597.93	890.294
1598.23	894.63
1598.54	885.195
1598.84	888.519
1599.15	880.024
1599.45	888.173
1599.75	890.943
1600.06	893.043
1600.36	893.883
1600.67	878.497
1600.97	878.908
1601.28	861.095
1601.58	878.287
1601.89	888.035
1602.19	869.768
1602.49	884.968
1602.8	906.902
1603.1	886.312
1603.41	877.35
1603.71	871.57
1604.01	874.035
1604.32	877.616
1604.62	895.52
1604.93	870.399
1605.23	856.104
1605.54	874.638
1605.84	887.408
1606.14	892.662
1606.45	884.886
1606.75	883.511
1607.06	883.682
1607.36	882.778
1607.66	877.957
1607.97	881.075
1608.27	885.045
1608.57	885.453
1608.88	897.802
1609.18	889.574
1609.49	875.174
1609.79	870.708
1610.1	880.909
1610.4	883.544
1610.7	887.198
1611	881.286
1611.31	879.774
1611.61	890.011
1611.92	876.512
1612.22	879.906
1612.53	880.112
1612.83	878.452
1613.13	863.732
1613.43	880.927
1613.74	880.796
1614.04	885.824
1614.35	871.74
1614.65	870.429
1614.95	856.651
1615.26	868.07
1615.56	872.877
1615.86	866.536
1616.17	878.361
1616.47	878.601
1616.77	880.564
1617.08	875.742
1617.38	870.575
1617.68	883.666
1617.99	877.293
1618.29	862.346
1618.59	870.794
1618.9	876.063
1619.2	874.833
1619.5	873.056
1619.81	875.333
1620.11	866.304
1620.41	870.008
1620.72	858.55
1621.02	881.715
1621.32	876.697
1621.63	867.342
1621.93	872.689
1622.23	881.444
1622.54	894.166
1622.84	864.998
1623.14	871.809
1623.44	866.405
1623.75	870.831
1624.05	879.192
1624.35	876.075
1624.66	861.899
1624.96	874.305
1625.26	870.542
1625.56	877.567
1625.87	873.75
1626.17	888.899
1626.47	875.776
1626.78	883.287
1627.08	877.873
1627.38	880.123
1627.68	865.516
1627.99	878.914
1628.29	869.325
1628.59	885.744
1628.9	863.077
1629.2	869.341
1629.5	862.819
1629.8	896.105
1630.11	873.255
1630.41	880.361
1630.71	885.303
1631.01	865.785
1631.32	886.437
1631.62	873.101
1631.92	878.635
1632.22	868.891
1632.53	878.715
1632.83	876.776
1633.13	867.337
1633.43	882.4
1633.74	868.402
1634.04	879.091
1634.34	859.19
1634.64	868.719
1634.95	874.914
1635.25	856.268
1635.55	864.948
1635.85	870.737
1636.16	863.639
1636.46	884.006
1636.76	861.563
1637.06	859.406
1637.36	879.117
1637.67	870.134
1637.97	869.161
1638.27	870.206
1638.57	883.188
1638.88	877.865
1639.18	871.308
1639.48	862.573
1639.78	873.353
1640.08	877.264
1640.39	860.094
1640.69	880.906
1640.99	882.524
1641.29	889.207
1641.59	878.423
1641.9	877.4
1642.2	858.292
1642.5	880.819
1642.8	871.513
1643.1	876.311
1643.4	878.911
1643.71	876.731
1644.01	882.623
1644.31	874.121
1644.61	877.175
1644.91	862.647
1645.21	857.421
1645.52	870.047
1645.82	863.565
1646.12	869.92
1646.42	885.62
1646.72	869.803
1647.03	869.666
1647.33	877.905
1647.63	868.098
1647.93	893.033
1648.23	878.758
1648.53	861.224
1648.83	869.598
1649.14	875.897
1649.44	876.959
1649.74	881.139
1650.04	869.769
1650.34	855.453
1650.64	864.011
1650.95	876.957
1651.25	881.191
1651.55	872.198
1651.85	868.526
1652.15	877.486
1652.45	884.689
1652.75	880.472
1653.05	884.538
1653.36	876.296
1653.66	871.995
1653.96	879.163
1654.26	872.121
1654.56	869.018
1654.86	871.116
1655.16	881.379
1655.46	888.321
1655.77	876.219
1656.07	870.548
1656.37	862.152
1656.67	872.054
1656.97	878.524
1657.27	874.651
1657.57	861.748
1657.87	876.39
1658.17	869.955
1658.47	872.836
1658.77	873.517
1659.08	869.248
1659.38	875.615
1659.68	876.457
1659.98	889.604
1660.28	881.1
1660.58	866.353
1660.88	856.584
1661.18	863.908
1661.48	884.713
1661.78	882.259
1662.08	878.56
1662.39	881.216
1662.69	876.456
1662.99	876.115
1663.29	892.503
1663.59	887.164
1663.89	871.293
1664.19	880.052
1664.49	886.181
1664.79	883.899
1665.09	870.655
1665.39	871.665
1665.69	876.579
1665.99	888.35
1666.29	883.967
1666.59	868.201
1666.89	890.098
1667.2	883.35
1667.49	895.142
1667.79	890.114
1668.1	893.529
1668.4	883.942
1668.7	894.52
1669	895.745
1669.3	876.885
1669.6	872.965
1669.9	870.959
1670.2	881.177
1670.5	877.664
1670.8	879.466
1671.1	878.013
1671.4	881.086
1671.7	897.513
1672	893.604
1672.3	864.817
1672.6	879.554
1672.9	875.736
1673.2	875.057
1673.5	906.471
1673.8	882.236
1674.1	887.193
1674.4	879.155
1674.7	867.17
1675	896.853
1675.3	898.922
1675.6	890.294
1675.9	892.262
1676.2	885.875
1676.5	887.348
1676.8	882.225
1677.1	889.887
1677.4	906.086
1677.7	895.581
1678	901.6
1678.3	885.059
1678.6	894.141
1678.9	901.194
1679.2	908.704
1679.5	904.939
1679.8	906.413
1680.1	921.622
1680.4	897.734
1680.7	887.813
1681	895.772
1681.3	900.57
1681.59	914.74
1681.89	915.949
1682.19	909.434
1682.49	906.933
1682.79	886.443
1683.09	873.06
1683.39	902.566
1683.69	912.859
1683.99	899.156
1684.29	892.241
1684.59	903.622
1684.89	917.373
1685.19	913.78
1685.49	913.521
1685.79	901.806
1686.09	905.226
1686.39	894.555
1686.69	897.979
1686.98	906.792
1687.28	916.933
1687.58	912.113
1687.88	919.861
1688.18	926.359
1688.48	907.472
1688.78	888.082
1689.08	903.016
1689.38	913.905
1689.68	906.484
1689.98	917.74
1690.28	933.86
1690.57	912.244
1690.87	925.057
1691.17	932.594
1691.47	905.941
1691.77	899.647
1692.07	910.675
1692.37	916.949
1692.67	931.468
1692.97	920.677
1693.26	924.645
1693.56	923.501
1693.86	929.999
1694.16	926.74
1694.46	912.978
1694.76	935.97
1695.06	930.342
1695.36	929.215
1695.65	922.099
1695.95	916.838
1696.25	915.223
1696.55	930.486
1696.85	933.733
1697.15	944.876
1697.45	935.084
1697.75	927.452
1698.04	927.791
1698.34	944.145
1698.64	927.548
1698.94	933.064
1699.24	934.583
1699.54	923.293
1699.84	920.502
1700	930.62
1700.3	937.347
1700.6	932.151
1700.9	965.447
1701.2	950.687
1701.5	934.103
1701.8	913.722
1702.1	933.584
1702.4	955.739
1702.7	948.792
1703	931.51
1703.3	935.742
1703.6	937.024
1703.91	919.009
1704.21	930.347
1704.51	952.199
1704.81	946.447
1705.11	934.598
1705.41	915.763
1705.71	956.733
1706.01	940.076
1706.31	935.942
1706.61	933.338
1706.91	946.382
1707.21	940.69
1707.51	952.221
1707.81	916.692
1708.11	938.251
1708.41	938.572
1708.71	954.563
1709.01	937.219
1709.31	930.513
1709.61	955.701
1709.91	948.683
1710.21	924.293
1710.51	950.44
1710.81	952.421
1711.11	968.136
1711.41	939.401
1711.71	939.883
1712.01	947.398
1712.31	952.497
1712.61	938.05
1712.91	932.729
1713.21	928.753
1713.51	969.047
1713.81	954.469
1714.11	946.89
1714.41	931.815
1714.71	944.873
1715.01	969.532
1715.31	937.22
1715.61	939.37
1715.91	948.965
1716.21	928.748
1716.51	949.073
1716.81	958.69
1717.11	942.434
1717.41	968.374
1717.71	918.929
1718.01	926.94
1718.31	942.866
1718.61	950.636
1718.91	941.834
1719.2	927.662
1719.5	947.832
1719.8	956
1720.1	943.784
1720.4	945.515
1720.7	944.034
1721	943.353
1721.3	945.143
1721.6	934.425
1721.9	934.6
1722.2	929.916
1722.5	921.825
1722.8	948.242
1723.1	954.087
1723.4	946.864
1723.7	934.111
1723.99	943.158
1724.29	939.058
1724.59	954.94
1724.89	932.651
1725.19	954.637
1725.49	959.604
1725.79	950.567
1726.09	945.656
1726.39	943.409
1726.69	936.098
1726.99	954.744
1727.29	953.259
1727.58	931.221
1727.88	945.412
1728.18	949.763
1728.48	974.512
1728.78	949.591
1729.08	939.209
1729.38	953.001
1729.68	943.865
1729.98	938.11
1730.28	937.933
1730.58	943.094
1730.87	951.307
1731.17	953.938
1731.47	957.435
1731.77	959.436
1732.07	939.653
1732.37	939.144
1732.67	950.219
1732.97	948.626
1733.26	946.091
1733.56	936.87
1733.86	932.762
1734.16	954.942
1734.46	949.628
1734.76	953.294
1735.06	957.378
1735.35	944.638
1735.65	942.448
1735.95	946.622
1736.25	934.942
1736.55	959.584
1736.85	953.302
1737.15	941.904
1737.44	950.901
1737.74	938.138
1738.04	957.681
1738.34	952.312
1738.64	947.603
1738.94	945.652
1739.24	939.324
1739.53	948.546
1739.83	960.484
1740.13	960.353
1740.43	954.871
1740.73	949.324
1741.03	972.943
1741.32	955.431
1741.62	955.293
1741.92	960.506
1742.22	949.852
1742.52	959.411
1742.81	934.373
1743.11	958.336
1743.41	955.978
1743.71	953.759
1744.01	935.204
1744.31	952.361
1744.6	957.429
1744.9	961.12
1745.2	961.723
1745.5	949.376
1745.79	959.003
1746.09	945.4
1746.39	922.889
1746.69	933.848
1746.99	972.052
1747.28	977.391
1747.58	965.704
1747.88	958.227
1748.18	947.925
1748.48	935.311
1748.77	934.773
1749.07	962.575
1749.37	948.443
1749.67	961.626
1749.96	938.692
1750.26	950.282
1750.56	937.558
1750.86	955.945
1751.16	951.182
1751.45	936.514
1751.75	939.042
1752.05	957.931
1752.35	947.426
1752.64	957.529
1752.94	961.392
1753.24	937.526
1753.54	936.535
1753.83	943.734
1754.13	955.098
1754.43	955.725
1754.73	947.645
1755.02	965.588
1755.32	946.666
1755.62	944.853
1755.92	946.82
1756.21	947.416
1756.51	958.502
1756.81	948.541
1757.11	937.591
1757.4	951.102
1757.7	946.476
1758	947.345
1758.3	938.79
1758.59	948.626
1758.89	952.815
1759.19	947.449
1759.48	937.233
1759.78	957.681
1760.08	949.977
1760.38	950.585
1760.67	958.389
1760.97	948.451
1761.27	927.983
1761.56	943.463
1761.86	949.869
1762.16	962.152
1762.45	962.368
1762.75	952.277
1763.05	937.663
1763.35	941.242
1763.64	943.983
1763.94	945.598
1764.24	940.669
1764.53	951.309
1764.83	947.353
1765.13	957.952
1765.42	939.553
1765.72	948.316
1766.02	946.045
1766.32	923.419
1766.61	944.081
1766.91	945.328
1767.21	960.652
1767.5	955.235
1767.8	943.878
1768.09	956.799
1768.39	952.612
1768.69	950.823
1768.99	959.296
1769.28	961.427
1769.58	960.791
1769.88	950.759
1770.17	943.207
1770.47	942.012
1770.76	953.666
1771.06	960.484
1771.36	933.342
1771.65	931.009
1771.95	954.579
1772.25	955.022
1772.54	956.209
1772.84	951.934
1773.14	947.407
1773.43	937.472
1773.73	947.603
1774.03	953.857
1774.32	962.253
1774.62	947.41
1774.91	947.845
1775.21	939.717
1775.51	952.321
1775.8	967.897
1776.1	954.443
1776.4	945.164
1776.69	954.948
1776.99	972.554
1777.28	954.591
1777.58	952.294
1777.88	960.141
1778.17	952.963
1778.47	946.154
1778.76	944.93
1779.06	957.42
1779.36	947.608
1779.65	955.996
1779.95	966.247
1780.24	967.352
1780.54	964.433
1780.84	965.688
1781.13	952.598
1781.43	958.075
1781.72	970.976
1782.02	968.938
1782.32	962.724
1782.61	958.606
1782.91	963.319
1783.2	967.72
1783.5	951.344
1783.79	967.037
1784.09	957.743
1784.39	939.638
1784.68	959.647
1784.98	943.278
1785.27	950.22
1785.57	961.036
1785.87	973.349
1786.16	969.291
1786.46	952.483
1786.75	962.694
1787.05	963.032
1787.34	954.248
1787.64	954.493
1787.93	983.717
1788.23	966.971
1788.52	973.901
1788.82	974.078
1789.12	968.253
1789.41	952.07
1789.71	963.78
1790	965.366
1790.3	977.32
1790.59	991.939
1790.89	979.757
1791.18	966.987
1791.48	959.006
1791.77	959.909
1792.07	979.8
1792.36	987.478
1792.66	965.618
1792.96	961.918
1793.25	979.155
1793.55	968.801
1793.84	998.038
1794.14	962.077
1794.43	971.385
1794.73	965.757
1795.02	950.862
1795.32	979.608
1795.61	993.454
1795.91	991.191
1796.2	977.098
1796.5	960.202
1796.79	965.834
1797.09	971.842
1797.38	955.331
1797.68	989.731
1797.97	972.288
1798.27	970.971
1798.56	977.052
1798.86	964.937
1799.15	969.014
1799.45	1000.12
1799.74	964.63
1800.04	985.861
1800.33	993.083
1800.63	967.816
1800.92	988.418
1801.21	966.304
1801.51	983.411
1801.8	975.176
1802.1	997.968
1802.39	995.561
1802.69	986.245
1802.98	979.439
1803.28	974.521
1803.57	997.676
1803.87	978.157
1804.16	972.934
1804.46	996.158
1804.75	973.055
1805.04	973.29
1805.34	991.524
1805.63	985.851
1805.93	993.449
1806.22	996.175
1806.52	973.074
1806.81	981.086
1807.11	984.645
1807.4	991.444
1807.69	987.905
1807.99	1006.57
1808.28	991.877
1808.58	988.764
1808.87	1002.66
1809.17	1009.32
1809.46	996.946
1809.76	994.025
1810.05	992.862
1810.34	997.93
1810.64	989.086
1810.93	980.96
1811.23	999.884
1811.52	997.146
1811.81	1001.23
1812.11	999.372
1812.4	1006.96
1812.7	993.15
1812.99	989.298
1813.28	990.573
1813.58	1010.69
1813.87	996.642
1814.17	1003.59
1814.46	1004.4
1814.76	1003.56
1815.05	998.689
1815.34	1000.55
1815.64	1002.83
1815.93	989.281
1816.22	982.138
1816.52	991.227
1816.81	1005.42
1817.1	1000.54
1817.4	1008.33
1817.69	997.579
1817.99	1002.8
1818.28	1000.65
1818.57	1007.34
1818.87	1006.49
1819.16	1011.11
1819.46	1014.46
1819.75	1008.87
1820.04	1008.91
1820.34	1019.46
1820.63	1007.33
1820.92	1011.89
1821.22	997.001
1821.51	988.097
1821.8	991.762
1822.1	1002.16
1822.39	1014.88
1822.69	1008.99
1822.98	998.324
1823.27	1003.77
1823.57	1003.32
1823.86	988.982
1824.15	993.572
1824.45	1004.79
1824.74	1021.58
1825.03	1014.42
1825.33	1007.43
1825.62	1001.94
1825.91	1006.82
1826.2	1008.11
1826.5	1010.46
1826.79	1003.7
1827.08	998.955
1827.38	1027.23
1827.67	1029.53
1827.96	1017.28
1828.26	1004.97
1828.55	1011.48
1828.84	1013.32
1829.14	1006.83
1829.43	1011.84
1829.72	1003.37
1830.02	1010.88
1830.31	1009.17
1830.6	1022.46
1830.89	1021.45
1831.19	1024.83
1831.48	1015.1
1831.77	1024.28
1832.07	1020.09
1832.36	1011.37
1832.65	1021.22
1832.95	1008.92
1833.24	1023.67
1833.53	1019.5
1833.82	1007.18
1834.12	1010.81
1834.41	1010.24
1834.7	1007.36
1835	986.59
1835.29	1013.64
1835.58	1020.14
1835.87	997.148
1836.17	987.302
1836.46	1001.2
1836.75	1003.59
1837.05	1008.47
1837.34	1014.3
1837.63	1036.53
1837.92	1012.81
1838.22	1018
1838.51	1003.11
1838.8	1014.96
1839.09	1013.08
1839.38	1008.87
1839.68	1003.87
1839.97	1031.17
1840.26	1020.06
1840.55	1041.64
1840.85	1006.67
1841.14	1012.32
1841.43	1021.06
1841.72	1029.71
1842.02	1020.92
1842.31	1011.48
1842.6	1005.04
1842.89	1020.01
1843.19	1018.49
1843.48	989.767
1843.77	991.68
1844.06	1006.47
1844.36	1017.34
1844.65	1017.77
1844.94	1024.56
1845.23	1010.93
1845.52	1023.26
1845.82	1020.85
1846.11	1018.71
1846.4	1011.96
1846.69	1008.95
1846.98	1020.94
1847.28	1022.64
1847.57	1017.97
1847.86	1009.25
1848.15	1006.61
1848.44	1014.97
1848.74	1013.81
1849.03	1012.2
1849.32	1008.61
1849.61	1009.86
1849.9	1011.17
1850.19	1021.25
1850.49	1014.61
1850.78	1004.5
1851.07	1014.23
1851.36	1020.38
1851.65	993.047
1851.95	1011.13
1852.24	1023.61
1852.53	1011.19
1852.82	1004.1
1853.11	982.999
1853.4	1002.1
1853.7	1028.63
1853.99	1004.97
1854.28	1010.56
1854.57	1012.05
1854.86	1015.39
1855.16	1024.42
1855.45	1026.08
1855.74	1004.9
1856.03	991.285
1856.32	1006.75
1856.61	1000.34
1856.9	1022.65
1857.19	1016.34
1857.49	1002.6
1857.78	996.937
1858.07	997.11
1858.36	999.176
1858.65	1027.58
1858.79	1017.89
1859.09	988.375
1859.38	991.531
1859.67	1002.34
1859.97	1011.11
1860.26	996.38
1860.55	994.179
1860.85	988.05
1861.14	1006.65
1861.43	1002.71
1861.73	998.004
1862.02	992.924
1862.31	1010.62
1862.61	986.396
1862.9	1011.62
1863.19	1009.12
1863.49	1003.95
1863.78	1011.42
1864.07	1004.82
1864.37	1017.91
1864.66	970.941
1864.95	1008.42
1865.24	998.933
1865.54	1006.72
1865.83	998.997
1866.12	1001.45
1866.42	996.484
1866.71	984.134
1867	995.84
1867.3	1000.68
1867.59	993.268
1867.88	998.402
1868.18	983.081
1868.47	994.271
1868.76	1005.57
1869.05	1015.06
1869.35	1001.66
1869.64	995.316
1869.93	999.347
1870.23	1006.01
1870.52	999.071
1870.81	1001.36
1871.1	997.014
1871.4	982.911
1871.69	1001.37
1871.98	994.589
1872.27	991.994
1872.57	972.883
1872.86	984.393
1873.15	994.778
1873.45	993.828
1873.74	982.417
1874.03	993.624
1874.32	980.596
1874.62	972.257
1874.91	997.185
1875.2	984.295
1875.49	985.376
1875.79	987.749
1876.08	973.142
1876.37	992.179
1876.66	1004.52
1876.96	1007.49
1877.25	978.073
1877.54	1001.53
1877.83	972.377
1878.12	966.788
1878.42	988.072
1878.71	997.718
1879	985.292
1879.29	995.752
1879.59	967.54
1879.88	1001.84
1880.17	979.571
1880.46	1000.43
1880.75	997.479
1881.05	987.993
1881.34	979.139
1881.63	968.693
1881.92	979.013
1882.21	977.94
1882.51	992.627
1882.8	993.677
1883.09	983.253
1883.38	979.075
1883.67	973.528
1883.97	986.479
1884.26	976.026
1884.55	959.9
1884.84	979.26
1885.13	973.74
1885.43	962.844
1885.72	977.839
1886.01	995.56
1886.3	1002.87
1886.59	995.311
1886.89	980.585
1887.18	975.366
1887.47	972.946
1887.76	972.537
1888.05	977.105
1888.35	973.379
1888.64	980.379
1888.93	982.846
1889.22	982.31
1889.51	995.143
1889.8	979.294
1890.1	982.911
1890.39	973.104
1890.68	969.456
1890.97	960.049
1891.26	963.373
1891.55	984.214
1891.84	954.941
1892.14	990.501
1892.43	973.39
1892.72	979.636
1893.01	978.746
1893.3	995.146
1893.59	991.741
1893.88	983.891
1894.18	969.843
1894.47	976.405
1894.76	972.769
1895.05	994.573
1895.34	971.786
1895.63	974.226
1895.92	976.413
1896.22	981.379
1896.51	956.038
1896.8	971.012
1897.09	972.535
1897.38	989.317
1897.67	981.298
1897.96	997.368
1898.25	965.723
1898.55	986.339
1898.84	988.526
1899.13	980.928
1899.42	984.169
1899.71	961.375
1900	974.461
1900.29	986.341
1900.58	974.369
1900.87	966.719
1901.16	973.609
1901.46	976.496
1901.75	979.188
1902.04	961.386
1902.33	968.704
1902.62	964.15
1902.91	990.62
1903.2	980.027
1903.49	964.83
1903.78	957.747
1904.07	978.736
1904.36	974.072
1904.65	992.445
1904.95	983.781
1905.24	992.808
1905.53	994.013
1905.82	970.775
1906.11	990.84
1906.4	979.391
1906.69	992.024
1906.98	980.393
1907.27	988.163
1907.56	991.346
1907.85	971.777
1908.14	973.729
1908.43	949.289
1908.72	985.795
1909.01	982.811
1909.3	975.523
1909.6	970.85
1909.89	982.829
1910.18	982.058
1910.47	967.537
1910.76	978.456
1911.05	1002.81
1911.34	964.035
1911.63	964.917
1911.92	991.289
1912.21	999.687
1912.5	981.529
1912.79	969.61
1913.08	983.679
1913.37	970.512
1913.66	977.257
1913.95	985.446
1914.24	983.706
1914.53	984.234
1914.82	971.164
1915.11	988.743
1915.4	977.048
1915.69	985.806
1915.98	983.418
1916.27	993.876
1916.56	993.682
1916.85	979.061
1917.14	980.901
1917.43	1005.23
1917.72	987.234
1918.01	976.267
1918.3	996.867
1918.59	981.244
1918.88	973.176
1919.17	984.944
1919.46	976.875
1919.75	978.356
1920.04	989.617
1920.33	977.901
1920.62	983.686
1920.91	983.642
1921.2	1000.56
1921.49	1007.23
1921.78	984.454
1922.07	972.558
1922.36	978.774
1922.65	991.042
1922.94	984.193
1923.23	973.3
1923.52	980.386
1923.81	1009.19
1924.1	991.723
1924.39	1002.93
1924.68	990.221
1924.97	1015.48
1925.26	1002.23
1925.55	994.061
1925.84	981.734
1926.13	999.151
1926.42	988.912
1926.71	1005.21
1927	1012.96
1927.29	974.147
1927.57	989.401
1927.86	1013.13
1928.15	995.997
1928.44	993.021
1928.73	1006.3
1929.02	1008.26
1929.31	1006.74
1929.6	983.018
1929.89	998.725
1930.18	1006.6
1930.47	1001.98
1930.76	1005.75
1931.05	995.919
1931.34	1002.73
1931.62	1010.73
1931.91	996.893
1932.2	1005.09
1932.49	992.249
1932.78	993.701
1933.07	993.268
1933.36	1006.38
1933.65	999.781
1933.94	1002.96
1934.23	1007.76
1934.52	1034.15
1934.81	1008.36
1935.09	993.076
1935.38	997.028
1935.67	1011.16
1935.96	1008.47
1936.25	1020.82
1936.54	989.533
1936.83	989.219
1937.12	1003.89
1937.41	1012.67
1937.69	1001.57
1937.98	1023.81
1938.27	1001.83
1938.56	989.907
1938.85	1000.63
1939.14	1007.99
1939.43	992.283
1939.72	997.473
1940	1008.88
1940.29	1013.64
1940.58	1023.13
1940.87	1028.29
1941.16	1008.74
1941.45	999.567
1941.74	1016.1
1942.02	996.302
1942.31	1010.09
1942.6	1006.92
1942.89	1015.88
1943.18	1013.31
1943.47	1009.73
1943.76	1016.93
1944.04	1019.62
1944.33	1015.96
1944.62	1013.5
1944.91	1036.06
1945.2	1033.03
1945.49	1009.91
1945.77	1011.61
1946.06	1020.18
1946.35	1020.1
1946.64	1020.35
1946.93	1035.83
1947.22	1012
1947.51	1020.13
1947.79	1015.22
1948.08	1040.4
1948.37	1018.18
1948.66	1030.58
1948.95	1034.31
1949.23	1022.64
1949.52	1043
1949.81	1024.37
1950.1	1021.2
1950.39	1034.42
1950.68	1029.72
1950.96	1039.91
1951.25	1017.79
1951.54	1033.2
1951.83	1005.99
1952.12	1021.44
1952.4	1019.71
1952.69	1036.73
1952.98	1045.62
1953.27	1025.58
1953.56	1039.61
1953.84	1030.87
1954.13	1023.18
1954.42	1032.88
1954.71	1018.11
1954.99	1039.59
1955.28	1022.14
1955.57	1015.53
1955.86	1028.95
1956.15	1028.66
1956.43	1029.49
1956.72	1030.43
1957.01	1039.83
1957.3	1046.06
1957.59	1041.66
1957.87	1039.94
1958.16	1032.96
1958.45	1036.4
1958.74	1038.2
1959.02	1034.05
1959.31	1059.81
1959.6	1034.7
1959.89	1025.23
1960.17	1014.38
1960.46	1035.3
1960.75	1037.59
1961.04	1038.51
1961.32	1048.84
1961.61	1023.93
1961.9	1028.81
1962.19	1036.02
1962.47	1018.42
1962.76	1026.7
1963.05	1026.06
1963.34	1037.46
1963.62	1052.93
1963.91	1023.45
1964.2	1029.6
1964.48	1029.68
1964.77	1030.27
1965.06	1035.67
1965.35	1024.87
1965.63	1031.82
1965.92	1019.53
1966.21	1048.67
1966.5	1029.26
1966.78	1030.47
1967.07	1035.13
1967.36	1011.23
1967.64	1043.37
1967.93	1050.67
1968.22	1038.91
1968.5	1025.3
1968.79	1027.41
1969.08	1025.72
1969.37	1041.58
1969.65	1031.99
1969.94	1053.37
1970.23	1037.4
1970.51	1030.6
1970.8	1037.99
1971.09	1035.11
1971.37	1027.6
1971.66	1038.05
1971.95	1039.32
1972.24	1034.78
1972.52	1049.3
1972.81	1050.68
1973.1	1031.1
1973.38	1008.59
1973.67	1027.23
1973.96	1040.2
1974.24	1044.49
1974.53	1026.17
1974.82	1046.49
1975.1	1032.64
1975.39	1049.48
1975.68	1049.61
1975.96	1033.51
1976.25	1032.08
1976.54	1041.8
1976.82	1037.78
1977.11	1019.76
1977.4	1034.84
1977.68	1014.94
1977.97	1040.76
1978.26	1047.11
1978.54	1037.56
1978.83	1048.87
1979.11	1028.13
1979.4	1026.74
1979.69	1023.65
1979.97	1035.07
1980.26	1028.15
1980.55	1024.58
1980.83	1034.71
1981.12	1023.16
1981.4	1041.21
1981.69	1036.64
1981.98	1028.04
1982.26	1031.76
1982.55	1041
1982.84	1044.93
1983.12	1026.78
1983.41	1022.28
1983.69	1036.99
1983.98	1032.06
1984.27	1020.66
1984.55	1048.61
1984.84	1021.75
1985.13	1032.48
1985.41	1026
1985.7	1017.92
1985.98	1035.31
1986.27	1017.87
1986.56	1017.99
1986.84	1006.16
1987.13	1040.75
1987.41	1028.54
1987.7	1043.08
1987.99	1042.29
1988.27	1014.47
1988.56	1036.66
1988.84	1039.94
1989.13	1036.55
1989.41	1029.85
1989.7	1030.86
1989.99	1037.3
1990.27	1032.04
1990.56	1014.94
1990.84	1025.18
1991.13	1012.76
1991.42	1017.24
1991.7	1042.33
1991.99	1018.18
1992.27	1028.41
1992.56	1034.61
1992.84	1040.15
1993.13	1029.81
1993.42	1020.81
1993.7	1029.03
1993.99	1011.7
1994.27	1024.69
1994.56	1021.34
1994.84	1033.45
1995.13	1030.64
1995.41	1024.33
1995.7	999.697
1995.98	1018.38
1996.27	1033.83
1996.56	1015.24
1996.84	1018.68
1997.13	1011.41
1997.41	1017.71
1997.7	1037.07
1997.98	1025.9
1998.27	1027.51
1998.55	1017.78
1998.84	1027.03
1999.12	1001.39
1999.41	1022.52
1999.69	1010.82
1999.98	996.443
1999.99	992
