100.194	336.543
100.57	339.712
100.947	336.891
101.324	337.536
101.7	333.575
102.077	339.985
102.452	339.004
102.829	344.562
103.206	338.048
103.582	342.502
103.959	346.153
104.336	340.12
104.711	342.64
105.088	348.06
105.463	349.397
105.84	349.743
106.215	345.72
106.593	353.968
106.97	348.719
107.345	341.808
107.722	343.854
108.097	349.686
108.474	345.103
108.849	350.449
109.226	347.025
109.603	348.333
109.977	350.086
110.354	350.95
110.729	351.835
111.106	348.013
111.481	347.562
111.858	350.924
112.233	345.678
112.61	342.602
112.984	345.757
113.361	346.285
113.736	344.762
114.113	345.022
114.487	343.385
114.864	346.108
115.239	348.917
115.615	352.557
115.99	345.12
116.367	349.909
116.741	346.864
117.118	348.241
117.493	348.352
117.869	343.109
118.244	348.764
118.62	352.461
118.995	348.277
119.372	350.03
119.746	344.614
120.123	347.091
120.497	345.693
120.871	345.073
121.248	346.285
121.622	344.891
121.999	348.103
122.373	344.251
122.75	350.395
123.124	345.966
123.498	349.055
123.875	347.809
124.249	351.537
124.625	346.195
125	346.516
125.376	347.461
125.75	348.389
126.124	355.585
126.501	347.15
126.875	348.287
127.249	345.18
127.625	343.987
128	344.895
128.376	347.495
128.75	347.69
129.124	348.734
129.5	346.38
129.874	350.052
130.248	343.416
130.624	345.974
130.998	351.891
131.372	346.856
131.748	343.139
132.122	351.092
132.496	350.473
132.872	349.341
133.246	345.443
133.62	346.091
133.996	350.802
134.37	346.242
134.744	344.762
135.12	351.139
135.494	351.97
135.868	351.512
136.241	350.412
136.617	345.829
136.991	347.976
137.365	348.348
137.741	349.452
138.114	349.91
138.488	352.716
138.862	348.685
139.238	349.633
139.611	351.268
139.985	351.582
140.359	352.157
140.734	347.333
141.108	348.535
141.482	350.164
141.855	353.004
142.231	349.015
142.604	356.367
142.978	348.056
143.351	351.436
143.725	351.614
144.101	349.687
144.474	352.468
144.847	351.144
145.221	349.551
145.596	354.599
145.97	349.097
146.343	348.235
146.717	349.798
147.09	345.323
147.463	355.202
147.839	353.287
148.212	349.762
148.585	347.946
148.959	349.802
149.332	343.804
149.705	346.235
150.081	348.482
150.454	351.239
150.827	352.18
151.2	349.256
151.573	348.249
151.947	351.838
152.32	349.632
152.695	344.787
153.068	349.291
153.441	350.284
153.814	346.43
154.187	347.385
154.56	348.191
154.934	347.682
155.307	350.824
155.68	350.363
156.055	350.021
156.428	354.871
156.801	347.638
157.174	357.009
157.547	349.805
157.92	345.314
158.292	355.055
158.665	349.514
159.038	348.716
159.411	347.371
159.784	355.815
160.157	350.547
160.53	348.067
160.902	350.617
161.275	348.009
161.65	353.76
162.023	350.179
162.396	350.001
162.768	353.284
163.141	347.071
163.514	349.087
163.887	350.441
164.259	345.394
164.632	353.131
165.005	348.293
165.377	351.633
165.75	351.463
166.122	346.884
166.495	348.498
166.868	349.933
167.24	348.873
167.613	347.169
167.985	349.753
168.358	348.678
168.73	349.985
169.101	348.989
169.473	349.404
169.845	348.585
170.218	348.955
170.59	350.718
170.963	347.944
171.335	350.922
171.708	349.12
172.08	353.28
172.452	351.227
172.825	352.717
173.197	347.863
173.569	349.087
173.941	349.535
174.314	350.869
174.684	356.933
175.056	352.457
175.428	347.8
175.801	348.471
176.173	349.74
176.545	355.202
176.917	353.014
177.289	348.399
177.661	354.903
178.031	352.169
178.404	352.313
178.776	353.779
179.148	349.513
179.52	351.846
179.892	349.606
180.264	356.306
180.634	351.254
181.006	355.032
181.378	355.197
181.75	349.422
182.122	352.279
182.494	349.203
182.864	353.678
183.235	350.736
183.607	353.275
183.979	353.594
184.351	349.547
184.723	351.634
185.093	352.972
185.465	350.234
185.836	357.59
186.208	352.996
186.578	354.043
186.95	357.617
187.321	350.75
187.693	350.047
188.065	356.482
188.434	353.04
188.806	357.22
189.178	351.489
189.549	353.454
189.919	352.9
190.291	353.563
190.662	352.234
191.034	354.532
191.403	347.687
191.775	354.216
192.146	359.973
192.518	357.977
192.887	351.064
193.259	357.659
193.63	353.714
194	355.109
194.371	361.582
194.743	359.173
195.114	354.911
195.484	351.104
195.855	352.805
196.226	354.919
196.596	353.098
196.967	351.453
197.338	353.35
197.708	355.013
198.079	356.835
198.45	351.094
198.819	355.432
199.191	356.599
199.562	359.357
199.931	355.326
200.302	351.854
200.674	353.48
201.043	355.384
201.414	352.312
201.783	357.256
202.154	354.791
202.525	354.256
202.894	352.505
203.265	357.622
203.636	356.086
204.005	356.604
204.377	355.133
204.745	352.83
205.117	351.863
205.488	351.725
205.856	352.552
206.227	355.403
206.596	355.713
206.967	357.044
207.338	354.629
207.707	356.17
208.078	354.83
208.447	355.452
208.818	353.594
209.186	353.501
209.557	353.802
209.926	357.927
210.297	355.285
210.668	350.36
211.036	350.229
211.407	352.717
211.776	357.757
212.147	352.367
212.515	355.29
212.886	358.849
213.255	355.819
213.625	354.216
213.994	353.907
214.365	356.596
214.733	357.587
215.104	356.345
215.472	356.605
215.843	356.93
216.212	354.417
216.582	356.219
216.951	354.994
217.321	354.446
217.69	355.555
218.06	351.861
218.428	356.79
218.797	352.077
219.167	353.262
219.536	358.165
219.906	349.052
220.275	360.287
220.645	357.767
221.013	352.717
221.384	351.098
221.752	351.32
222.12	354.374
222.491	355.406
222.859	354.294
223.229	348.403
223.597	356.685
223.965	353.195
224.336	352.965
224.704	354.402
225.074	355.378
225.442	355.8
225.81	358.239
226.181	358.094
226.549	357.93
226.919	348.512
227.287	355.038
227.655	357.39
228.025	359.236
228.393	354.177
228.761	356.215
229.131	359.548
229.499	360.232
229.867	358.548
230.237	359.573
230.605	353.711
230.973	353.703
231.343	354.356
231.711	355.845
232.079	351.629
232.449	358.187
232.817	356.473
233.184	360.522
233.554	359.54
233.922	361.338
234.29	360.726
234.66	361.182
235.027	353.211
235.395	359.017
235.763	351.797
236.133	353.896
236.5	353.532
236.868	358.591
237.238	360.847
237.605	355.806
237.973	354.907
238.341	357.232
238.71	357.176
239.078	360.325
239.446	360.28
239.813	354.365
240.183	358.373
240.55	362.767
240.918	358.293
241.285	352.291
241.653	352.944
242.022	361.201
242.39	356.696
242.757	357.348
243.125	364.436
243.494	356.981
243.862	357.821
244.229	357.942
244.596	359.347
244.964	359.538
245.331	355.673
245.701	358.226
246.068	358.825
246.435	361.997
246.802	354.583
247.17	360.876
247.539	356.678
247.906	358.982
248.274	355.658
248.641	358.631
249.008	363.709
249.375	357.696
249.742	360.586
250.112	361.427
250.479	359.563
250.846	354.901
251.213	356.69
251.58	357.821
251.947	356.461
252.314	355.933
252.681	357.954
253.048	363.176
253.417	361.85
253.784	360.766
254.151	360.615
254.518	357.179
254.885	362.438
255.252	359.279
255.619	356.361
255.986	351.837
256.353	356.523
256.72	358.977
257.087	357.651
257.454	358.421
257.82	359.947
258.189	358.39
258.556	361.441
258.923	366.383
259.29	361.965
259.657	363.719
260.023	359.359
260.39	358.137
260.757	359.597
261.124	358.82
261.49	362.77
261.857	362.708
262.224	357.833
262.59	356.366
262.957	354.416
263.324	357.826
263.69	362.548
264.057	363.664
264.423	359.396
264.79	358.947
265.156	358.725
265.523	360.634
265.889	360.524
266.256	362.681
266.622	361.707
266.989	359.456
267.355	363.147
267.722	364.996
268.086	365.334
268.453	359.618
268.819	363.367
269.185	364.352
269.552	359.935
269.918	356.244
270.285	355.63
270.651	353.183
271.017	359.831
271.384	366.526
271.75	359.296
272.116	362.212
272.482	362.031
272.847	360.384
273.213	357.675
273.579	358.149
273.945	361.707
274.311	364.065
274.678	361.455
275.044	362.399
275.41	365.846
275.774	356.968
276.14	361.716
276.506	366.92
276.872	359.296
277.238	365.482
277.604	364.671
277.97	370.563
278.334	361.068
278.7	362.199
279.066	367.337
279.432	361.958
279.798	361.062
280.164	361.093
280.528	362.094
280.894	348.033
281.26	360.414
281.626	359.762
281.992	363.405
282.356	361.087
282.722	356.824
283.087	364.322
283.453	361.782
283.819	367.029
284.183	362.494
284.549	360.118
284.914	362.392
285.28	365.436
285.644	364.76
286.009	357.425
286.375	361.752
286.741	357.963
287.104	363.692
287.47	362.102
287.836	361.549
288.201	366.466
288.565	369.713
288.931	363.056
289.296	362.377
289.662	362.478
290.025	361.589
290.391	367.789
290.756	370.452
291.12	362.43
291.485	367.251
291.851	359.81
292.216	360.825
292.58	361.728
292.945	359.541
293.311	363.65
293.674	364.629
294.039	361.18
294.405	355.84
294.768	358.44
295.133	364.614
295.499	365.509
295.862	361.926
296.227	358.822
296.593	358.926
296.956	361.912
297.321	366.067
297.684	364.755
298.05	364.705
298.415	366.093
298.778	360.699
299.143	361.115
299.508	365.457
299.872	374.197
300.237	363.905
300.6	360.833
300.965	370.467
301.33	364.792
301.693	364.861
302.058	367.383
302.421	364.416
302.786	362.994
303.151	367.457
303.26	370.042
303.627	362.33
303.994	358.489
304.359	362.716
304.726	363.501
305.093	365.943
305.458	360.233
305.825	363.287
306.192	362.08
306.557	373.741
306.924	365.535
307.291	364.662
307.656	361.794
308.023	364.118
308.39	373.456
308.755	371.766
309.122	368.355
309.488	362.489
309.853	362.159
310.22	366.799
310.587	364.042
310.952	359.338
311.318	367.926
311.683	367.624
312.05	362.628
312.417	368.537
312.781	365.86
313.148	363.94
313.515	366.039
313.88	366.041
314.246	367.199
314.611	364.469
314.977	366.17
315.342	364.253
315.709	364.307
316.075	363.805
316.44	365.432
316.806	362.421
317.171	370.453
317.538	372.634
317.902	365.797
318.269	370.803
318.635	369.354
318.999	363.778
319.366	371.443
319.73	364.49
320.097	364.12
320.461	368.366
320.828	364.851
321.192	365.267
321.558	364.671
321.923	369.579
322.289	371.82
322.653	365.112
323.02	372.156
323.384	363.054
323.75	366.103
324.115	366.146
324.481	364.91
324.845	362.383
325.211	368.308
325.575	369.519
325.942	373.595
326.306	367.171
326.672	368.546
327.036	370.609
327.402	367.48
327.766	366.757
328.133	368.38
328.497	369.36
328.861	367.544
329.227	369.306
329.591	371.077
329.957	364.332
330.321	365.542
330.687	366.422
331.051	374.36
331.415	372.687
331.781	362.275
332.145	366.086
332.511	373.321
332.875	367.893
333.241	366.371
333.604	374.432
333.968	370.225
334.334	377.561
334.698	363.588
335.062	362.803
335.428	363.362
335.791	361.605
336.157	373.114
336.521	369.532
336.885	365.547
337.25	364.765
337.614	369.768
337.978	364.929
338.344	370.214
338.707	368.163
339.071	368.621
339.437	367.259
339.8	372.831
340.164	378.481
340.529	368.547
340.893	369.49
341.257	370.085
341.622	362.035
341.986	369.535
342.349	367.744
342.715	365.061
343.078	367.795
343.442	363.475
343.807	370.659
344.171	368.538
344.534	368.147
344.897	365.92
345.263	367.401
345.626	365.732
345.99	369.22
346.353	369.924
346.718	363.125
347.082	368.278
347.445	363.278
347.81	368.278
348.174	368.829
348.537	365.108
348.9	367.138
349.263	363.469
349.629	369.435
349.992	369.417
350.355	367.581
350.718	366.893
351.084	371.176
351.447	365.777
351.81	367.737
352.173	369.153
352.536	369.653
352.901	372.336
353.264	373.839
353.627	366.374
353.99	370.791
354.353	373.523
354.719	371.25
355.082	364.854
355.445	368.1
355.808	359.326
356.171	359.926
356.533	369.369
356.898	374.644
357.261	374.924
357.624	370.263
357.987	363.204
358.35	364.15
358.713	366.68
359.076	366.06
359.441	370.314
359.803	368.322
360.166	373.734
360.529	372.917
360.892	369.389
361.255	367.919
361.617	370.566
361.98	373.404
362.343	371.32
362.708	370.743
363.07	366.745
363.433	367.215
363.796	373.445
364.158	372.545
364.521	364.171
364.884	369.616
365.246	374.75
365.609	374.784
365.971	369.778
366.334	371.927
366.696	373.777
367.059	372.001
367.421	373.838
367.786	374.198
368.149	371.996
368.511	377.47
368.874	376.578
369.236	374.048
369.598	372.727
369.961	374.621
370.323	375.141
370.686	374.511
371.048	370.148
371.41	365.112
371.773	366.345
372.135	374.429
372.497	369.276
372.86	364.007
373.222	373.074
373.584	376.638
373.946	372.108
374.309	373.087
374.671	370.875
375.033	371.013
375.395	372.284
375.758	373.455
376.12	377.184
376.48	370.786
376.842	368.318
377.204	369.604
377.566	377.344
377.928	370.667
378.29	372.698
378.653	372.219
379.015	371.1
379.377	370.88
379.739	367.647
380.101	368.431
380.463	377.275
380.825	369.975
381.187	368.223
381.547	364.119
381.909	375.996
382.27	377.721
382.632	378.076
382.994	374.79
383.356	371.93
383.718	369.214
384.08	375.744
384.44	376.14
384.802	374.8
385.163	378.949
385.525	370.148
385.887	372.357
386.249	372.204
386.611	377.018
386.97	380.426
387.332	373.698
387.694	374.044
388.055	374.322
388.417	376.668
388.779	371.118
389.138	374.319
389.5	373.691
389.862	372.439
390.223	376.636
390.585	377.279
390.944	379.162
391.306	379.156
391.668	378.509
392.029	381.863
392.391	376.703
392.75	380.644
393.112	371.556
393.473	374.771
393.835	371.945
394.196	379.328
394.555	372.035
394.917	375.425
395.278	371.399
395.64	369.889
395.999	377.006
396.36	380.337
396.722	380.689
397.083	371.675
397.442	377.506
397.804	372.105
398.165	375.536
398.524	376.096
398.886	376.077
399.247	374.406
399.608	377.058
399.967	377.056
400.329	377.854
400.69	374.324
401.049	381.596
401.41	375.583
401.771	369.266
402.13	384.004
402.491	372.323
402.853	375.47
403.212	376.699
403.573	372.874
403.934	370.712
404.293	371.093
404.654	370.214
405.015	375.309
405.374	378.299
405.735	378.788
406.096	382.045
406.455	375.771
406.816	371.855
407.177	373.719
407.536	371.926
407.897	377.115
408.257	371.815
408.616	370.393
408.977	375.284
409.336	375.079
409.697	376.997
410.058	378.882
410.416	371.106
410.777	379.717
411.136	377.506
411.497	375.872
411.856	382.007
412.216	373.79
412.577	370.512
412.936	374.303
413.296	374.789
413.655	378.344
414.016	378.692
414.374	376.864
414.735	377.51
415.096	378.744
415.454	374.082
415.815	379.296
416.173	375.795
416.534	382.258
416.893	380.392
417.253	374.666
417.612	376.383
417.972	376.906
418.331	376.37
418.691	375.045
419.049	375.843
419.41	379.5
419.768	379.363
420.129	379.918
420.487	378.009
420.848	373.159
421.206	378.617
421.566	379.508
421.925	382.728
422.285	382.965
422.643	378.099
423.004	374.044
423.362	375.758
423.722	384.569
424.08	384.506
424.439	383.284
424.799	374.547
425.157	378.4
425.517	382.127
425.876	378.324
426.236	378.558
426.594	375.405
426.952	377.494
427.312	377.338
427.67	375.425
428.03	377.202
428.388	376.347
428.749	375.023
429.107	376.789
429.465	378.126
429.825	382.569
430.183	373.735
430.541	375.871
430.901	384.263
431.259	380.101
431.619	377.795
431.977	384.192
432.335	386.032
432.694	385.6
433.052	377.236
433.41	372.773
433.77	381.268
434.128	376.719
434.486	375.497
434.846	376.315
435.204	386.739
435.561	380.324
435.921	374.653
436.279	374.033
436.637	375.866
436.996	377.162
437.354	385.029
437.712	382.51
438.072	376.505
438.429	381.038
438.787	386.452
439.145	382.219
439.504	381.645
439.862	379.007
440.219	378.137
440.579	381.37
440.937	385.079
441.294	373.665
441.652	375.631
442.011	377.86
442.369	381.557
442.726	379.72
443.084	378.924
443.443	382.67
443.801	372.653
444.158	376.021
444.516	376.686
444.875	381.53
445.233	379.933
445.59	379.951
445.948	381.498
446.307	382.982
446.664	381.951
447.022	385.943
447.379	385.661
447.736	380.587
448.096	386.479
448.453	381.385
448.81	382.433
449.167	391.924
449.525	380.574
449.882	380.013
450.241	379.76
450.598	381.137
450.956	386.207
451.313	387.08
451.67	380.207
452.027	383.186
452.386	389.134
452.743	381.61
453.1	378.075
453.458	376.008
453.815	383.587
454.172	377.201
454.529	387.211
454.886	380.74
455.245	388.668
455.602	386.767
455.959	383.349
456.316	386.384
456.673	379.669
457.03	384.829
457.387	383.525
457.744	383.753
458.1	380.448
458.457	382.503
458.816	380.385
459.173	377.094
459.53	382.731
459.887	377.844
460.244	384.31
460.601	385.749
460.957	386.502
461.314	380.699
461.671	378.884
462.028	383.467
462.384	384.438
462.741	380.18
463.098	379.365
463.454	379.382
463.811	379.177
464.168	386.21
464.525	386.452
464.881	383.117
465.238	384.474
465.594	386.867
465.951	379.415
466.308	374.076
466.664	383.418
467.021	380.492
467.377	386.05
467.734	388.239
468.09	385.952
468.447	387.277
468.803	383.412
469.16	379.729
469.516	382.752
469.873	380.706
470.229	380.482
470.586	382.076
470.942	382.413
471.298	385.768
471.655	385.546
472.011	383.16
472.368	387.986
472.724	388.924
473.08	380.668
473.434	379.312
473.791	379.624
474.147	380.511
474.503	379.827
474.86	384.962
475.216	383.037
475.572	381.089
475.928	384.452
476.284	379.363
476.641	380.141
476.995	384.781
477.351	385.487
477.707	385.084
478.063	386.518
478.419	384.118
478.775	380.235
479.132	380.095
479.488	380.454
479.842	383.502
480.198	381.641
480.554	377.983
480.91	381.115
481.266	385.381
481.622	387.311
481.976	385.906
482.332	388.593
482.688	380.786
483.044	387.917
483.399	387.213
483.753	385.871
484.109	387.584
484.465	385.063
484.821	388.357
485.177	384.563
485.531	385.488
485.886	382.462
486.242	383.207
486.598	390.533
486.954	377.737
487.308	384.84
487.663	384.73
488.019	385.884
488.375	383.524
488.728	382.123
489.084	391.235
489.44	387.596
489.796	386.452
490.149	381.637
490.505	389.682
490.86	387.3
491.216	377.929
491.57	385.565
491.925	389.976
492.281	388.669
492.634	385.717
492.99	386.979
493.345	382.541
493.601	377.546
493.958	381.174
494.316	382.064
494.673	384.996
495.031	389.407
495.386	392.203
495.744	384.533
496.101	386.385
496.459	381.355
496.816	389.498
497.174	388.362
497.529	395.227
497.887	383.566
498.244	385.834
498.601	386.113
498.959	386.731
499.314	385.715
499.671	392.287
500.029	387.172
500.386	385.977
500.741	385.922
501.098	381.345
501.456	383.983
501.813	386.51
502.168	392.804
502.525	389.511
502.883	395.43
503.24	389.671
503.595	382.129
503.952	387.383
504.309	389.527
504.666	386.118
505.021	392.002
505.379	382.131
505.736	387.298
506.091	388.526
506.448	392.516
506.805	384.475
507.162	389.889
507.517	387.111
507.874	395.864
508.231	398.523
508.586	393.609
508.943	389.011
509.3	392.812
509.655	395.216
510.012	398.917
510.368	389.138
510.723	389.498
511.08	395.548
511.437	401.813
511.792	390.2
512.149	397.719
512.506	380.982
512.86	405.319
513.217	401.649
513.574	391.433
513.929	393.29
514.285	401.477
514.64	391.427
514.997	394.353
515.354	391.463
515.708	386.395
516.065	388.373
516.422	386.205
516.776	395.623
517.133	397.97
517.488	391.907
517.844	394.919
518.199	395.326
518.555	391.972
518.912	393.766
519.266	401.097
519.623	393.295
519.978	391.55
520.334	386.619
520.689	390.977
521.045	395.855
521.402	394.228
521.756	397.189
522.112	404.743
522.467	393.704
522.823	399.589
523.178	399.517
523.534	393.801
523.888	394.73
524.245	405.732
524.599	396.454
524.955	398.66
525.31	399.065
525.666	394.397
526.02	402.055
526.377	399.787
526.731	403.139
527.087	401.085
527.441	394.268
527.798	392.272
528.152	399.094
528.508	400.849
528.862	390.731
529.218	392.72
529.572	402.578
529.929	395.82
530.283	396.083
530.639	389.715
530.993	390.318
531.347	398.788
531.703	397.944
532.057	390.571
532.413	390.115
532.767	393.615
533.123	392.335
533.477	399.122
533.833	394.433
534.187	387.514
534.541	393.497
534.897	396.898
535.251	393.315
535.607	401.503
535.961	394.936
536.315	398.509
536.67	399.419
537.024	393.474
537.378	391.455
537.734	397.054
538.088	397.477
538.444	396.335
538.797	392.992
539.151	397.332
539.507	395.846
539.861	394.724
540.214	391.809
540.57	397.346
540.924	396.279
541.278	397.839
541.633	394.903
541.987	391.194
542.341	392.661
542.696	400.15
543.05	397.832
543.403	393.786
543.759	394.471
544.113	398.401
544.466	402.064
544.822	395.227
545.175	389.827
545.529	393.162
545.884	398.543
546.238	390.721
546.591	387.994
546.945	398.376
547.3	397.583
547.654	396.214
548.007	394.357
548.36	398.298
548.716	391.637
549.069	393.437
549.423	396.887
549.776	398.312
550.131	402.205
550.485	396.736
550.838	404.037
551.191	396.039
551.546	396.94
551.9	393.317
552.253	400.453
552.606	398.468
552.961	398.688
553.315	397.383
553.668	400.785
554.021	393.448
554.374	393.779
554.729	389.745
555.083	391.795
555.436	402.444
555.789	396.202
556.142	397.954
556.495	396.02
556.85	394.108
557.203	394.314
557.556	393.972
557.909	392.874
558.262	398.71
558.615	399.784
558.97	394.29
559.323	393.519
559.676	393.094
560.029	397.808
560.382	393.695
560.735	393.565
561.088	403.987
561.443	399.132
561.796	397.829
562.149	397.879
562.502	396.866
562.854	394.455
563.207	389.833
563.56	397.354
563.913	397.633
564.266	395.352
564.618	395.361
564.973	391.514
565.326	391.051
565.679	393.563
566.031	397.994
566.384	400.587
566.737	394.431
567.089	398.318
567.442	396.437
567.795	398.443
568.147	393.84
568.5	392.095
568.853	393.866
569.205	392.047
569.558	389.928
569.91	407.027
570.263	394.505
570.615	401.655
570.968	406.009
571.32	383.947
571.673	389.336
572.025	398.815
572.378	400.393
572.73	396.668
573.083	395.687
573.435	399.737
573.788	393.071
574.14	403.774
574.492	389.611
574.845	394.468
575.197	400.574
575.55	401.595
575.902	393.392
576.254	401.848
576.607	405.912
576.959	399.893
577.311	401.001
577.663	406.185
578.016	401.692
578.368	404.204
578.72	397.717
579.072	396.255
579.425	390.038
579.777	395.601
580.129	407.5
580.481	402.341
580.831	409.161
581.183	399.019
581.535	395.232
581.888	389.948
582.24	390.335
582.592	404.118
582.944	399.775
583.296	399.52
583.648	400.134
584	402.452
584.35	397.448
584.702	401.393
585.054	407.393
585.406	394.788
585.758	403.786
586.11	399.301
586.462	402.951
586.812	402.579
587.163	400.023
587.515	404.809
587.867	410.363
588.219	396.377
588.571	404.984
588.921	398.429
589.273	404.435
589.624	397.11
589.976	400.099
590.328	410.857
590.68	398.643
591.029	397.914
591.381	402.079
591.733	402.387
592.085	408.48
592.434	402.862
592.786	399.88
593.138	398.231
593.489	399.835
593.841	398.158
594.191	405.678
594.542	399.851
594.894	393.969
595.245	399.037
595.595	401.808
595.946	407.921
596.298	409.5
596.65	400.158
596.999	405.456
597.351	407.487
597.702	406.96
598.054	403.274
598.403	402.45
598.754	405.322
599.106	406.624
599.455	410.222
599.807	401.27
600.158	407.958
600.509	409.747
600.859	403.478
601.21	401.858
601.562	400.845
601.911	400.28
602.262	407.811
602.613	412.646
602.963	409.106
603.314	405.571
603.665	409.521
604.014	405.624
604.366	407.287
604.717	407.126
605.066	405.075
605.417	405.195
605.768	406.564
606.118	410.907
606.469	408.577
606.818	401.579
607.169	405.988
607.52	413.533
607.869	414.262
608.22	415.053
608.571	411.909
608.92	407.669
609.272	403.379
609.621	412.002
609.972	411.419
610.323	404.445
610.672	412.45
611.023	410.819
611.371	412.077
611.722	413.424
612.071	410.974
612.422	408.192
612.773	399.22
613.122	407.81
613.473	409.546
613.822	415.708
614.173	419.207
614.521	412.168
614.872	416.735
615.221	410.853
615.572	412.684
615.923	406.791
616.271	412.519
616.622	403.706
616.971	409.762
617.322	415.673
617.67	408.583
618.021	406.249
618.37	412.557
618.721	413.191
619.069	415.86
619.42	408.422
619.768	405.343
620.119	404.264
620.468	405.237
620.818	408.634
621.167	406.555
621.515	414.996
621.866	405.226
622.214	402.821
622.565	413.775
622.914	412.261
623.264	410.245
623.612	423.497
623.963	410.967
624.311	413.439
624.662	415.733
625.01	415.601
625.359	414.918
625.709	406.726
626.058	404.565
626.408	408.748
626.756	412.368
627.105	420.339
627.455	421.091
627.803	404.359
628.154	412.825
628.502	406.396
628.85	416.96
629.2	414.093
629.549	414.179
629.899	408.195
630.247	410.07
630.595	419.533
630.946	414.74
631.294	414.4
631.642	408.201
631.992	411.61
632.34	411.249
632.688	409.397
633.039	407.384
633.387	408.372
633.735	414.372
634.085	414.035
634.433	412.201
634.781	409.578
635.131	418.165
635.479	415.607
635.827	414.059
636.177	416.99
636.525	413.287
636.873	420.441
637.223	417.604
637.571	417.468
637.919	418.334
638.267	411.609
638.617	406.377
638.965	400.319
639.312	414.294
639.662	420.036
640.01	412.303
640.358	426.747
640.706	415.749
641.056	413.319
641.403	412.907
641.751	418.092
642.099	417.732
642.449	413.855
642.797	415.096
643.144	414.291
643.492	418.005
643.84	415.847
644.189	411.037
644.537	413.282
644.885	413.778
645.232	411.439
645.58	411.824
645.93	409.151
646.277	413.676
646.625	410.34
646.972	412.959
647.32	417.531
647.669	416.112
648.017	409.423
648.365	408.859
648.712	418.6
649.06	413.029
649.407	414.209
649.757	415.531
650.104	413.616
650.451	412.77
650.799	419.302
651.146	418.64
651.494	419.714
651.841	414.618
652.191	415.761
652.538	416.105
652.885	408.938
653.233	410.892
653.58	411.919
653.927	404.668
654.275	414.095
654.622	414.51
654.969	412.272
655.318	410.425
655.666	411.334
656.013	413.035
656.36	410.136
656.707	414.915
657.055	408.64
657.402	405.939
657.749	418.864
658.096	408.713
658.443	407.419
658.79	415.469
659.137	414.36
659.485	416.484
659.832	406.728
660.179	420.338
660.526	411.317
660.873	413.184
661.222	415.491
661.569	418.022
661.916	422.767
662.263	413.517
662.61	413.652
662.957	418.708
663.304	418.662
663.651	421.627
663.998	418.192
664.345	414.675
664.692	417.056
665.038	413.9
665.385	419.265
665.732	422.072
666.077	418.069
666.424	419.35
666.771	416.286
667.117	414.42
667.464	412.23
667.811	414.246
668.158	428.37
668.505	419.181
668.851	412.709
669.198	415.529
669.545	417.654
669.891	413.02
670.238	424.575
670.585	417.34
670.932	415.436
671.278	419.806
671.625	420.241
671.969	420.818
672.316	417.007
672.663	417.093
673.009	414.645
673.356	418.811
673.702	426.171
674.049	420.158
674.395	416.834
674.742	424.349
675.086	421.523
675.433	410.291
675.779	416.158
676.126	420.037
676.472	418.909
676.819	418.266
677.165	422.642
677.51	414.066
677.856	413.36
678.202	420.88
678.549	424.313
678.895	430.965
679.242	422.466
679.586	423.058
679.926	407.313
680.274	423.371
680.623	422.888
680.971	421.838
681.319	418.196
681.668	425.016
682.016	424.707
682.364	418.422
682.712	425.712
683.06	419.181
683.409	427.973
683.757	425.864
684.103	413.144
684.451	424.205
684.799	419.062
685.147	415.097
685.496	429.741
685.844	418.093
686.192	429.491
686.54	422.079
686.888	419.196
687.236	420.792
687.584	422.007
687.932	426.104
688.28	421.29
688.626	423.356
688.974	420.199
689.322	411.517
689.67	429.754
690.018	427.092
690.366	423.586
690.714	424.383
691.061	430.782
691.407	431.297
691.755	431.88
692.103	429.016
692.451	416.994
692.799	422.964
693.147	424.256
693.494	418.143
693.84	418.201
694.188	414.371
694.536	424.985
694.883	414.942
695.231	433.39
695.579	421.215
695.925	411.665
696.272	427.538
696.62	425.506
696.968	418.184
697.315	416.272
697.661	433.535
698.009	421.216
698.356	420.444
698.704	419.853
699.051	424.135
699.397	427.879
699.745	427.846
700.092	422.622
700.44	436.017
700.785	427.976
701.133	431.606
701.48	429.914
701.828	419.575
702.173	423.185
702.521	429.067
702.868	429.226
703.215	423.911
703.561	416.062
703.908	427.441
704.256	431.627
704.603	418.828
704.948	422.793
705.296	428.598
705.643	430.171
705.988	424.426
706.336	430.083
706.683	421.653
707.028	428.355
707.376	425.26
707.723	417.028
708.07	417.467
708.415	418.897
708.763	420.126
709.11	420.501
709.455	422.542
709.802	424.946
710.149	427.894
710.494	433.815
710.841	420.668
711.187	418.533
711.534	427.83
711.881	436.369
712.226	418.33
712.573	427.953
712.92	418.989
713.265	422.26
713.612	424.446
713.959	427.375
714.304	422.015
714.651	422.174
714.996	427.665
715.343	429.832
715.69	428.835
716.035	433.952
716.382	418.649
716.727	420.301
717.074	425.098
717.421	428.102
717.766	427.232
718.112	424.594
718.457	427.233
718.804	431.518
719.149	431.109
719.496	431.048
719.842	422.684
720.187	421.521
720.534	426.592
720.879	427.715
721.225	425.288
721.57	422.697
721.917	432.066
722.262	430.284
722.608	426.12
722.953	426.34
723.3	428.46
723.644	429.199
723.991	427.428
724.336	427.983
724.682	420.668
725.027	426.477
725.373	423.803
725.718	425.253
726.064	426.849
726.409	425.83
726.755	423.104
727.1	422.111
727.447	426.954
727.791	429.046
728.138	426.128
728.482	426.12
728.828	433.884
729.173	422.115
729.517	419.646
729.864	422.443
730.208	427.717
730.554	431.078
730.899	434.743
731.245	429.711
731.59	426.03
731.936	419.054
732.28	423.667
732.625	429.268
732.971	417.218
733.315	418.297
733.661	421.117
734.006	431.235
734.35	428.774
734.696	420.94
735.04	423.797
735.386	430.765
735.731	430.558
736.075	427.361
736.421	422.07
736.765	422.933
737.109	420.767
737.455	418.801
737.799	429.009
738.144	427.16
738.49	419.439
738.834	426.601
739.178	425.36
739.524	427.982
739.868	429.228
740.212	440.012
740.558	426.076
740.902	419.626
741.246	427.991
741.592	432.594
741.936	423.205
742.28	429
742.626	423.953
742.97	428.59
743.313	433.653
743.659	429.412
744.003	422.627
744.347	421.838
744.691	432.55
745.037	431.313
745.381	425.504
745.724	420.438
746.07	425.815
746.414	435.992
746.758	425.364
747.101	414.174
747.447	435.08
747.791	425.215
748.135	422.286
748.478	423.776
748.822	420.996
749.168	418.684
749.511	420.823
749.855	424.233
750.199	424.064
750.544	425.159
750.888	422.652
751.232	428.492
751.575	425.276
751.919	435.182
752.264	425.965
752.608	421.564
752.951	432.199
753.295	427.596
753.638	426.801
753.984	427.605
754.327	422.522
754.671	426.935
755.014	424.322
755.358	424.186
755.701	430.028
756.046	431.089
756.39	429.407
756.733	421.816
757.077	424.398
757.42	435.517
757.763	432.839
758.107	438.87
758.45	442.068
758.795	432.223
759.139	429.8
759.482	429.577
759.825	428.021
760.168	429.992
760.512	437.74
760.855	430.381
761.198	420.349
761.541	426.797
761.887	426.073
762.23	430.927
762.573	433.592
762.916	435.313
763.259	428.547
763.602	429.463
763.945	426.181
764.289	427.595
764.632	427.442
764.975	425.956
765.318	428.877
765.661	437.886
766.004	439.021
766.347	432.622
766.69	426.153
767.033	434.818
767.376	425.541
767.719	429.095
768.062	434.762
768.407	433.972
768.75	436.523
769.093	436.181
769.435	432.303
769.778	428.995
770.121	433.578
770.464	436.144
770.807	429.454
771.148	430.093
771.491	426.016
771.833	434.339
772.176	440.405
772.519	431.04
772.862	433.913
773.205	427.656
773.547	434.662
773.89	437.821
774.233	425.31
774.576	427.878
774.918	430.2
775.261	439.178
775.604	430.907
775.946	428.372
776.289	444.025
776.632	442.707
776.974	436.675
777.317	427.73
777.657	428.109
778	431.092
778.343	439.428
778.685	432.395
779.028	430.166
779.37	428.496
779.713	433.551
780.055	437.434
780.398	445.515
780.738	432.308
781.081	437.514
781.423	430.304
781.766	432.191
782.108	437.246
782.45	446.938
782.793	434.469
783.135	433.709
783.476	439.225
783.818	432.165
784.16	439.997
784.503	438.197
784.845	441.068
785.187	439.711
785.528	438.716
785.87	447.034
786.212	434.699
786.554	437.303
786.897	433.388
787.237	434.272
787.579	435.624
787.921	433.339
788.263	446.852
788.606	438.037
788.946	438.402
789.288	427.669
789.63	431.847
789.972	448.449
790.312	446.921
790.654	437.845
790.997	441.093
791.339	449.478
791.681	438.589
792.021	439.473
792.363	450.447
792.705	444.281
793.045	441.659
793.387	436.763
793.729	434.894
794.071	445.187
794.411	430.419
794.753	439.716
795.095	440.354
795.437	447.223
795.776	442.136
796.118	445.644
796.46	449.494
796.8	438.091
797.142	444.699
797.484	450.531
797.824	448.947
798.165	442.179
798.507	444.264
798.847	453.716
799.189	441.313
799.531	442.317
799.87	450.575
800.212	449.107
800.554	443.978
800.894	450.188
801.235	445.149
801.577	444.941
801.917	446.997
802.258	446.9
802.6	432.244
802.94	440.236
803.281	438.674
803.621	449.025
803.963	441.09
804.304	440.231
804.644	447.575
804.985	442.092
805.325	442.458
805.666	437.317
806.008	447.622
806.347	439.998
806.689	441.783
807.028	449.901
807.37	445.452
807.711	457.13
808.051	452.058
808.392	445.183
808.732	456.275
809.073	453.295
809.412	443.258
809.754	446.663
810.093	439.366
810.435	447.227
810.776	447.38
811.115	449.881
811.457	449.216
811.796	452.604
812.137	440.05
812.476	446.123
812.818	452.299
813.157	453.518
813.498	449.485
813.837	444.869
814.179	443.47
814.518	445.21
814.859	445.505
815.198	452.289
815.539	452.023
815.879	452.928
816.22	452.649
816.559	444.461
816.898	447.056
817.239	447.518
817.578	445.924
817.919	440.049
818.258	444.577
818.599	448.814
818.938	449.137
819.279	451.251
819.618	447.169
819.959	446.461
820.298	456.488
820.637	448.695
820.978	444.969
821.317	446.737
821.658	452.524
821.997	446.559
822.336	440.169
822.677	444.471
823.016	448.423
823.357	452.037
823.696	459.391
824.034	446.772
824.375	450.164
824.714	446.978
825.055	441.883
825.394	442.505
825.733	442.571
826.073	443.734
826.412	447.669
826.751	450.839
827.092	450.359
827.43	445.735
827.769	455.427
828.11	453.961
828.448	446.286
828.787	439.32
829.128	447.934
829.466	453.56
829.805	450.93
830.146	446.968
830.484	444.202
830.823	447.285
831.163	456.186
831.502	451.055
831.841	450.468
832.179	452.482
832.52	451.129
832.858	455.571
833.197	457.243
833.537	447.547
833.876	445.612
834.214	456.158
834.553	459.573
834.893	449.444
835.231	456.588
835.57	445.133
835.908	450.478
836.249	449.93
836.587	446.701
836.925	454.974
837.264	448.871
837.604	444.247
837.942	451.976
838.281	448.22
838.619	444.276
838.957	436.396
839.298	457.83
839.636	450.47
839.974	452.871
840.312	453.026
840.651	446.557
840.991	456.48
841.329	451.094
841.667	454.009
842.005	448.949
842.344	454.702
842.682	447.635
843.022	441.473
843.36	453.833
843.698	443.971
844.036	443.18
844.374	450.534
844.712	448.905
845.052	451.397
845.391	443.73
845.729	446.536
846.067	449.373
846.405	458.804
846.743	459.379
847.081	451.796
847.419	450.824
847.758	443.022
848.096	453.921
848.434	456.38
848.772	449.844
849.11	456.331
849.448	442.991
849.786	446.689
850.124	447.729
850.462	449.631
850.8	453.497
851.137	451.73
851.477	457.24
851.815	458.375
852.153	461.481
852.491	454.295
852.828	461.124
853.166	453.959
853.504	455.926
853.842	460.57
854.179	447.263
854.517	448.442
854.855	461.849
855.193	459.114
855.53	452.963
855.868	443.271
856.206	452.159
856.543	459.909
856.881	461.64
857.218	460.81
857.556	458.684
857.894	450.092
858.231	447.313
858.569	463.163
858.906	453.804
859.244	443.017
859.581	458.851
859.919	465.13
860.256	457.426
860.594	447.122
860.931	445.558
861.269	454.577
861.606	449.291
861.944	455.397
862.281	459.381
862.618	450.718
862.954	450.004
863.291	462.128
863.629	453.967
863.966	454.502
864.303	451.928
864.641	458.086
864.772	458.888
865.111	451.539
865.451	459.102
865.792	458.611
866.131	457.511
866.47	457.97
866.81	455.181
867.149	458.602
867.488	456.945
867.827	460.21
868.166	458.844
868.505	457.443
868.844	451.135
869.184	462.002
869.523	458.239
869.862	454.554
870.201	463.85
870.54	463.281
870.879	453.021
871.218	447.934
871.557	445.293
871.896	469.865
872.235	473.012
872.574	461.874
872.913	462.878
873.252	466.92
873.591	458.558
873.93	455.165
874.269	461.041
874.608	460.934
874.947	458.558
875.286	465.888
875.624	452.412
875.963	461.794
876.302	456.868
876.641	461.35
876.98	472.033
877.319	457.271
877.657	464.82
877.994	460.896
878.333	468.165
878.672	462.042
879.011	472.056
879.349	464.321
879.688	467.135
880.027	463.632
880.365	457.84
880.704	457.573
881.043	467.33
881.381	471.524
881.718	457.662
882.057	458.901
882.395	466.133
882.734	451.841
883.073	480.283
883.411	467.461
883.75	467.798
884.088	459.008
884.425	466.714
884.763	465.234
885.102	464.578
885.44	471.771
885.779	458.295
886.117	462.932
886.456	477.786
886.792	474.369
887.131	482.693
887.469	471.477
887.808	476.694
888.146	459.359
888.483	460.666
888.821	469.603
889.159	465.671
889.498	476.772
889.836	466.58
890.172	464.99
890.511	456.777
890.849	463.368
891.187	460.608
891.526	474.161
891.862	463.824
892.2	470.658
892.538	466.541
892.877	465.461
893.213	474.992
893.551	465.976
893.889	476.363
894.227	467.25
894.564	467.391
894.902	478.344
895.24	468.132
895.578	468.947
895.914	475.498
896.252	471.969
896.59	465.263
896.928	480.093
897.265	457.998
897.603	478.885
897.941	472.402
898.277	477.183
898.615	474.207
898.953	469.72
899.289	472.049
899.627	478.078
899.965	473.017
900.301	470.086
900.639	462.059
900.976	466.366
901.314	474.767
901.65	466.769
901.988	472.127
902.324	485.055
902.662	481.547
903	475.146
903.336	475.994
903.673	472.876
904.011	466.305
904.347	472.865
904.685	468.233
905.023	466.038
905.358	475.772
905.696	479.584
906.032	466.659
906.37	473.474
906.707	481.662
907.043	475.018
907.381	470.729
907.717	475.123
908.054	474.512
908.392	474.783
908.728	480.087
909.065	479.918
909.401	475.576
909.738	479.061
910.076	471.459
910.412	467.354
910.749	472.546
911.085	476.061
911.422	473.537
911.758	480.202
912.095	479.831
912.431	474.954
912.768	466.281
913.104	474.936
913.441	480.164
913.779	482.314
914.114	478.807
914.452	478.789
914.787	474.306
915.124	477.487
915.46	468.818
915.797	475.052
916.133	475.697
916.47	472.955
916.805	469.349
917.143	479.442
917.478	472.539
917.815	474.469
918.151	471.405
918.486	472.183
918.823	470.294
919.158	477.852
919.496	477.176
919.831	474.926
920.168	473.244
920.503	470.149
920.84	467.696
921.176	467.151
921.513	474.288
921.848	480.278
922.183	480.733
922.52	482.159
922.855	476.117
923.192	471.717
923.528	483.091
923.865	475.103
924.2	480.024
924.535	483.761
924.872	484.171
925.207	473.742
925.542	476.886
925.879	472.797
926.214	489.531
926.551	479.22
926.886	483.927
927.221	474.685
927.558	467.532
927.893	480.878
928.228	478.47
928.565	484.175
928.899	478.799
929.236	485.999
929.571	486.286
929.906	468.108
930.243	478.998
930.578	478.829
930.913	486.617
931.249	489.217
931.584	474.066
931.919	480.372
932.256	475.809
932.591	474.045
932.925	468.227
933.26	474.18
933.597	484.003
933.931	458.152
934.266	475.205
934.603	472.308
934.938	487.785
935.272	477.807
935.607	478.185
935.943	469.839
936.278	486.094
936.613	466.103
936.949	459.728
937.284	477.604
937.618	476.608
937.953	476.048
938.29	483.878
938.624	481.15
938.959	469.347
939.293	467.577
939.628	484.603
939.964	477.486
940.299	479.143
940.633	476.205
940.968	487.05
941.304	475.914
941.638	481.432
941.973	474.908
942.307	475.184
942.642	482.489
942.978	478.246
943.312	470.324
943.647	476.15
943.981	473.35
944.315	479.956
944.65	475.688
944.986	486.12
945.32	490.606
945.655	479.89
945.989	472.113
946.323	473.814
946.657	481.279
946.994	482.71
947.328	475.213
947.662	470.481
947.996	476.222
948.33	492.774
948.665	483.52
948.999	487.199
949.333	479.115
949.669	471.49
950.003	474.801
950.337	473.581
950.671	484.053
951.005	485.417
951.34	474.173
951.674	483.02
952.008	485.756
952.342	488.245
952.676	480.412
953.01	480.414
953.346	477.959
953.68	471.29
954.014	476.714
954.348	480.334
954.682	480.431
955.016	485.157
955.349	488.855
955.683	482.304
956.017	476.907
956.351	473.407
956.685	467.904
957.019	475.8
957.353	485.298
957.687	483.364
958.02	479.773
958.354	474.103
958.688	473.16
959.022	479.143
959.356	484.961
959.689	478.759
960.023	480.454
960.357	478.653
960.691	483.065
961.024	480.25
961.358	479.949
961.692	487.505
962.025	491.501
962.359	487.062
962.693	484.435
963.026	484.915
963.36	487.249
963.694	480.616
964.027	477.854
964.361	483.527
964.694	486.004
965.028	488.659
965.359	487.186
965.693	487.082
966.027	485.909
966.36	485.312
966.694	488.746
967.027	480.942
967.361	483.117
967.694	479.662
968.027	489.776
968.361	486.324
968.694	485.873
969.026	494.862
969.359	496.233
969.693	486.176
970.026	482.296
970.359	489.757
970.693	497.844
971.026	481.089
971.359	481.375
971.691	487.007
972.024	493.626
972.357	489.825
972.691	483.281
973.024	498.181
973.357	480.509
973.688	485.648
974.022	483.001
974.355	484.774
974.688	483.876
975.021	491.133
975.354	500.402
975.686	485.175
976.019	494.048
976.352	494.51
976.685	485.49
977.018	490.318
977.349	494.41
977.682	486.892
978.016	493.922
978.349	492.204
978.682	488.772
979.013	482.093
979.346	488.831
979.679	501.896
980.012	489.359
980.343	492.602
980.676	501.652
981.009	506.445
981.342	497.774
981.673	498.607
982.006	504.994
982.339	500.736
982.672	481.833
983.002	498.307
983.335	503.685
983.668	507.37
983.999	496.3
984.332	503.554
984.665	487.196
984.998	475.793
985.328	507.423
985.661	498.859
985.994	499.131
986.325	497.556
986.658	502.655
986.99	505.695
987.321	495.527
987.654	502.992
987.987	509.454
988.317	497.902
988.65	499.867
988.983	494.319
989.313	503.336
989.646	506.215
989.979	491.514
990.309	496.377
990.642	501.908
990.973	497.362
991.305	495.137
991.638	500.558
991.968	506.391
992.301	509.035
992.633	503.634
992.964	510.985
993.297	512.989
993.627	502.94
993.96	501.087
994.292	503.904
994.623	493.685
994.955	506.454
995.286	502.669
995.618	506.593
995.948	506.134
996.281	508.665
996.613	509.78
996.944	511.818
997.276	496.768
997.606	491.701
997.939	502.195
998.269	506.615
998.602	505.118
998.932	503.232
999.264	500.991
999.594	499.331
999.927	506.015
1000.26	506.438
1000.59	508.753
1000.92	500.9
1001.25	500.546
1001.58	512.118
1001.91	507.5
1002.25	506.413
1002.58	507.58
1002.91	503.86
1003.24	502.801
1003.57	504.818
1003.9	514.032
1004.23	507.864
1004.56	507.728
1004.89	510.979
1005.23	515.226
1005.56	507.175
1005.89	496.984
1006.22	501.17
1006.55	504.605
1006.88	510.502
1007.21	506.722
1007.54	501.154
1007.87	503.468
1008.2	510.006
1008.53	512.174
1008.87	508.069
1009.2	504.861
1009.53	505.863
1009.86	510.283
1010.19	509.947
1010.52	514.289
1010.85	514.141
1011.18	521.383
1011.51	510.799
1011.84	509.987
1012.17	509.289
1012.5	505.874
1012.83	510.033
1013.16	511.357
1013.49	498.97
1013.83	517.285
1014.16	516.534
1014.49	511.966
1014.82	508.083
1015.15	513.229
1015.48	515.076
1015.81	506.441
1016.14	505.195
1016.47	515.726
1016.8	511.051
1017.13	517.117
1017.46	513.596
1017.79	524.06
1018.12	510.749
1018.45	511.745
1018.78	516.537
1019.11	513.635
1019.44	520.661
1019.77	508.838
1020.1	512.209
1020.43	522.6
1020.76	533.224
1021.09	516.701
1021.42	506.645
1021.75	510.771
1022.08	525.993
1022.41	519.871
1022.74	514.99
1023.07	521.402
1023.4	511.202
1023.73	512.402
1024.06	511.085
1024.39	515.667
1024.72	520.503
1025.05	510.803
1025.38	516.438
1025.71	517.308
1026.04	508.329
1026.37	515.134
1026.7	519.089
1027.03	511.385
1027.36	509.92
1027.69	519.981
1028.02	511.333
1028.35	504.283
1028.68	520.596
1029.01	510.365
1029.34	501.693
1029.67	508.012
1029.99	513.64
1030.32	521.568
1030.66	528.882
1030.98	510.908
1031.31	511.067
1031.64	509.289
1031.97	508.507
1032.3	506.038
1032.63	515.016
1032.96	514.325
1033.29	509.71
1033.62	511.593
1033.95	514.33
1034.28	510.453
1034.61	500.854
1034.94	513.466
1035.26	513.987
1035.6	509.463
1035.92	501.283
1036.25	510.27
1036.58	502.723
1036.91	507.447
1037.24	519.184
1037.57	517.989
1037.9	526.313
1038.23	506.573
1038.56	529.822
1038.88	512.771
1039.21	511.67
1039.54	504.871
1039.87	508.266
1040.2	510.36
1040.53	525.475
1040.86	512.85
1041.19	502.672
1041.52	513.253
1041.85	531.715
1042.17	517.453
1042.5	502.406
1042.55	500.995
1042.88	505.499
1043.21	531.237
1043.54	519.029
1043.87	518.948
1044.21	518.426
1044.54	514.015
1044.87	515.851
1045.2	512.893
1045.53	519.176
1045.86	508.066
1046.19	521.008
1046.52	520.005
1046.85	514.15
1047.18	516.694
1047.51	517
1047.84	518.827
1048.18	517.339
1048.51	519.053
1048.84	513.111
1049.17	514.9
1049.5	531.657
1049.83	525.123
1050.16	517.878
1050.49	513.827
1050.82	514.474
1051.15	517.269
1051.48	524.556
1051.81	515.987
1052.14	517.22
1052.47	518.239
1052.8	506.928
1053.13	520.282
1053.46	519.854
1053.8	509.366
1054.13	514.881
1054.46	524.12
1054.79	510.095
1055.12	523.997
1055.45	518.987
1055.78	525.673
1056.11	497.736
1056.44	514.933
1056.77	525.625
1057.1	507.196
1057.43	508.903
1057.76	520.341
1058.09	520.749
1058.42	508.421
1058.75	516.469
1059.08	525.61
1059.41	507.499
1059.74	505.88
1060.07	522.762
1060.4	511.681
1060.73	509.191
1061.06	514.498
1061.39	522.953
1061.72	522.829
1062.05	515.948
1062.38	524.465
1062.71	524.241
1063.04	516.75
1063.37	520.339
1063.7	520.289
1064.03	526.042
1064.36	526.24
1064.69	528.783
1065.02	523.802
1065.35	522.886
1065.68	524.026
1066.01	507.649
1066.34	523.723
1066.67	523.955
1067	527.087
1067.33	521.227
1067.66	522.003
1067.98	528.935
1068.31	526.009
1068.64	525.092
1068.97	523.934
1069.3	515.761
1069.63	524.632
1069.96	525.891
1070.29	519.724
1070.62	522.184
1070.95	519.884
1071.28	516.74
1071.61	517.974
1071.94	529.566
1072.27	528.556
1072.6	532.693
1072.93	524.675
1073.26	523.177
1073.58	524.903
1073.91	534.084
1074.24	529.372
1074.57	523.003
1074.9	524.6
1075.23	526.897
1075.56	520.714
1075.89	527.8
1076.22	533.612
1076.55	524.148
1076.88	525.839
1077.21	521.146
1077.53	518.643
1077.86	526.966
1078.19	526.512
1078.52	529.294
1078.85	521.117
1079.18	528.848
1079.51	515.237
1079.84	520.789
1080.17	526.45
1080.49	531.728
1080.82	531.015
1081.15	530.107
1081.48	521.128
1081.81	521.237
1082.14	524.764
1082.47	523.351
1082.8	534.001
1083.12	528.777
1083.45	529.912
1083.78	520.535
1084.11	527.606
1084.44	521.883
1084.77	536.856
1085.1	543.415
1085.42	541
1085.75	532.839
1086.08	526.118
1086.41	524.247
1086.74	536.355
1087.07	544.862
1087.39	549.532
1087.72	538.895
1088.05	545.547
1088.38	533.182
1088.71	531.712
1089.04	533.28
1089.36	534.936
1089.69	536.095
1090.02	533.345
1090.35	540.566
1090.68	541.241
1091.01	538.984
1091.33	541.776
1091.66	538.796
1091.99	547.694
1092.32	533.849
1092.65	533.639
1092.97	526.624
1093.3	535.015
1093.63	534.038
1093.96	541.349
1094.29	536.811
1094.61	546.56
1094.94	542.036
1095.27	535.406
1095.6	542.546
1095.93	547.147
1096.25	538.821
1096.58	544.02
1096.91	538.173
1097.24	550.584
1097.56	540.143
1097.89	534.525
1098.22	539.204
1098.55	542.141
1098.88	541.343
1099.2	538.557
1099.53	542.444
1099.86	537.955
1100.19	539.715
1100.51	544.709
1100.84	550.921
1101.17	543.264
1101.5	530.196
1101.82	542.85
1102.15	548.679
1102.48	539.754
1102.81	542.353
1103.13	554.691
1103.46	539.314
1103.79	544.314
1104.12	537.571
1104.44	539.606
1104.77	547.089
1105.1	554.146
1105.43	543.672
1105.75	550.052
1106.08	539.09
1106.41	548.427
1106.74	555.002
1107.06	533.011
1107.39	549.001
1107.72	544.885
1108.04	540.664
1108.37	540.43
1108.7	538.66
1109.03	562.816
1109.35	554.326
1109.68	556.543
1110.01	546.542
1110.33	545.287
1110.66	538.754
1110.99	542.921
1111.32	551.406
1111.64	558.62
1111.97	552.252
1112.3	547.136
1112.62	549.393
1112.95	561.92
1113.28	558.231
1113.6	556.494
1113.93	553.086
1114.26	547.716
1114.58	554.255
1114.91	553.642
1115.24	540.309
1115.56	557.69
1115.89	546.198
1116.22	549.845
1116.54	550.185
1116.87	546.623
1117.2	548.589
1117.52	551.639
1117.85	557.069
1118.18	558.172
1118.5	548.752
1118.83	555.758
1119.16	548.259
1119.48	543.565
1119.81	545.016
1120.14	557.909
1120.46	552.434
1120.79	555.764
1121.12	567.182
1121.44	561.875
1121.77	557.436
1122.09	554.132
1122.42	560.507
1122.75	557.097
1123.07	553.195
1123.4	556.23
1123.73	554.8
1124.05	559.889
1124.38	562.843
1124.7	563.953
1125.03	554.847
1125.36	552.848
1125.68	562.46
1126.01	552.243
1126.33	551.234
1126.66	557.843
1126.99	563.155
1127.31	555.571
1127.64	555.429
1127.96	558.086
1128.29	560.615
1128.62	547.032
1128.94	543.2
1129.27	552.684
1129.59	548.975
1129.92	543.193
1130.25	548.077
1130.57	561.851
1130.9	562.601
1131.22	559.602
1131.55	556.91
1131.88	560.577
1132.2	556.244
1132.53	553.936
1132.85	557.98
1133.18	556.906
1133.5	554.25
1133.83	564.872
1134.16	557.997
1134.48	552.015
1134.81	550.682
1135.13	554.059
1135.46	551.692
1135.78	550.918
1136.11	555.665
1136.43	555.898
1136.76	564.443
1137.09	557.107
1137.41	553.633
1137.74	552.809
1138.06	546.513
1138.39	562.263
1138.71	555.437
1139.04	555.385
1139.36	565.131
1139.69	556.432
1140.01	552.548
1140.34	559.187
1140.66	560.317
1140.99	555.321
1141.32	558.17
1141.64	554.61
1141.97	556.103
1142.29	555.404
1142.62	554.084
1142.94	565.786
1143.27	550.869
1143.59	559.196
1143.92	566.011
1144.24	563.985
1144.57	557.252
1144.89	560.268
1145.22	558.253
1145.54	561.739
1145.87	561.084
1146.19	566.05
1146.52	544.972
1146.84	556.143
1147.16	556.966
1147.49	555.884
1147.81	559.081
1148.14	547.39
1148.46	556.1
1148.79	561.043
1149.11	552.775
1149.44	552.417
1149.76	557.024
1150.09	559.701
1150.41	558.748
1150.74	556.36
1151.06	560.577
1151.39	559.677
1151.71	554.622
1152.03	559.076
1152.36	562.224
1152.68	549.115
1153.01	555.26
1153.33	559.931
1153.66	562.157
1153.98	568.894
1154.31	559.578
1154.63	562.229
1154.95	559.594
1155.28	573.69
1155.6	560.406
1155.93	564.264
1156.25	581.473
1156.58	559.329
1156.9	562.681
1157.22	561.92
1157.55	562.235
1157.87	550.881
1158.2	561.846
1158.52	556.638
1158.85	560.89
1159.17	562.677
1159.49	557.65
1159.82	552.161
1160.14	553.247
1160.47	551.777
1160.79	558.14
1161.11	557.179
1161.44	568.449
1161.76	562.807
1162.09	565.038
1162.41	562.057
1162.73	563.273
1163.06	556.033
1163.38	568.692
1163.7	553.651
1164.03	555.383
1164.35	554.905
1164.68	551.926
1165	552.006
1165.32	555.08
1165.65	552.841
1165.97	562.208
1166.3	553.23
1166.62	553.313
1166.94	554.786
1167.27	542.616
1167.59	563.588
1167.91	576.248
1168.24	571.094
1168.56	560.264
1168.88	547.606
1169.21	557.561
1169.53	557.928
1169.86	563.403
1170.18	567.484
1170.5	559.176
1170.83	562.829
1171.15	557.549
1171.47	559.813
1171.8	565.003
1172.12	571.443
1172.44	564.24
1172.77	562.509
1173.09	563.739
1173.41	562.407
1173.74	562.773
1174.06	565.069
1174.38	578.733
1174.71	575.553
1175.03	572.106
1175.35	568.553
1175.68	565.202
1176	566.284
1176.32	567.736
1176.64	565.896
1176.97	558.741
1177.29	563.412
1177.61	574.412
1177.94	562.401
1178.26	559.858
1178.58	568.15
1178.91	572.684
1179.23	572.101
1179.55	573.269
1179.87	578.088
1180.2	568.866
1180.52	572.923
1180.84	576.74
1181.17	575.722
1181.49	571.124
1181.81	568.577
1182.13	566.844
1182.46	573.32
1182.78	572.668
1183.1	576.56
1183.43	581.864
1183.75	567.43
1184.07	570.096
1184.39	572.866
1184.72	574.853
1185.04	566.551
1185.36	563.572
1185.68	576.858
1186.01	583.308
1186.33	570.457
1186.65	564.227
1186.97	575.764
1187.3	579.231
1187.62	580.521
1187.94	575.182
1188.26	574.649
1188.59	580.029
1188.91	587.08
1189.23	567.093
1189.55	573.693
1189.87	572.98
1190.2	579.595
1190.52	580.938
1190.84	572.046
1191.16	578.638
1191.49	590.066
1191.81	580.092
1192.13	572.933
1192.45	579.38
1192.77	580.148
1193.1	586.07
1193.42	580.078
1193.74	575.746
1194.06	577.263
1194.38	590.261
1194.71	589.712
1195.03	570.558
1195.35	579.079
1195.67	592.271
1195.99	573.589
1196.32	583.989
1196.64	591.35
1196.96	581.847
1197.28	577.037
1197.6	581.823
1197.93	589.526
1198.25	583.597
1198.57	586.38
1198.89	588.43
1199.21	580.949
1199.53	578.89
1199.86	588.655
1200.18	582.047
1200.5	587.509
1200.82	581.798
1201.14	589.221
1201.46	589.943
1201.79	578.409
1202.11	578.952
1202.43	594.574
1202.75	589.858
1203.07	581.542
1203.39	598.614
1203.71	581.059
1204.04	598.586
1204.36	591.238
1204.68	597.542
1205	599.529
1205.32	594.228
1205.64	594.996
1205.96	580.197
1206.29	590.659
1206.61	587.42
1206.93	597.784
1207.25	586.06
1207.57	580.739
1207.89	586.58
1208.21	600.601
1208.53	599.59
1208.86	611.233
1209.18	604.512
1209.5	591.716
1209.82	588.461
1210.14	588.442
1210.46	595.655
1210.78	593.323
1211.1	592.471
1211.42	587.713
1211.74	598.916
1212.07	620.65
1212.39	618.165
1212.71	602.871
1213.03	599.48
1213.35	605.971
1213.67	600.954
1213.99	590.179
1214.31	596.424
1214.63	591.05
1214.95	612.212
1215.27	617.136
1215.59	609.647
1215.91	599.878
1216.24	604.332
1216.56	599.739
1216.88	596.929
1217.2	617.523
1217.52	616.919
1217.84	607.553
1218.16	596.715
1218.48	599.686
1218.8	597.143
1219.12	615.214
1219.24	624.831
1219.57	620.754
1219.89	600.063
1220.21	610.063
1220.54	599.259
1220.86	598.399
1221.18	613.484
1221.5	623.097
1221.83	601.659
1222.15	613.366
1222.47	603.383
1222.79	593.121
1223.12	616.445
1223.44	596.537
1223.76	606.252
1224.08	608
1224.41	605.054
1224.73	622.227
1225.05	600.291
1225.37	591.237
1225.7	598.107
1226.02	608.058
1226.34	620.983
1226.66	623.039
1226.98	606.443
1227.31	615.429
1227.63	606.166
1227.95	615.37
1228.27	625.731
1228.6	610.259
1228.92	619.548
1229.24	613.409
1229.56	613.721
1229.88	618.297
1230.21	619.087
1230.53	619.472
1230.85	616.546
1231.17	620.471
1231.49	636.862
1231.82	626.553
1232.14	614.887
1232.46	615.513
1232.78	608.439
1233.1	628.844
1233.43	610.561
1233.75	633.938
1234.07	608.585
1234.39	621.444
1234.71	611.512
1235.04	620.52
1235.36	631.839
1235.68	606.873
1236	620.701
1236.32	606.559
1236.64	622.954
1236.97	623.597
1237.29	634.813
1237.61	639.469
1237.93	622.549
1238.25	611.593
1238.57	619.29
1238.9	602.341
1239.22	609.542
1239.54	615.703
1239.86	620.8
1240.18	621.007
1240.5	615.507
1240.82	613.569
1241.15	620.636
1241.47	624.391
1241.79	616.497
1242.11	626.107
1242.43	628.604
1242.75	621.206
1243.07	620.084
1243.4	631.116
1243.72	618.039
1244.04	622.942
1244.36	609.004
1244.68	607.194
1245	623.011
1245.32	624.309
1245.64	616.214
1245.97	610.869
1246.29	609.769
1246.61	609.129
1246.93	620.14
1247.25	617.95
1247.57	616.04
1247.89	612.825
1248.21	624.923
1248.53	624.157
1248.85	623.032
1249.18	618.519
1249.5	611.622
1249.82	615.991
1250.14	626.828
1250.46	626.737
1250.78	616.507
1251.1	620.067
1251.42	622.997
1251.74	613.805
1252.06	620.866
1252.38	625.282
1252.71	625.864
1253.03	631.512
1253.35	621.645
1253.67	617.073
1253.99	631.875
1254.31	638.441
1254.63	632.58
1254.95	620.298
1255.27	617.527
1255.59	612.489
1255.91	624.557
1256.23	634.872
1256.55	637.168
1256.87	636.253
1257.19	623.023
1257.51	631.208
1257.83	637.659
1258.16	627.751
1258.48	620.085
1258.79	633.875
1259.12	631.189
1259.44	625.714
1259.76	629.847
1260.08	616.605
1260.4	607.078
1260.72	623.171
1261.04	626.104
1261.36	633.145
1261.68	630.234
1262	636.766
1262.32	619.296
1262.64	617.315
1262.96	616.784
1263.28	621.696
1263.6	633.649
1263.92	628.232
1264.24	606.674
1264.56	618.975
1264.88	625.687
1265.2	630.865
1265.52	636.235
1265.84	636.831
1266.16	626.19
1266.48	628.02
1266.8	628.258
1267.12	641.084
1267.44	608.576
1267.76	619.781
1268.08	638.064
1268.4	616.142
1268.72	644.852
1269.04	634.891
1269.36	638.788
1269.68	622.505
1270	631.083
1270.32	646.546
1270.64	627.111
1270.96	629.444
1271.28	613.863
1271.6	642.472
1271.91	629.466
1272.23	619.719
1272.55	635.207
1272.87	633.814
1273.19	625.438
1273.51	626.144
1273.83	637.364
1274.15	626.181
1274.47	627.52
1274.79	624.837
1275.11	635.824
1275.43	638.306
1275.75	633.355
1276.07	647.955
1276.39	633.4
1276.71	633.485
1277.03	644.221
1277.35	624.826
1277.66	635.409
1277.98	645.573
1278.3	634.943
1278.62	644.601
1278.94	631.095
1279.26	651.701
1279.58	614.724
1279.9	618.469
1280.22	632.365
1280.54	641.578
1280.86	633.906
1281.18	643.569
1281.5	631.333
1281.81	640.785
1282.13	632.142
1282.45	645.449
1282.77	639.825
1283.09	622.929
1283.41	632.106
1283.73	641.311
1284.05	640.776
1284.37	651.437
1284.68	646.857
1285	645.527
1285.32	647.344
1285.64	636.613
1285.96	642.366
1286.28	648.07
1286.6	659.711
1286.92	648.412
1287.23	645.73
1287.55	642.108
1287.87	644.84
1288.19	653.097
1288.51	650.529
1288.83	654.506
1289.15	642.7
1289.46	660.571
1289.78	646.546
1290.1	645.963
1290.42	640.815
1290.74	645.504
1291.06	641.145
1291.38	647.196
1291.69	651.021
1292.01	646.091
1292.33	637.12
1292.65	638.567
1292.97	645.337
1293.29	657.837
1293.6	656.937
1293.92	641.226
1294.24	648.215
1294.56	656.365
1294.88	666.032
1295.2	654.9
1295.51	658.935
1295.83	661.825
1296.15	680.964
1296.47	671.814
1296.79	660.226
1297.1	661.578
1297.42	659.396
1297.74	656.097
1298.06	655.588
1298.38	666.98
1298.69	660.502
1299.01	661.31
1299.33	666.953
1299.65	672.564
1299.97	658.123
1300.29	664.935
1300.6	664.764
1300.92	662.872
1301.24	676.885
1301.56	680.054
1301.87	667.577
1302.19	663.88
1302.51	680.357
1302.83	690.942
1303.14	682.977
1303.46	682.164
1303.78	678.035
1304.1	682.475
1304.42	670.831
1304.73	670.704
1305.05	673.448
1305.37	691.167
1305.69	675.777
1306	697.857
1306.32	685.417
1306.64	687.722
1306.96	694.782
1307.27	688.304
1307.59	686.73
1307.91	687.616
1308.23	683.439
1308.54	681.122
1308.86	688.982
1309.18	691.174
1309.5	690.182
1309.81	689.974
1310.13	683.737
1310.45	699.396
1310.77	699.243
1311.08	692.139
1311.4	693.262
1311.72	714.357
1312.04	703.709
1312.35	698.117
1312.67	693.332
1312.99	694.089
1313.3	697.58
1313.62	712.424
1313.94	711.531
1314.25	715.371
1314.57	691.619
1314.89	699.358
1315.21	707.198
1315.52	714.785
1315.84	702.698
1316.16	716.273
1316.47	701.595
1316.79	706.378
1317.11	717.205
1317.42	717.417
1317.74	713.83
1318.06	732.63
1318.37	710.059
1318.69	715.287
1319.01	710.127
1319.33	727.627
1319.64	717.643
1319.96	755.264
1320.28	740.35
1320.59	735.416
1320.91	718.368
1321.23	738.873
1321.54	734.623
1321.86	738.205
1322.18	738.479
1322.49	743.38
1322.81	747.496
1323.13	749.146
1323.44	747.173
1323.76	750.987
1324.08	742.668
1324.39	757.678
1324.71	766.726
1325.03	757.106
1325.34	765.984
1325.66	776.155
1325.97	788.031
1326.29	791.979
1326.61	776.923
1326.92	795.139
1327.24	794.433
1327.56	782.319
1327.87	786.548
1328.19	778.634
1328.5	797.635
1328.82	808.079
1329.14	830.92
1329.45	845.342
1329.77	826.451
1330.09	865.186
1330.4	862.156
1330.72	896.173
1331.03	908.137
1331.35	936.15
1331.67	979.609
1331.98	1001.6
1332.3	1036.94
1332.61	1121.27
1332.93	1189.41
1333.25	1308.85
1333.56	1439.93
1333.88	1611.03
1334.19	1818.2
1334.51	2129.93
1334.83	2438.47
1335.14	2756.86
1335.46	3060.4
1335.77	3390.2
1336.09	3639.23
1336.4	3785.09
1336.72	3746.56
1337.04	3600.93
1337.35	3281.22
1337.67	2877.9
1337.98	2487.58
1338.3	2127.53
1338.61	1820.02
1338.93	1578.07
1339.25	1407.14
1339.56	1268.43
1339.88	1175.82
1340.19	1089.58
1340.51	1027.54
1340.82	998.455
1341.14	963.75
1341.45	949.494
1341.77	926.842
1342.09	902.668
1342.4	875.446
1342.72	869.417
1343.03	871.949
1343.35	863.873
1343.66	850.15
1343.98	857.347
1344.29	849.505
1344.61	833.097
1344.92	831.066
1345.24	837.961
1345.55	835.904
1345.87	829.527
1346.18	828.284
1346.5	827.603
1346.81	821.97
1347.13	846.516
1347.45	837.448
1347.76	829.303
1348.08	831.503
1348.39	839.056
1348.71	831.699
1349.02	834.681
1349.34	820.872
1349.65	814.069
1349.97	845.05
1350.28	854.005
1350.6	827.864
1350.91	828.457
1351.23	821.853
1351.54	823.799
1351.85	826.438
1352.17	822.612
1352.48	841.254
1352.8	823.798
1353.11	823.386
1353.43	826.598
1353.74	854.817
1354.06	822.235
1354.37	828.041
1354.69	841.718
1355	832.516
1355.32	832.066
1355.63	833.528
1355.95	838.525
1356.26	846.688
1356.58	844.571
1356.89	809.776
1357.2	847.386
1357.52	855.388
1357.83	831.716
1358.15	858.803
1358.46	819.843
1358.78	846.683
1359.09	845.919
1359.41	859.431
1359.72	847.229
1360.03	846.004
1360.35	856.644
1360.66	859.53
1360.98	873.657
1361.29	851.57
1361.61	857.424
1361.92	866.9
1362.23	856.226
1362.55	864.683
1362.86	852.511
1363.18	851.218
1363.49	862.145
1363.81	870.652
1364.12	854.544
1364.43	834.805
1364.75	846.771
1365.06	866.879
1365.38	848.641
1365.69	860.152
1366	850.073
1366.32	867.898
1366.63	860.514
1366.95	877.273
1367.26	856.161
1367.57	852.748
1367.89	871.981
1368.2	875.967
1368.52	886.235
1368.83	886.43
1369.14	875.977
1369.46	908.615
1369.77	892.71
1370.08	882.436
1370.4	872.257
1370.71	889.183
1371.03	884.288
1371.34	888.455
1371.65	887.987
1371.97	903.745
1372.28	893.578
1372.59	895.79
1372.91	911.48
1373.22	882.286
1373.54	899.177
1373.85	893.912
1374.16	900.971
1374.48	887.068
1374.79	903.374
1375.1	893.997
1375.42	888.504
1375.73	889.421
1376.04	901.844
1376.36	896.813
1376.67	895.085
1376.98	894.413
1377.3	909.582
1377.61	912.535
1377.92	911.283
1378.24	914.79
1378.55	917.428
1378.86	929.749
1379.18	926.422
1379.49	914.506
1379.8	915.434
1380.12	919.18
1380.43	912.184
1380.74	899.492
1381.06	921.005
1381.37	932.349
1381.68	910.515
1381.99	911.686
1382.31	912.541
1382.62	946.492
1382.93	920.619
1383.25	934.451
1383.56	930.358
1383.87	931.11
1384.19	930.559
1384.5	939.066
1384.81	932.484
1385.12	932.143
1385.44	936.869
1385.75	936.29
1386.06	946.355
1386.2	943.957
1386.52	931.327
1386.83	947.006
1387.15	942.404
1387.46	935.614
1387.78	943.171
1388.09	930.774
1388.41	958.028
1388.72	945.497
1389.04	984.84
1389.35	953.241
1389.67	965.593
1389.98	949.652
1390.3	949.753
1390.61	959.039
1390.93	964.001
1391.24	940.109
1391.56	960.442
1391.87	968.109
1392.18	945.512
1392.5	960.856
1392.81	949.792
1393.13	947.738
1393.44	951.679
1393.76	963.311
1394.07	959.42
1394.39	956.914
1394.7	976.507
1395.02	958.195
1395.33	989.487
1395.65	950.362
1395.96	972.479
1396.27	979.252
1396.59	968.075
1396.9	976.016
1397.22	1003.32
1397.53	966.225
1397.84	984.959
1398.16	981.677
1398.47	985.128
1398.79	972.988
1399.1	986.637
1399.42	997.756
1399.73	963.476
1400.04	988.078
1400.36	1001.01
1400.67	976.208
1400.99	1028.26
1401.3	1013.18
1401.62	988.093
1401.93	998.361
1402.24	1018.25
1402.56	1000.13
1402.87	1008.22
1403.19	999.625
1403.5	990.595
1403.82	1005.75
1404.13	1019.99
1404.44	1005.18
1404.76	1019.53
1405.07	1012.74
1405.39	1005.32
1405.7	1042.34
1406.01	1019.06
1406.33	1020.72
1406.64	1016.56
1406.95	1006.74
1407.27	1026.27
1407.58	1037.35
1407.9	1035.01
1408.21	1020.93
1408.52	1000.67
1408.84	1034.88
1409.15	1026.39
1409.46	1036.06
1409.78	1017.3
1410.09	1031.9
1410.4	1037.57
1410.72	1043.16
1411.03	1028.33
1411.34	1039.64
1411.66	1016.98
1411.97	1025.88
1412.29	1039.35
1412.6	1052.35
1412.91	1030.68
1413.22	1036.7
1413.54	1069.09
1413.85	1049.45
1414.17	1055.9
1414.48	1057.36
1414.79	1048.41
1415.11	1056.61
1415.42	1053.61
1415.73	1036.74
1416.05	1050.9
1416.36	1046.58
1416.67	1051.04
1416.99	1036.2
1417.3	1064.46
1417.61	1058.95
1417.93	1048.6
1418.24	1060.6
1418.55	1061.76
1418.86	1066.66
1419.18	1063.31
1419.49	1048.57
1419.8	1071.57
1420.12	1049.37
1420.43	1073.98
1420.74	1095.9
1421.06	1065.07
1421.37	1080.96
1421.68	1076.57
1421.99	1076.12
1422.31	1063.31
1422.62	1060.63
1422.93	1072.21
1423.25	1096.27
1423.56	1077.24
1423.87	1064.28
1424.18	1071.91
1424.5	1068.87
1424.81	1085.14
1425.12	1075.1
1425.44	1085.07
1425.75	1067.79
1426.06	1070.64
1426.37	1074.4
1426.69	1078.78
1427	1073.62
1427.31	1075.93
1427.62	1077.91
1427.94	1094.97
1428.25	1093.67
1428.56	1089.25
1428.87	1096.12
1429.19	1096
1429.5	1098.95
1429.81	1084.83
1430.12	1088.14
1430.44	1082.09
1430.75	1082.81
1431.06	1103.22
1431.37	1108.55
1431.69	1099.04
1432	1096.54
1432.31	1084.9
1432.62	1104.54
1432.94	1100.95
1433.25	1081.54
1433.56	1099.88
1433.87	1086.12
1434.18	1095.18
1434.5	1094.2
1434.81	1089.45
1435.12	1088.52
1435.43	1082.22
1435.74	1082.72
1436.06	1094.23
1436.37	1100.71
1436.68	1098.77
1436.99	1098.26
1437.31	1109.51
1437.62	1089.08
1437.93	1102.28
1438.24	1086.32
1438.55	1080.97
1438.87	1093.26
1439.18	1109.13
1439.49	1087.72
1439.8	1084.57
1440.11	1117.62
1440.42	1097.44
1440.74	1078.61
1441.05	1098.85
1441.36	1104.31
1441.67	1085.11
1441.98	1102.52
1442.3	1070.68
1442.61	1080.41
1442.92	1097.57
1443.23	1071.02
1443.54	1090.29
1443.85	1085.33
1444.17	1112.43
1444.48	1101.55
1444.79	1097.72
1445.1	1082.4
1445.41	1094.54
1445.72	1098.45
1446.03	1091.75
1446.35	1092.34
1446.66	1095.52
1446.97	1099.87
1447.28	1056.79
1447.59	1069.95
1447.9	1082.1
1448.21	1083.46
1448.53	1107.32
1448.84	1061.09
1449.15	1092.16
1449.46	1076.34
1449.77	1088.41
1450.08	1083.49
1450.39	1076.37
1450.7	1070.5
1451.02	1084.87
1451.33	1070.13
1451.64	1087.57
1451.95	1083.27
1452.26	1083.85
1452.57	1070.56
1452.88	1084.58
1453.19	1099.14
1453.5	1103.75
1453.82	1084.82
1454.13	1058.74
1454.44	1076.37
1454.75	1075.96
1455.06	1058.8
1455.37	1062.41
1455.68	1080.02
1455.99	1077.66
1456.3	1082.19
1456.61	1078.47
1456.92	1091.37
1457.24	1074.5
1457.55	1064.54
1457.86	1061.02
1458.17	1068.13
1458.48	1088.03
1458.79	1070.02
1459.1	1051.47
1459.41	1050.74
1459.72	1054.09
1460.03	1069.32
1460.34	1071.79
1460.65	1046.42
1460.97	1063.1
1461.27	1076.13
1461.59	1051.94
1461.9	1052.29
1462.21	1049.06
1462.52	1048.97
1462.83	1060.17
1463.14	1056.39
1463.45	1069.24
1463.76	1063.13
1464.07	1057.8
1464.38	1054.92
1464.69	1071.02
1465	1059.63
1465.31	1050.61
1465.62	1068.92
1465.93	1064.13
1466.24	1052.86
1466.55	1055.08
1466.86	1057.63
1467.17	1041.75
1467.48	1043.08
1467.79	1044.13
1468.1	1043.12
1468.41	1043.77
1468.72	1052.25
1469.04	1043.79
1469.34	1035.51
1469.65	1045.95
1469.97	1053.83
1470.27	1039.61
1470.58	1025.46
1470.9	1046.42
1471.2	1021.6
1471.51	1016.17
1471.83	1030.29
1472.13	1026.99
1472.44	1022.95
1472.76	1017.79
1473.06	992.785
1473.37	1000.2
1473.69	1019.9
1473.99	1041.42
1474.3	1022.02
1474.61	1016.28
1474.92	996.878
1475.23	998.731
1475.54	1019.49
1475.85	1017.44
1476.16	1010.58
1476.47	1010.65
1476.78	1015.98
1477.09	1001.21
1477.4	1016.56
1477.71	1015.67
1478.02	1001.81
1478.33	1006.07
1478.64	996.722
1478.95	995.383
1479.26	983.221
1479.57	973.531
1479.88	971.312
1480.19	986.473
1480.5	998.906
1480.81	994.579
1481.12	995.242
1481.43	984.029
1481.73	976.598
1482.04	987.318
1482.35	992.421
1482.66	979.26
1482.97	982.875
1483.28	969.725
1483.59	975.917
1483.9	981.774
1484.21	956.961
1484.52	983.131
1484.83	958
1485.14	946.057
1485.45	946.74
1485.76	969.599
1486.06	974.164
1486.37	963.379
1486.68	979.033
1486.99	938.706
1487.3	958.098
1487.61	965.821
1487.92	984.568
1488.23	953.198
1488.54	950.141
1488.85	981.089
1489.15	946.446
1489.46	947.565
1489.77	950.071
1490.08	939.423
1490.39	956.849
1490.7	965.96
1491.01	952.489
1491.32	943.457
1491.63	961.029
1491.93	955.834
1492.24	959.04
1492.55	956.811
1492.86	959.139
1493.17	941.904
1493.48	935.672
1493.79	939.834
1494.1	918.26
1494.4	922.337
1494.71	920.208
1495.02	934.062
1495.33	913.28
1495.64	931.935
1495.95	911.053
1496.25	924.457
1496.56	924.137
1496.87	929.683
1497.18	934.505
1497.49	931.753
1497.8	927.647
1498.11	922.032
1498.41	904.07
1498.72	918.827
1499.03	912.821
1499.34	918.226
1499.65	910.528
1499.96	910.221
1500.26	905.746
1500.57	907.424
1500.88	901.635
1501.19	916.531
1501.5	925.347
1501.81	904.266
1502.11	907.085
1502.42	903.916
1502.73	903.579
1503.04	896.578
1503.35	905.76
1503.66	873.826
1503.96	892.687
1504.27	895.726
1504.58	901.741
1504.89	898.392
1505.19	887.583
1505.5	887.667
1505.81	902.452
1506.12	904.449
1506.43	899.843
1506.74	878.988
1507.04	894.913
1507.35	894.426
1507.66	891.24
1507.97	891.269
1508.27	891.481
1508.58	875.99
1508.89	869.9
1509.2	871.482
1509.5	880.947
1509.81	895.685
1510.12	874.612
1510.43	857.773
1510.74	863.733
1511.04	874.911
1511.35	877.56
1511.66	869.099
1511.97	876.094
1512.27	877.016
1512.58	878.997
1512.89	868.896
1513.2	875.891
1513.5	879.708
1513.81	870.77
1514.12	851.265
1514.43	864.006
1514.73	869.697
1515.04	867.366
1515.35	857.149
1515.66	863.601
1515.96	873.61
1516.27	858.915
1516.58	857.66
1516.88	871.604
1517.19	876.869
1517.5	870.123
1517.81	879.427
1518.11	872.121
1518.42	852.796
1518.73	849.655
1519.04	859.865
1519.34	865.712
1519.65	857.1
1519.96	853.72
1520.26	845.636
1520.57	856.485
1520.88	861.582
1521.19	851.755
1521.49	858.76
1521.8	865.364
1522.11	852.365
1522.41	844.877
1522.72	849.975
1523.03	838.971
1523.33	861.496
1523.64	881.49
1523.95	863.294
1524.26	857.6
1524.56	862.592
1524.87	859.764
1525.18	848.882
1525.48	829.058
1525.79	849.846
1526.1	860.997
1526.4	847.271
1526.71	833.13
1527.02	847.534
1527.32	857.699
1527.63	859.613
1527.94	855.19
1528.24	852.627
1528.55	856.162
1528.86	827.137
1529.16	842.309
1529.47	866.491
1529.78	869.128
1530.08	834.23
1530.39	857.717
1530.7	838.189
1531	858.015
1531.31	847.612
1531.62	851.006
1531.92	866.101
1532.23	844.78
1532.53	847.82
1532.84	846.776
1533.15	832.225
1533.45	847.816
1533.76	843.073
1534.07	845.455
1534.37	844.307
1534.68	833.923
1534.99	838.421
1535.29	848.617
1535.6	835.476
1535.9	831.014
1536.21	844.356
1536.52	832.514
1536.82	841.347
1537.13	836.206
1537.43	847.171
1537.74	852.879
1538.05	834.62
1538.35	829.522
1538.66	851.293
1538.96	865.095
1539.27	844.268
1539.58	842.157
1539.88	833.594
1540.19	838.137
1540.49	843.617
1540.8	849.183
1541.11	840.881
1541.41	864.37
1541.72	851.387
1542.02	854.769
1542.33	844.858
1542.63	853.487
1542.94	842.715
1543.25	840.433
1543.55	846.367
1543.86	842.417
1544.16	832.934
1544.47	834.018
1544.78	839.114
1545.08	835.887
1545.39	834.494
1545.69	848.407
1546	836.795
1546.3	847.362
1546.61	843.376
1546.91	835.445
1547.22	838.956
1547.52	846.436
1547.83	838.583
1548.14	833.614
1548.44	825.162
1548.75	819.252
1549.05	839.107
1549.36	846.521
1549.66	850.057
1549.97	836.237
1550.27	833.498
1550.58	831.507
1550.88	839.801
1551.19	844.233
1551.49	839.537
1551.8	832.643
1552.11	830.681
1552.41	847.609
1552.53	850.897
1552.84	859.115
1553.15	854.63
1553.46	840.093
1553.76	837.286
1554.07	859.82
1554.38	849.3
1554.69	863.297
1554.99	847.717
1555.3	852.893
1555.61	837.464
1555.91	859.09
1556.22	856.868
1556.53	859.969
1556.84	849.15
1557.14	851.394
1557.45	854.828
1557.76	860.829
1558.06	854.962
1558.37	850.501
1558.68	844.237
1558.99	847.755
1559.29	841.6
1559.6	859.102
1559.91	848.878
1560.21	851.919
1560.52	831.28
1560.83	851.64
1561.13	862.028
1561.44	858.776
1561.75	852.38
1562.05	866.764
1562.36	847.208
1562.67	857.405
1562.97	853.328
1563.28	855.553
1563.59	863.758
1563.9	870.987
1564.2	866.678
1564.51	873.642
1564.82	855.28
1565.12	864.106
1565.43	856.521
1565.73	861.282
1566.04	855.129
1566.35	871.43
1566.65	853.562
1566.96	868.227
1567.27	866.75
1567.57	869.145
1567.88	896.963
1568.19	867.717
1568.49	868.437
1568.8	872.332
1569.11	870.55
1569.41	859.198
1569.72	849.172
1570.03	853.75
1570.33	865.955
1570.64	869.713
1570.94	883.531
1571.25	867.025
1571.56	853.949
1571.86	870.419
1572.17	865.323
1572.48	847.512
1572.78	887.61
1573.09	862.422
1573.39	861.568
1573.7	863.987
1574.01	873.613
1574.31	860.332
1574.62	858.47
1574.93	859.056
1575.23	858.745
1575.54	874.019
1575.84	871.617
1576.15	874.023
1576.45	881.758
1576.76	868.603
1577.07	858.392
1577.37	870.872
1577.68	889.376
1577.98	871.782
1578.29	862.847
1578.6	853.266
1578.9	894.836
1579.21	879.509
1579.51	855.766
1579.82	860.262
1580.12	871.918
1580.43	884.236
1580.74	874.752
1581.04	870.059
1581.35	873.735
1581.65	864.137
1581.96	890.427
1582.26	876.489
1582.57	882.364
1582.88	889.399
1583.18	862.391
1583.49	901.241
1583.79	866.126
1584.1	873.873
1584.4	888.421
1584.71	876.359
1585.01	872.498
1585.32	877.713
1585.63	886.019
1585.93	886.279
1586.24	888.073
1586.54	882.559
1586.85	881.055
1587.15	889.102
1587.46	882.535
1587.76	906.16
1588.07	897.785
1588.37	880.676
1588.68	885.213
1588.98	892.053
1589.29	887.131
1589.6	871.47
1589.9	889.172
1590.21	882.332
1590.51	863.904
1590.82	885.917
1591.12	887.137
1591.43	880.834
1591.73	899.22
1592.04	890.558
1592.34	862.009
1592.65	889.557
1592.95	877.503
1593.26	894.45
1593.56	864.321
1593.86	869.938
1594.17	889.89
1594.47	875.519
1594.78	894.625
1595.08	869.162
1595.39	883.364
1595.69	893.727
1596	879.775
1596.3	891.078
1596.61	868.973
1596.91	888.651
1597.22	892.588
1597.52	874.319
1597.83	877.27
1598.13	886.15
1598.44	892.424
1598.74	877.488
1599.05	891.027
1599.35	883.436
1599.66	876.766
1599.96	883.244
1600.27	884.746
1600.57	881.389
1600.87	877.782
1601.18	881.783
1601.48	883.962
1601.79	880.942
1602.09	868.887
1602.4	878.813
1602.7	879.931
1603.01	873.568
1603.31	880.607
1603.61	878.423
1603.92	874.368
1604.22	868.862
1604.53	873.103
1604.83	876.021
1605.14	873.4
1605.44	887.818
1605.75	878.637
1606.05	887.521
1606.35	897.392
1606.66	877.009
1606.96	883.929
1607.27	892.373
1607.57	869.77
1607.87	879.147
1608.18	873.881
1608.48	864.355
1608.79	890.312
1609.09	881.846
1609.39	874.817
1609.7	887.248
1610	879.388
1610.31	866.253
1610.61	877.946
1610.91	878.177
1611.22	872.414
1611.52	884.69
1611.83	887.709
1612.13	876.8
1612.43	862.331
1612.74	898.017
1613.04	898.41
1613.35	900.821
1613.65	886.979
1613.95	890.914
1614.26	877.813
1614.56	890.812
1614.86	878.106
1615.17	880.12
1615.47	865.836
1615.78	892.05
1616.08	883.912
1616.38	881.849
1616.69	888.17
1616.99	877.535
1617.29	882.165
1617.6	890.735
1617.9	872.464
1618.21	866.05
1618.51	885.797
1618.81	876.417
1619.11	869.782
1619.42	887.015
1619.72	873.664
1620.02	871.852
1620.33	863.309
1620.63	864.768
1620.93	869.032
1621.24	871.915
1621.54	881.056
1621.85	866.07
1622.15	873.661
1622.45	898.427
1622.76	873.647
1623.06	867.229
1623.36	869.888
1623.66	887.288
1623.97	878.653
1624.27	878.963
1624.57	875.856
1624.88	895.43
1625.18	874.173
1625.48	875.769
1625.79	860.765
1626.09	870.985
1626.39	891.957
1626.7	894.058
1627	880.592
1627.3	871.012
1627.61	887.765
1627.91	878.305
1628.21	867.231
1628.51	865.624
1628.82	870.491
1629.12	880.658
1629.42	875.495
1629.72	887.503
1630.03	880.299
1630.33	874.276
1630.63	865.111
1630.94	868.886
1631.24	883.561
1631.54	874.617
1631.84	871.247
1632.15	864.665
1632.45	859.662
1632.75	872.431
1633.05	870.904
1633.36	861.088
1633.66	874.393
1633.96	871.271
1634.27	878.107
1634.57	883.487
1634.87	875.271
1635.17	891.208
1635.48	865.278
1635.78	858.137
1636.08	873.914
1636.38	874.608
1636.69	873.084
1636.99	877.141
1637.29	880.235
1637.59	879.418
1637.9	878.293
1638.2	869.902
1638.5	876.88
1638.8	873.588
1639.1	869.642
1639.41	875.654
1639.71	861.973
1640.01	886.683
1640.31	872.031
1640.62	873.195
1640.92	878.51
1641.22	867.592
1641.52	869.16
1641.83	862.138
1642.13	873.223
1642.43	873.27
1642.73	861.271
1643.03	869.197
1643.33	861.753
1643.64	871.354
1643.94	866.189
1644.24	873.269
1644.54	870.48
1644.85	866.621
1645.15	870.676
1645.45	868.438
1645.75	880.367
1646.05	873.945
1646.35	874.699
1646.66	869.59
1646.96	869.329
1647.26	871.895
1647.56	879.842
1647.86	870.333
1648.17	862.999
1648.47	885.029
1648.77	869.451
1649.07	869.992
1649.37	870.027
1649.67	874.149
1649.98	865.908
1650.28	875.708
1650.58	871.466
1650.88	869.754
1651.18	853.602
1651.48	873.6
1651.78	883.677
1652.09	885.518
1652.39	872.623
1652.69	886.312
1652.99	871.791
1653.29	871.318
1653.59	879.212
1653.9	875.814
1654.2	870.27
1654.5	886.858
1654.8	883.667
1655.1	886.167
1655.4	878.911
1655.7	877.144
1656.01	868.657
1656.31	891.813
1656.61	868
1656.91	870.8
1657.21	880.766
1657.51	876.948
1657.81	883.176
1658.11	882.594
1658.41	884.771
1658.72	892.678
1659.02	883.988
1659.32	882.245
1659.62	896.253
1659.92	864.414
1660.22	883.261
1660.52	877.901
1660.82	893.78
1661.12	876.298
1661.43	880.957
1661.73	893.361
1662.03	888.892
1662.33	879.862
1662.63	883.582
1662.93	893.72
1663.23	876.046
1663.53	878.948
1663.83	857.624
1664.13	871.524
1664.43	892.601
1664.73	899.658
1665.03	871.689
1665.34	878.016
1665.64	890.489
1665.94	897.852
1666.24	892.92
1666.54	899.818
1666.84	878.91
1667.14	866.915
1667.44	883.263
1667.74	902.533
1668.04	875.98
1668.34	891.726
1668.64	876.252
1668.94	876.91
1669.24	882.301
1669.54	892.667
1669.84	880.559
1670.15	885.926
1670.45	883.844
1670.75	893.264
1671.05	898.895
1671.35	877.427
1671.65	890.582
1671.95	883.563
1672.25	879.159
1672.55	892.18
1672.85	890.131
1673.15	889.429
1673.45	885.731
1673.75	897.771
1674.05	892.914
1674.35	898.392
1674.65	884.104
1674.95	883.087
1675.25	889.137
1675.55	886.704
1675.85	887.803
1676.15	901.571
1676.45	894.185
1676.75	905.068
1677.05	904.329
1677.35	901.618
1677.65	892.216
1677.95	900.041
1678.25	888.857
1678.55	875.537
1678.85	895.458
1679.15	898.044
1679.45	912.281
1679.75	897.009
1680.05	890.928
1680.35	895.283
1680.65	907.837
1680.95	914.204
1681.25	897.76
1681.55	902.41
1681.85	899.89
1682.15	909.972
1682.45	911.094
1682.75	917.519
1683.05	903.055
1683.35	906.699
1683.65	913.772
1683.95	901.082
1684.25	897.726
1684.55	885.974
1684.85	905.503
1685.15	920.019
1685.45	904.855
1685.74	907.971
1686.04	892.31
1686.34	903.298
1686.64	920.292
1686.94	925.459
1687.24	917.852
1687.54	919.501
1687.84	900.739
1688.14	914.045
1688.44	893.914
1688.74	913.89
1689.04	918.531
1689.34	928.345
1689.64	907.088
1689.94	917.482
1690.24	911.855
1690.54	921.618
1690.84	921.238
1691.13	927.009
1691.43	920.955
1691.73	906.411
1692.03	910.012
1692.33	931.656
1692.63	927.166
1692.93	910.889
1693.23	925.768
1693.53	920.316
1693.83	907.457
1694.13	901.378
1694.42	912.902
1694.72	922.304
1695.02	921.702
1695.32	918.147
1695.62	919.016
1695.92	956.846
1696.22	942.311
1696.52	925.778
1696.82	930.366
1697.12	918.156
1697.41	934.149
1697.71	913.484
1698.01	932.706
1698.31	950.204
1698.61	936.739
1698.91	933.232
1699.21	936.75
1699.51	913.469
1699.8	925.333
