100.305	349
100.683	357.899
101.058	352.337
101.435	355
101.81	345.876
102.188	352.871
102.565	353.26
102.94	347.281
103.317	347.708
103.692	356.847
104.07	354.797
104.447	356.024
104.822	353.815
105.199	348.423
105.574	357.951
105.951	358.332
106.328	360.002
106.703	356.507
107.08	355.081
107.455	358.835
107.833	355.767
108.207	359.635
108.584	352.952
108.961	352.536
109.336	356.351
109.713	351.498
110.088	354.532
110.465	355.611
110.84	352.772
111.217	349.857
111.592	349.597
111.969	351.035
112.343	346.116
112.72	350.31
113.095	348.852
113.472	350.187
113.847	349.976
114.223	351.476
114.6	354.597
114.975	354.759
115.349	359.475
115.726	355.848
116.101	353.474
116.477	360.022
116.852	351.552
117.229	350.388
117.603	354.269
117.98	354.487
118.354	351.822
118.731	351.157
119.106	352.646
119.482	354.446
119.857	346.264
120.233	354.507
120.608	351.28
120.982	353.032
121.359	354.337
121.733	351.699
122.109	354.813
122.484	352.36
122.86	351.135
123.235	356.315
123.609	355.06
123.985	351.852
124.36	349.712
124.736	353.499
125.11	349.583
125.484	354.699
125.861	355.208
126.235	350.569
126.611	353.092
126.985	350.472
127.36	355.563
127.736	351.327
128.11	348.362
128.484	351.981
128.86	357.324
129.234	356.983
129.611	356.683
129.985	355.608
130.359	355.84
130.735	358.761
131.109	358.947
131.483	352.536
131.859	350.954
132.233	357.142
132.607	358.221
132.983	351.643
133.357	351.012
133.731	354.905
134.105	353.777
134.481	350.137
134.854	357.043
135.228	354.788
135.604	355.186
135.978	351.005
136.352	354.193
136.728	347.949
137.102	350.819
137.475	350.059
137.849	351.371
138.225	349.681
138.599	355.183
138.972	360.326
139.346	357.704
139.722	355.181
140.095	354.694
140.469	357.426
140.843	358.728
141.218	356.66
141.592	365.654
141.965	366.864
142.339	371.908
142.715	384.533
143.088	381.166
143.462	392.119
143.835	381.915
144.209	371.02
144.584	357.313
144.958	358.627
145.331	352.505
145.705	348.775
146.078	353.739
146.454	352.274
146.827	359.02
147.2	351.433
147.574	352.449
147.947	359.148
148.32	354.5
148.696	356.063
149.069	355.865
149.442	357.785
149.816	355.358
150.189	353.702
150.562	354.78
150.935	350.909
151.311	357.16
151.684	351.551
152.057	357.136
152.43	355.939
152.803	354.722
153.176	353.92
153.549	359.113
153.922	353.957
154.298	355.551
154.671	357.73
155.044	356.857
155.417	358.381
155.79	361.603
156.163	352.708
156.536	356.862
156.909	346.391
157.282	354.601
157.655	351.055
158.028	350.279
158.403	357.737
158.776	357.145
159.148	352.602
159.521	350.706
159.894	357.165
160.267	355.994
160.64	356.4
161.013	355.668
161.385	352.133
161.758	345.44
162.131	354.45
162.504	358.646
162.876	357.145
163.249	351.124
163.622	354.865
163.995	357.116
164.367	350.844
164.74	352.126
165.112	354.381
165.485	356.875
165.858	349.294
166.23	346.831
166.603	355.974
166.975	356.016
167.348	353.742
167.721	357.841
168.093	359.007
168.466	352.454
168.838	357.305
169.211	352.771
169.583	349.576
169.956	354.405
170.328	357.508
170.7	354.43
171.073	358.217
171.445	356.123
171.815	359.102
172.188	355.67
172.56	355.8
172.932	357.251
173.305	353.716
173.677	358.155
174.049	357.723
174.422	354.684
174.794	354.092
175.166	350.699
175.538	351.819
175.908	354.831
176.281	353.544
176.653	358.16
177.025	350.436
177.397	354.364
177.769	355.588
178.141	357.118
178.514	353.166
178.883	358.587
179.256	355.117
179.628	354.818
180	356.677
180.372	354.842
180.744	351.783
181.116	356.512
181.486	359.844
181.858	351.437
182.23	353.296
182.601	359.026
182.973	360.308
183.343	356.965
183.715	351.452
184.087	354.293
184.459	356.574
184.831	357.978
185.2	365.029
185.572	353.668
185.944	359.837
186.316	360.525
186.688	357.024
187.057	359.404
187.429	353.094
187.801	351.547
188.173	355.711
188.542	360.715
188.914	358.815
189.285	353.302
189.657	350.714
190.027	353.635
190.398	357.586
190.77	355.631
191.142	357.326
191.511	361.816
191.883	356.345
192.254	357.289
192.626	354.101
192.995	355.074
193.367	358.005
193.738	356.318
194.107	358.58
194.479	357.911
194.85	355.092
195.222	353.478
195.591	356.238
195.963	357.184
196.334	354.342
196.703	354.309
197.075	351.858
197.446	353.757
197.815	356.749
198.187	357.711
198.558	360.043
198.927	354.59
199.298	351.675
199.67	352.207
200.039	353.097
200.41	354.75
200.781	353.222
201.15	355.125
201.521	352.009
201.89	355.347
202.262	358.393
202.633	354.985
203.002	355.971
203.373	357.524
203.744	357.21
204.113	354.712
204.484	355.961
204.853	353.957
205.224	356.567
205.595	352.265
205.964	353.01
206.335	357.692
206.704	350.723
207.075	355.089
207.444	352.515
207.815	354.006
208.186	358.985
208.554	364.145
208.925	352.2
209.294	353.777
209.665	352.371
210.034	352.63
210.404	349.831
210.773	353.02
211.144	363.3
211.513	354.488
211.883	353.284
212.252	357.662
212.623	354.497
212.991	352.403
213.362	359.46
213.733	354.099
214.101	356.212
214.472	356.846
214.841	360.558
215.211	355.837
215.58	362.365
215.948	359.029
216.319	356.322
216.687	364.432
217.058	357.519
217.426	363.252
217.797	356.802
218.165	352.391
218.536	352.746
218.904	356.006
219.275	353.252
219.643	359.96
220.014	357.163
220.382	358.202
220.75	356.535
221.121	353.814
221.489	357.889
221.859	352.198
222.227	353.552
222.598	352.853
222.966	356.226
223.334	359.493
223.705	359.289
224.073	355.494
224.443	353.585
224.811	356.317
225.179	355.335
225.55	352.735
225.918	357.308
226.286	357.056
226.656	358.468
227.024	359.914
227.394	354.905
227.762	357.264
228.13	356.715
228.5	355.565
228.868	355.881
229.236	353.659
229.606	358.217
229.974	355.151
230.342	353.703
230.712	355.827
231.08	356.119
231.448	354.894
231.818	355.787
232.186	359.025
232.554	359.999
232.924	357.363
233.292	359.453
233.659	358.812
234.029	357.428
234.397	357.895
234.765	355.809
235.133	359.488
235.502	352.899
235.87	353.29
236.238	355.151
236.608	355.58
236.975	356.226
237.343	357.805
237.711	355.623
238.08	354.471
238.448	359.829
238.815	360.392
239.183	363.358
239.553	360.887
239.92	351.632
240.288	361.344
240.655	359.656
241.023	360.071
241.392	354.964
241.76	356.274
242.127	358.899
242.495	356.14
242.864	357.738
243.232	356.413
243.599	353.95
243.967	360.84
244.334	355.206
244.703	353.287
245.071	353.788
245.438	353.803
245.805	353.214
246.173	356.664
246.54	360.119
246.909	359.706
247.277	351.27
247.644	355.727
248.011	357.202
248.378	358.979
248.746	359.165
249.113	360.824
249.482	359.694
249.849	356.051
250.216	363.198
250.584	350.373
250.951	355.269
251.318	358.247
251.685	356.949
252.052	357.223
252.421	356.207
252.788	357.726
253.155	357.44
253.522	357.934
253.889	359.16
254.256	354.433
254.623	356.703
254.99	359.63
255.357	358.083
255.724	355.94
256.091	356.909
256.458	356.784
256.827	358.954
257.194	359.755
257.561	361.007
257.927	360.287
258.294	355.613
258.661	355.954
259.028	354.705
259.395	353.11
259.761	355.55
260.128	359.296
260.495	361.25
260.862	359.967
261.228	360.404
261.595	354.932
261.962	352.676
262.328	358.738
262.695	353.605
263.062	356.706
263.428	359.452
263.795	354.422
264.161	359.941
264.528	364.243
264.895	363.063
265.261	357.43
265.628	356.021
265.994	359.384
266.361	359.545
266.727	362.264
267.094	359.473
267.46	358.941
267.827	363.033
268.193	360.424
268.557	355.631
268.924	358.303
269.29	364.012
269.657	352.661
270.023	358.295
270.389	364.223
270.756	359.454
271.122	356.588
271.488	357.781
271.855	357.519
272.221	358.706
272.587	356.122
272.951	360.735
273.317	360.333
273.684	356.379
274.05	351.037
274.416	356.834
274.782	356.247
275.148	355.919
275.515	357.083
275.879	361.874
276.245	353.83
276.611	362.277
276.977	359.312
277.343	361.208
277.709	353.68
278.075	353.388
278.439	356.211
278.805	352.05
279.171	352.25
279.537	357.358
279.903	360.793
280.269	359.258
280.633	362.933
280.999	362.467
281.365	358.247
281.731	359.517
282.096	361.653
282.46	359.557
282.826	360.8
283.192	360.326
283.558	357.617
283.921	358.226
284.287	356.501
284.653	356.057
285.019	359.048
285.385	362.873
285.748	360.286
286.114	355.044
286.48	357.645
286.845	360.956
287.209	362.916
287.575	362.129
287.94	355.465
288.306	362.311
288.669	357.873
289.035	358.95
289.401	363.054
289.764	364.793
290.13	362.352
290.495	358.538
290.861	356.766
291.224	357.253
291.59	357.684
291.955	353.856
292.319	359.209
292.684	356.677
293.05	357.457
293.413	358.921
293.778	355.792
294.144	362.069
294.507	359.877
294.872	358.667
295.238	361.391
295.601	357.732
295.966	361.727
296.332	360.945
296.695	358.489
297.06	360.88
297.426	360.908
297.789	354.441
298.154	357.386
298.517	363.238
298.882	366.65
299.248	362.895
299.611	362.662
299.976	354.579
300.339	354.602
300.704	361.024
301.069	361.334
301.432	355.999
301.797	357.381
302.16	362.919
302.525	357.75
302.699	355.085
303.066	361.362
303.431	355.673
303.798	358.051
304.165	353.808
304.532	359.919
304.897	359.569
305.264	363.803
305.631	362.307
305.996	362.011
306.363	357.631
306.73	361.966
307.095	365.854
307.462	359.267
307.829	355.536
308.194	360.337
308.561	363.829
308.928	363.886
309.292	360.046
309.659	361.059
310.026	350.568
310.391	356.77
310.758	364.131
311.125	351.674
311.489	360.085
311.856	367.126
312.221	360.186
312.588	361.036
312.954	357.981
313.319	366.974
313.686	358.763
314.05	357.425
314.417	358.034
314.784	354.318
315.148	360.459
315.515	359.593
315.88	358.09
316.246	361.264
316.613	358.242
316.977	356.179
317.344	366.655
317.708	361.357
318.075	362.799
318.439	357.973
318.806	362.69
319.17	363.702
319.537	356.577
319.903	359.173
320.268	357.094
320.634	354.283
320.998	358.716
321.365	362.686
321.729	361.455
322.096	367.008
322.46	363.624
322.826	359.886
323.19	362.861
323.557	348.826
323.921	357.555
324.287	368.594
324.651	363.9
325.018	353.09
325.382	360.597
325.748	359.446
326.112	361.284
326.479	357.28
326.843	359.375
327.209	368.25
327.573	364.233
327.939	355.649
328.303	359.416
328.667	356.559
329.033	361.151
329.397	357.583
329.763	358.229
330.127	358.187
330.493	364.671
330.857	369.655
331.223	360.459
331.587	360.073
331.951	364.289
332.317	362.947
332.681	356.677
333.047	362.901
333.411	353.772
333.775	366.706
334.141	363.248
334.505	360.019
334.87	358.034
335.234	357.989
335.598	357.973
335.964	355.545
336.328	355.997
336.693	352.595
337.057	362.153
337.421	360.676
337.787	358.954
338.15	363.687
338.514	363.785
338.88	361.644
339.243	361.196
339.607	362.145
339.973	368.305
340.336	356.42
340.7	356.253
341.065	359.527
341.429	355.424
341.792	358.56
342.158	361.398
342.522	360.031
342.885	359.74
343.251	362.588
343.614	351.625
343.977	360.869
344.341	354.43
344.706	357.159
345.07	365.374
345.433	358.231
345.799	362.398
346.162	358.108
346.525	361.161
346.889	363.658
347.254	361.027
347.617	358.3
347.981	356.897
348.344	354.922
348.709	364.27
349.072	359.299
349.436	354.662
349.799	361.221
350.164	358.786
350.527	360.537
350.891	364.131
351.254	358.407
351.617	360.711
351.982	360.629
352.345	359.377
352.708	354.029
353.071	356.28
353.436	361.474
353.8	361.505
354.163	352.962
354.526	357.842
354.889	363.286
355.252	362.349
355.617	362.001
355.98	357.638
356.343	355.577
356.706	358.709
357.069	363.398
357.431	367.959
357.796	362.782
358.159	361.772
358.522	363.478
358.885	362.663
359.248	367.715
359.611	364.377
359.973	363.003
360.338	362.399
360.701	362.572
361.064	363.806
361.427	361.799
361.789	364.636
362.152	358.922
362.515	362.062
362.878	366.219
363.24	367.58
363.605	361.73
363.968	360.377
364.33	359.299
364.693	357.52
365.056	365.052
365.418	366.195
365.781	360.9
366.143	361.233
366.506	359.383
366.868	360.651
367.231	360.196
367.593	359.185
367.956	363.907
368.318	365.354
368.681	367.048
369.043	359.232
369.408	362.457
369.77	363.902
370.133	361.585
370.495	363.737
370.857	363.261
371.22	364.184
371.582	366.034
371.945	370.061
372.307	363.073
372.669	364.792
373.031	364.402
373.394	362.276
373.756	368.235
374.118	365.217
374.481	370.823
374.843	362.809
375.205	360.438
375.565	364.125
375.927	357.944
376.289	361.794
376.652	358.364
377.014	364.075
377.376	370.079
377.738	363.157
378.1	365.836
378.462	362.557
378.824	361.861
379.186	359.237
379.548	368.667
379.91	365.283
380.272	364.865
380.634	362.531
380.996	367.294
381.356	365.203
381.718	362.245
382.08	353.91
382.442	365.119
382.804	362.497
383.166	365.401
383.528	362.431
383.89	362.628
384.252	365.145
384.611	357.713
384.973	360.16
385.335	363.311
385.697	363.132
386.059	366.08
386.42	361.718
386.782	357.808
387.142	357.469
387.504	363.169
387.865	360.57
388.227	359.934
388.589	360.208
388.95	355.288
389.31	360.798
389.672	359.46
390.033	361.294
390.395	361.617
390.756	356.604
391.118	360.809
391.477	360.516
391.839	352.254
392.201	366.678
392.562	363.462
392.924	358.788
393.283	358.627
393.645	359.316
394.006	359.194
394.367	364.04
394.727	364.215
395.088	358.63
395.45	360.564
395.811	361.133
396.17	357.331
396.532	360.095
396.893	364.063
397.255	364.163
397.614	364.435
397.975	360.745
398.336	362.352
398.698	362.217
399.057	364.632
399.418	363.796
399.779	360.974
400.139	361.705
400.5	362.13
400.861	360.548
401.222	362.509
401.581	364.204
401.943	364.098
402.304	362.115
402.663	363.025
403.024	365.322
403.385	367.809
403.744	365.036
404.105	366.305
404.466	363.086
404.825	357.577
405.186	364.963
405.547	365.873
405.906	360.653
406.267	357.739
406.628	358.473
406.987	361.695
407.348	362.685
407.707	364.374
408.068	364.196
408.429	362.435
408.787	356.102
409.148	359.148
409.509	361.843
409.868	364.773
410.229	364.379
410.588	360.541
410.948	358.06
411.309	361.67
411.668	366.614
412.029	365.88
412.387	366.043
412.748	361.479
413.107	363.599
413.467	360.565
413.828	369.915
414.187	365.602
414.547	361.816
414.906	360.746
415.267	358.878
415.625	368.216
415.986	372.033
416.344	369.517
416.705	366.905
417.066	371.322
417.424	371.262
417.785	376.81
418.143	379.122
418.504	377.051
418.862	379.845
419.223	375.111
419.581	368.55
419.941	368.056
420.3	366.493
420.66	362.114
421.019	361.978
421.379	364.183
421.737	368.337
422.098	367.863
422.456	366.995
422.816	368.148
423.175	364.496
423.533	360.96
423.893	362.942
424.251	368.421
424.612	365.769
424.97	360.137
425.33	361.542
425.688	364.894
426.048	372.622
426.407	365.111
426.765	369.462
427.125	358.599
427.483	361.113
427.843	366.134
428.201	369.417
428.561	366.817
428.919	371.545
429.277	366.228
429.638	363.06
429.996	363.739
430.356	369.442
430.714	371.642
431.072	364.941
431.432	367.735
431.789	367.826
432.147	366.384
432.507	367.212
432.865	368.949
433.225	363.226
433.583	363.117
433.941	360.727
434.301	358.376
434.659	373.571
435.016	361.779
435.376	364.219
435.734	358.806
436.092	367.404
436.452	370.05
436.809	363.065
437.167	368.593
437.527	373.656
437.885	363.039
438.242	359.974
438.6	357.024
438.96	366.151
439.317	372.935
439.675	367.363
440.035	358.558
440.392	363.995
440.75	359.167
441.107	360.585
441.467	360.338
441.824	357.613
442.182	359.225
442.542	362.478
442.899	362.619
443.257	364.527
443.614	369.544
443.974	362.335
444.331	365.371
444.688	362.294
445.046	358.054
445.403	354.786
445.763	356.972
446.12	360.533
446.477	357.081
446.835	354.074
447.194	360.15
447.551	362.59
447.909	365.456
448.266	370.085
448.623	368.592
448.983	362.685
449.34	367.724
449.697	366.4
450.054	364.743
450.412	362.863
450.769	370.541
451.128	366.096
451.485	366.275
451.842	363.793
452.199	362.228
452.557	361.369
452.914	361.97
453.273	364.476
453.63	360.697
453.987	358.957
454.344	366.634
454.701	360.56
455.058	361.052
455.415	363.459
455.772	367.231
456.131	367.73
456.488	362.284
456.845	362.794
457.202	360.912
457.559	361.326
457.916	361.007
458.273	368.153
458.63	364.38
458.987	363.635
459.343	362.561
459.7	363.8
460.059	362.248
460.416	358.944
460.773	357.023
461.13	361.057
461.486	361.668
461.843	363.886
462.2	362.974
462.557	360.68
462.913	357
463.27	356.714
463.627	358.139
463.983	358.029
464.34	365.247
464.697	366.21
465.053	364.211
465.41	362.218
465.767	367.682
466.123	363.68
466.48	363.784
466.836	362.864
467.193	362.636
467.549	362.964
467.906	359.136
468.262	356.536
468.619	360.501
468.975	363.662
469.332	358.321
469.688	358.851
470.045	357.529
470.401	364.053
470.758	363.542
471.114	359.712
471.47	360.816
471.827	361.86
472.183	361.841
472.54	363.49
472.896	365.63
473.25	361.151
473.606	359.063
473.963	364.538
474.319	360.843
474.675	363.181
475.032	358.099
475.388	358.614
475.744	361.608
476.1	357.708
476.456	362.747
476.813	361.23
477.167	361.155
477.523	361.418
477.879	359.081
478.235	362.337
478.591	358.628
478.947	360.319
479.303	359.177
479.657	360.091
480.013	360.98
480.37	365.27
480.726	360.625
481.082	355.668
481.438	360.013
481.794	364.748
482.147	362.758
482.503	363.333
482.859	360.476
483.215	358.208
483.571	362.769
483.925	357.595
484.281	361.16
484.637	363.324
484.993	358.083
485.349	359.991
485.702	358.456
486.058	356.893
486.414	357.302
486.77	354.871
487.126	362.017
487.479	357.182
487.835	368.055
488.191	360.15
488.547	361.101
488.9	364.931
489.256	368.389
489.612	369.718
489.967	362.015
490.321	366.386
490.676	361.78
491.032	360.392
491.388	367.491
491.741	362.398
492.097	355.162
492.452	357.135
492.808	361.922
493.161	357.986
493.517	360.699
493.873	354.89
494.226	352.977
494.236	353.28
494.594	365.927
494.951	364.831
495.309	359.075
495.666	356.994
496.022	359.023
496.379	358.038
496.737	364.954
497.094	353.236
497.451	362.802
497.809	362.925
498.164	356.188
498.522	359.076
498.879	361.96
499.236	364.971
499.594	363.169
499.951	365.821
500.306	365.081
500.664	353.513
501.021	361.865
501.378	364.983
501.735	364.997
502.091	367.901
502.448	355.092
502.805	364.262
503.162	359.596
503.517	364.211
503.875	360.993
504.232	364.142
504.589	364.429
504.944	360.404
505.301	363.7
505.658	365.246
506.015	368.068
506.37	365.737
506.727	362.945
507.084	359.13
507.441	361.624
507.796	361.777
508.153	359.295
508.51	358.762
508.865	359.203
509.222	360.891
509.579	363.9
509.936	363.026
510.291	364.24
510.648	362.954
511.005	364.726
511.36	371.678
511.716	358.705
512.073	362.672
512.428	369.396
512.785	362.279
513.142	362.682
513.497	369.867
513.853	366.111
514.21	362.868
514.565	366.102
514.922	360.286
515.278	364.242
515.633	357.976
515.99	366.066
516.346	365.381
516.701	358.459
517.058	360.515
517.412	368.032
517.769	359.469
518.125	362.824
518.48	358.949
518.837	363.282
519.193	367.164
519.548	366.597
519.904	372.168
520.259	356.586
520.615	363.162
520.97	360.129
521.326	364.326
521.683	368.336
522.037	367.213
522.393	358.591
522.748	359.957
523.104	366.275
523.459	365.589
523.815	365.451
524.171	365.307
524.526	364.225
524.882	367.77
525.236	366.354
525.593	363.811
525.947	372.081
526.303	367.095
526.658	361.159
527.014	367.459
527.368	362.448
527.724	364.946
528.078	361.486
528.435	364.372
528.789	363.764
529.145	366.976
529.499	362.543
529.855	362.954
530.209	361.792
530.566	360.557
530.92	365.254
531.276	360.662
531.63	365.345
531.986	360.929
532.34	361.109
532.696	367.683
533.05	368.837
533.406	365.827
533.76	364.923
534.114	364.343
534.47	368.397
534.824	362.129
535.18	364.945
535.534	365.477
535.89	370.751
536.243	371.398
536.597	367.967
536.953	362.521
537.307	366.758
537.663	365.221
538.017	367.793
538.372	365.069
538.726	367.606
539.08	369.006
539.436	368.693
539.79	372.917
540.143	360.723
540.499	366.417
540.853	369.138
541.208	375.113
541.562	366.861
541.916	366.501
542.271	363.645
542.625	368.869
542.979	364.733
543.334	362.712
543.688	369.428
544.041	372.123
544.397	366.645
544.751	374.744
545.104	371.681
545.46	363.709
545.813	368.015
546.167	374.461
546.522	366.519
546.876	368.211
547.229	371.782
547.584	374.893
547.938	366.177
548.291	374.293
548.645	371.561
549	373.9
549.353	368.664
549.707	366.585
550.062	368.021
550.416	371.56
550.769	373.874
551.122	372.678
551.477	370.706
551.831	372.568
552.184	372.711
552.537	365.52
552.892	364.287
553.246	372.477
553.599	367.05
553.952	383.518
554.307	371.532
554.66	372.116
555.014	374.654
555.367	375.678
555.722	367.516
556.075	375.555
556.428	376.723
556.781	382.078
557.134	376.453
557.489	374.824
557.842	378.692
558.195	378.657
558.548	382.432
558.901	382.404
559.254	383.167
559.609	380.718
559.962	377.462
560.315	381.348
560.668	390.231
561.021	389.461
561.374	388.866
561.729	388.435
562.082	388.12
562.435	391.99
562.787	389.86
563.14	395.804
563.493	396.603
563.846	394.896
564.201	402.064
564.553	407.07
564.906	414.814
565.259	419.504
565.612	429.357
565.964	438.886
566.317	446.372
566.67	470.566
567.023	486.403
567.375	507.361
567.73	545.434
568.083	599.828
568.435	669.972
568.788	755.669
569.14	838.98
569.493	939.877
569.846	1001.44
570.198	1052.59
570.551	1085.36
570.903	1077.44
571.256	998.726
571.608	867.72
571.961	727.431
572.313	629.818
572.666	562.511
573.018	508.33
573.37	468.261
573.723	450.525
574.075	426.027
574.428	407.803
574.78	408.137
575.132	402.96
575.485	390.234
575.837	394.72
576.189	391.461
576.542	380.15
576.894	382.359
577.246	381.03
577.599	383.36
577.951	387.624
578.303	380.507
578.655	380.136
579.008	377.404
579.36	369.017
579.712	374.966
580.064	381.052
580.416	371.287
580.768	371.439
581.121	371.006
581.473	367.272
581.825	368.268
582.177	361.359
582.529	359.13
582.881	363.678
583.233	363.135
583.583	364.011
583.935	368.003
584.287	368.243
584.639	370.936
584.991	365.049
585.343	366.144
585.695	362.305
586.047	362.958
586.399	362.023
586.751	362.968
587.101	365.049
587.453	361.432
587.805	364.314
588.156	367.714
588.508	369.918
588.86	361.624
589.212	361.965
589.562	367.579
589.913	365.542
590.265	360.165
590.617	363.53
590.969	360.133
591.32	362.627
591.67	363.497
592.022	362.784
592.374	361.61
592.725	357.745
593.077	363.081
593.427	361.787
593.778	362.015
594.13	362.945
594.482	361.024
594.833	357.216
595.183	363.018
595.534	362.868
595.886	361.156
596.237	361.747
596.589	361.711
596.938	365.294
597.29	363.218
597.641	360.604
597.993	364.2
598.342	361.67
598.694	363.5
599.045	363.949
599.397	362.377
599.746	357.84
600.097	355.176
600.449	365.791
600.8	363.857
601.15	358.65
601.501	358.021
601.852	363.545
602.202	359.671
602.553	358.406
602.904	364.361
603.255	362.956
603.605	361.361
603.956	367.863
604.307	360.323
604.656	364.638
605.008	360.369
605.359	359.592
605.708	361.701
606.059	362.728
606.41	355.472
606.759	362.487
607.111	363.483
607.462	359.579
607.811	358.784
608.162	370.532
608.513	363.127
608.862	363.03
609.213	361.766
609.562	365.428
609.913	367.453
610.264	364.242
610.613	362.465
610.964	362.113
611.315	356.291
611.664	358.276
612.015	360.761
612.364	357.612
612.715	367.217
613.066	363.66
613.414	361.571
613.765	357.837
614.114	361.915
614.465	365.595
614.814	362.825
615.165	359.028
615.516	361.845
615.864	359.476
616.215	358.539
616.564	360.916
616.915	361.92
617.263	362.385
617.614	369.458
617.963	358.913
618.313	362.566
618.662	366.33
619.013	363.952
619.363	365.887
619.712	357.274
620.063	354.89
620.411	359.226
620.762	364.933
621.11	365.948
621.461	360.434
621.81	362.004
622.16	363.164
622.509	361.348
622.859	367.108
623.208	364.46
623.558	363.457
623.907	363.638
624.255	363.967
624.605	362.199
624.954	360.733
625.304	364.717
625.653	363.547
626.003	366.663
626.352	362.862
626.702	359.357
627.05	364.49
627.401	363.925
627.749	362.566
628.097	361.67
628.448	359.105
628.796	356.555
629.146	366.297
629.494	371.528
629.843	365.082
630.193	365.108
630.541	364.543
630.891	365.374
631.239	361.271
631.588	362.38
631.938	365.177
632.286	363.815
632.636	361.482
632.984	361.209
633.332	355.083
633.682	362.244
634.03	362.781
634.379	365.06
634.729	363.994
635.077	364.38
635.425	364.453
635.775	362.086
636.123	358.458
636.471	359.187
636.821	360.719
637.169	360.305
637.517	357.083
637.867	360.929
638.214	366.112
638.562	356.189
638.912	361.684
639.26	362.453
639.608	362.01
639.958	362.473
640.306	364.255
640.654	368.074
641.001	358.238
641.351	359.782
641.699	362.417
642.047	361.7
642.396	362.899
642.744	364.681
643.092	359.643
643.44	361.782
643.789	363.738
644.137	362.812
644.485	359.028
644.832	362.861
645.182	361.271
645.53	365.929
645.877	364.811
646.225	364.752
646.573	362.883
646.922	363.871
647.27	363.75
647.617	361.332
647.965	368.569
648.312	364.103
648.662	366.183
649.009	363.045
649.357	361.724
649.704	357.787
650.052	362.471
650.401	356.865
650.749	361.46
651.096	359.555
651.444	361.35
651.791	361.286
652.138	363.133
652.488	359.981
652.835	360.499
653.182	368.872
653.53	367.927
653.877	363.255
654.224	360.756
654.572	362.192
654.921	360.252
655.268	364.507
655.615	362.593
655.963	356.882
656.31	364.081
656.657	360.976
657.004	367.097
657.352	370.319
657.699	367.544
658.048	361.128
658.395	364.742
658.742	363.363
659.089	361.335
659.436	353.273
659.784	357.033
660.131	363.068
660.478	358.518
660.825	359.949
661.172	360.214
661.519	364.441
661.866	363.749
662.213	360.197
662.56	362.541
662.907	363.261
663.254	363.526
663.603	356.202
663.95	365.863
664.297	357.091
664.643	369.858
664.99	358.591
665.337	360.601
665.684	362.128
666.031	361.42
666.378	357.555
666.725	364.959
667.071	361.286
667.418	364.295
667.765	366.995
668.112	361.158
668.458	358.615
668.803	364.051
669.15	364.854
669.497	361.936
669.843	356.122
670.19	352.136
670.537	364.501
670.883	362.589
671.23	364.089
671.577	361.654
671.923	362.87
672.27	362.187
672.617	363.534
672.963	363.579
673.31	369.868
673.656	363.134
674.003	363.611
674.349	360.403
674.694	359.273
675.04	362.554
675.387	363.628
675.733	360.37
676.08	361.455
676.426	362.495
676.773	358.361
677.119	359.68
677.466	361.64
677.81	363.353
678.156	364.252
678.503	360.299
678.849	364.473
679.195	367.383
679.542	367.786
679.888	364.259
680.232	360.172
680.579	360.726
680.925	360.661
681.271	361.242
681.618	362.471
681.964	362.687
682.308	360.439
682.654	360.04
683	365.58
683.347	364.155
683.693	361.075
684.037	359.32
684.383	361.34
684.539	362.24
684.887	371.998
685.235	360.78
685.584	360.766
685.932	360.78
686.28	364.826
686.628	362.126
686.976	365.552
687.324	362.211
687.672	366.543
688.02	364.553
688.368	364.667
688.716	365.773
689.064	363.262
689.412	368.065
689.758	361.854
690.106	362.832
690.454	363.927
690.802	367.564
691.149	370.228
691.497	374.957
691.845	364.335
692.193	364.494
692.541	368.695
692.889	370.986
693.234	366.832
693.582	362.691
693.93	367.898
694.278	360.465
694.626	360.291
694.973	365.741
695.321	360.818
695.667	364.792
696.015	366.786
696.362	357.882
696.71	364.363
697.058	365.418
697.405	361.158
697.751	359.205
698.099	364.15
698.446	368.134
698.794	367.444
699.141	369.691
699.487	365.775
699.834	368.655
700.182	363.482
700.529	362.432
700.877	365.495
701.223	363.169
701.57	364.938
701.917	358.898
702.265	359.773
702.61	363.687
702.958	373.434
703.305	360.104
703.653	359.321
704	361.775
704.345	362.382
704.693	365.945
705.04	365.42
705.386	359.516
705.733	366.799
706.08	365.982
706.427	365.387
706.773	358.751
707.12	361.425
707.467	364.717
707.815	366.134
708.16	369.382
708.507	362.776
708.854	366.787
709.199	362.251
709.547	362.793
709.894	370.001
710.239	362.237
710.586	355.871
710.933	363.446
711.278	357.338
711.625	364.285
711.973	362.032
712.318	363.923
712.665	359.998
713.012	363.217
713.357	362.383
713.704	363.296
714.051	362.694
714.396	364.27
714.743	366.033
715.09	365.402
715.435	370.242
715.782	366.54
716.129	369.589
716.474	363.258
716.82	362.688
717.165	357.619
717.512	364.814
717.859	366.005
718.204	362.669
718.551	366.004
718.896	359.554
719.242	362.38
719.589	370.357
719.934	364.879
720.281	363.324
720.626	366.84
720.972	356.705
721.317	365.353
721.664	365.553
722.011	357.067
722.355	375.645
722.702	358.462
723.047	362.998
723.393	365.244
723.738	353.996
724.085	364.904
724.429	363.928
724.776	363.136
725.12	363.31
725.467	359.422
725.812	360.863
726.158	360.58
726.503	367.265
726.849	370.606
727.194	362.862
727.54	368.894
727.885	371.003
728.231	371.875
728.576	363.639
728.922	365.96
729.266	369.684
729.613	371.329
729.957	372.137
730.304	368.759
730.648	369.406
730.994	367.854
731.339	364.086
731.685	372.171
732.029	362.38
732.374	369.183
732.72	371.227
733.064	370.882
733.411	375.416
733.755	367.585
734.101	374.482
734.445	383.329
734.79	370.183
735.136	368.563
735.48	377.839
735.826	365.828
736.17	378.111
736.514	373.621
736.861	372.445
737.205	377.697
737.551	374.725
737.895	376.336
738.239	375.549
738.585	371.525
738.929	369.062
739.275	372.535
739.619	361.669
739.963	365.909
740.309	372.85
740.653	369.349
740.997	380.627
741.343	376.575
741.687	375.976
742.031	370.187
742.377	372.417
742.721	375.146
743.065	367.061
743.411	369.271
743.755	375.001
744.099	375.677
744.444	373.047
744.788	370.84
745.132	367.755
745.476	372.553
745.822	374.399
746.166	373.803
746.509	379.694
746.855	377.297
747.199	379.188
747.543	381.932
747.886	375.573
748.232	371.601
748.576	371.943
748.919	374.675
749.263	374.143
749.609	375.012
749.952	378.775
750.296	376.639
750.64	378.315
750.985	377.401
751.329	381.314
751.672	381.222
752.016	377.414
752.362	372.315
752.705	375.143
753.049	373.381
753.392	380.379
753.736	380.161
754.081	379.645
754.425	371.795
754.768	368.438
755.111	373.59
755.455	370.355
755.8	366.41
756.144	370.441
756.487	372.545
756.831	370.063
757.174	375.327
757.517	368.008
757.863	364.351
758.206	369.25
758.549	369.789
758.893	368.906
759.236	373.998
759.579	369.026
759.924	367.973
760.268	366.108
760.611	361.619
760.954	367.167
761.297	363.629
761.641	371.403
761.984	378.357
762.327	369.525
762.67	366.812
763.015	368.937
763.358	369.652
763.701	369.315
764.045	365.392
764.388	362.482
764.731	366.724
765.074	367.986
765.417	363.569
765.76	365.957
766.103	370.638
766.446	371.343
766.789	365.545
767.134	366.003
767.477	368.148
767.82	366.143
768.163	369.029
768.506	365.226
768.849	357.172
769.192	364.548
769.535	362.908
769.877	365.824
770.22	370.694
770.563	366.059
770.906	362.043
771.249	368.557
771.592	366.391
771.935	365.481
772.277	366.66
772.62	367.948
772.963	370.634
773.306	365.781
773.648	366.889
773.991	368.065
774.334	369.905
774.677	359.008
775.019	367.075
775.362	364.761
775.705	367.824
776.047	370.014
776.39	370.122
776.733	367.78
777.073	369.494
777.416	356.518
777.758	367.279
778.101	366.956
778.443	366.653
778.786	363.833
779.129	369.377
779.471	366.672
779.814	363.716
780.156	362.25
780.499	369.906
780.841	369.114
781.184	365.73
781.524	372.712
781.866	367.55
782.209	365.186
782.551	367.562
782.894	366.68
783.236	366.046
783.578	364.582
783.921	365.379
784.261	368.814
784.603	371.536
784.946	364.558
785.288	362.954
785.63	364.597
785.973	362.856
786.315	366.865
786.655	369.261
786.997	372.971
787.34	362.831
787.682	360.651
788.024	369.504
788.364	367.743
788.706	368.068
789.049	367.973
789.391	369.385
789.733	372.744
790.075	368.954
790.415	366.338
790.757	363.263
791.099	367.828
791.441	365.19
791.781	374.501
792.124	369.16
792.466	369.695
792.808	368.513
793.15	360.398
793.49	367.479
793.832	362.488
794.174	368.296
794.516	361.651
794.855	361.715
795.197	364.899
795.539	362.665
795.881	366.708
796.221	367.333
796.563	372.309
796.905	366.02
797.245	364.992
797.587	366.768
797.928	364.81
798.27	372.307
798.61	369.723
798.952	369.795
799.294	364.28
799.633	365.248
799.975	371.217
800.317	370.35
800.657	369.32
800.998	369.8
801.34	369.072
801.68	370.116
802.021	370.035
802.363	367.39
802.703	369.855
803.044	368.865
803.386	368.162
803.726	371.253
804.067	372.191
804.409	369.784
804.748	363.197
805.09	368.769
805.429	372.272
805.771	364.864
806.112	367.83
806.452	372.116
806.793	369.564
807.135	367.319
807.474	364.61
807.816	366.531
808.155	373.013
808.497	365.364
808.836	364.065
809.178	362.216
809.519	366.636
809.858	370.501
810.2	362.288
810.539	370.133
810.88	366
811.22	371.061
811.561	372.275
811.902	373.512
812.242	363.362
812.583	363.079
812.922	371.632
813.263	375.783
813.603	368.483
813.944	361.794
814.283	370.964
814.624	372.146
814.964	367.083
815.305	366.035
815.644	367.247
815.985	371.738
816.324	369.538
816.665	369.457
817.004	370.281
817.346	369.271
817.685	369.683
818.026	370.414
818.365	370.34
818.706	364.319
819.045	368.894
819.386	373.402
819.725	371.123
820.066	367.512
820.405	370.627
820.746	365.572
821.085	366.267
821.424	365.614
821.765	370.784
822.104	370.46
822.445	368.368
822.783	366.547
823.124	369.569
823.463	369.12
823.802	361.992
824.143	364.783
824.482	369.382
824.823	368.712
825.161	371.199
825.5	363.45
825.841	369.227
826.18	361.648
826.52	365.562
826.859	372.628
827.198	367.133
827.539	365.913
827.877	364.361
828.216	369.23
828.557	368.376
828.895	368.389
829.234	368.462
829.575	366.654
829.913	369.651
830.254	363.223
830.593	368.315
830.931	367.981
831.272	369.155
831.61	367.385
831.949	367.28
832.287	368.414
832.628	366.815
832.966	371.91
833.305	358.052
833.645	376.162
833.984	370.943
834.322	365.65
834.663	361.39
835.001	373.081
835.34	373.797
835.678	363.195
836.018	363.521
836.357	370.49
836.695	367.492
837.034	369.5
837.374	359.446
837.712	372.422
838.051	372.387
838.391	369.792
838.729	365.425
839.068	366.74
839.406	364.775
839.744	372.455
840.084	362.548
840.423	364.761
840.761	368.663
841.099	374.721
841.439	368.151
841.777	368.267
842.116	368.189
842.454	368.811
842.792	368.692
843.132	368.528
843.47	374.477
843.808	367.871
844.146	369.282
844.484	365.16
844.822	366.628
845.162	372.547
845.501	372.422
845.839	365.17
846.177	364.367
846.515	366.635
846.853	370.459
847.193	368.844
847.531	360.571
847.869	368.334
848.206	367.351
848.544	367.63
848.882	367.664
849.22	373.196
849.558	374.809
849.898	373.979
850.236	367.452
850.574	367.298
850.912	367.98
851.249	365.496
851.587	365.434
851.925	364.395
852.263	364.212
852.601	365.294
852.938	366.129
853.276	368.192
853.616	368.755
853.954	365.902
854.291	367.054
854.629	369.68
854.967	375.187
855.304	369.132
855.642	369.548
855.98	373.002
856.317	369.89
856.655	368.836
856.993	369.208
857.33	367.957
857.668	369.291
858.005	368.058
858.343	366.168
858.681	369.954
859.018	372.309
859.356	367.541
859.693	362.03
860.031	366.937
860.368	368.541
860.706	367.401
861.043	365.516
861.381	370.141
861.718	366.404
862.055	362.983
862.393	368.732
862.73	364.988
863.068	364.227
863.405	365.333
863.742	373.171
864.08	366.943
864.417	362.837
864.754	364.351
865.092	372.587
865.429	374.497
865.764	363.01
866.102	362.138
866.439	361.671
866.776	370.305
867.113	366.115
867.451	368.949
867.788	372.428
868.125	367.245
868.462	366.336
868.799	364.552
869.035	370.953
869.374	371.086
869.713	366.089
870.052	368.577
870.391	368.054
870.73	365.876
871.069	368.314
871.41	377.077
871.749	372.198
872.088	365.223
872.427	371.928
872.766	369.927
873.105	371.052
873.444	372.415
873.783	374.96
874.122	366.487
874.461	368.894
874.8	374.94
875.139	373.431
875.478	364.698
875.816	358.156
876.155	366.008
876.492	366.664
876.831	373.17
877.17	368.981
877.509	372.172
877.847	370.297
878.186	370.514
878.525	372.464
878.864	366.468
879.202	369.071
879.541	366.873
879.88	370.679
880.219	374.18
880.557	369.447
880.896	371.532
881.235	370.697
881.573	373.193
881.912	372.43
882.249	376.73
882.587	373.554
882.926	364.068
883.264	370.891
883.603	364.323
883.942	369.669
884.28	367.271
884.619	371.946
884.957	367.427
885.294	371.481
885.632	369.177
885.971	371.494
886.309	370.058
886.648	378.318
886.986	379.898
887.325	373.391
887.661	363.076
887.999	371.224
888.338	375.321
888.676	368.432
889.015	370.842
889.353	363.105
889.689	374.353
890.028	363.769
890.366	373.676
890.704	373.137
891.043	360.335
891.381	367.055
891.717	363.752
892.055	368.519
892.394	366.905
892.732	373.729
893.068	368.453
893.406	371.244
893.745	361.547
894.083	371.599
894.421	371.84
894.757	365.917
895.095	373.187
895.433	372.836
895.771	371.63
896.108	376.549
896.446	366.616
896.784	364.068
897.122	372.584
897.458	370.57
897.796	369.874
898.134	369.136
898.472	375.667
898.808	375.501
899.146	370.402
899.484	363.714
899.82	370.315
900.158	366.735
900.496	372.372
900.834	371.811
901.17	372.023
901.508	368.358
901.846	372.573
902.182	365.093
902.519	371.246
902.857	368.962
903.193	363.465
903.531	364.914
903.869	366.476
904.205	370.295
904.542	373.509
904.88	370.005
905.216	376.959
905.554	366.015
905.891	367.529
906.227	369.921
906.565	371.245
906.901	376.349
907.238	376.187
907.576	367.366
907.912	372.294
908.249	374.566
908.587	370.18
908.923	371.786
909.26	371.223
909.596	371.901
909.933	368.557
910.269	363.944
910.607	369.683
910.944	370.203
911.28	370.582
911.617	367.334
911.953	367.999
912.29	373.516
912.628	367.149
912.963	369.648
913.301	370.975
913.636	369.33
913.974	370.925
914.309	364.585
914.647	368.638
914.982	367.385
915.319	368.95
915.655	368.985
915.992	370.177
916.328	369.298
916.665	371.231
917.002	369.578
917.338	366.202
917.675	365.273
918.01	367.282
918.347	367.822
918.683	368.227
919.02	368.079
919.355	371.698
919.69	373.333
920.028	369.459
920.363	371.856
920.7	364.729
921.035	371.979
921.372	371.149
921.708	370.623
922.045	366.006
922.38	369.661
922.717	368.733
923.052	367.529
923.389	370.561
923.724	375.247
924.059	373.701
924.396	370.065
924.732	369.303
925.069	371.715
925.404	367.291
925.741	374.6
926.076	371.281
926.411	360.968
926.748	363.35
927.083	370.172
927.419	365.755
927.754	362.483
928.089	366.013
928.426	366.73
928.761	370.365
929.096	373.823
929.433	370.069
929.768	368.358
930.105	372.897
930.44	364.995
930.774	372.913
931.111	372.609
931.446	365.693
931.781	366.114
932.118	370.304
932.452	370.836
932.787	367.937
933.124	372.231
933.459	372.469
933.793	365.693
934.13	369.837
934.465	371.049
934.799	370.25
935.136	369.719
935.471	364.432
935.805	373.946
936.14	366.846
936.477	364.97
936.811	372.689
937.146	368.368
937.482	365.824
937.817	368.851
938.151	363.276
938.486	373.195
938.823	372.769
939.157	372.894
939.492	371.102
939.826	377.057
940.163	368.633
940.497	373.693
940.831	363.407
941.166	376.444
941.502	369.946
941.837	365.271
942.171	366.01
942.506	361.43
942.842	367.908
943.176	376.706
943.511	371.511
943.845	360.205
944.179	369.933
944.516	364.321
944.85	370.147
945.184	368.117
945.519	370.761
945.853	368.226
946.189	359.637
946.523	374.837
946.858	368.768
947.192	369.974
947.526	364.64
947.86	366.289
948.194	372.517
948.531	366.465
948.865	360.024
949.199	366.788
949.533	369.399
949.867	365.132
950.201	366.367
950.535	371.374
950.871	365.236
951.206	365.977
951.54	370.597
951.874	371.517
952.208	370.561
952.542	373.368
952.876	368.8
953.21	364.818
953.544	364.695
953.88	372.619
954.214	365.396
954.548	361.18
954.882	374.675
955.215	366.622
955.549	371.609
955.883	369.549
956.217	367.839
956.551	370.151
956.885	369.516
957.219	371.77
957.553	368.341
957.886	368.208
958.22	373.154
958.554	370.34
958.888	369.069
959.222	368.832
959.555	372.179
959.891	372.156
960.225	374.366
960.559	373.9
960.892	371.423
961.226	371.1
961.56	366.937
961.893	366.785
962.227	364.078
962.561	372.337
962.894	369.478
963.226	370.704
963.56	373.716
963.893	374.694
964.227	370.664
964.56	372.1
964.894	369.614
965.228	370.326
965.561	370.259
965.895	366.966
966.228	372.403
966.562	374.603
966.895	370.598
967.229	374.185
967.562	364.407
967.896	363.633
968.229	366.125
968.563	368.534
968.896	372.345
969.227	373.172
969.561	370.802
969.894	368.196
970.227	371.158
970.561	366.356
970.894	362.94
971.228	363.935
971.561	368.537
971.894	367.589
972.227	369.572
972.559	365.45
972.892	370.713
973.225	369.945
973.559	365.379
973.892	364.543
974.225	365.225
974.558	367.534
974.89	373.873
975.223	369.35
975.556	377.189
975.889	370.114
976.222	367.281
976.555	369.628
976.886	370.869
977.22	372.418
977.553	369.395
977.886	369.73
978.219	374.826
978.55	367.591
978.883	366.972
979.216	367.332
979.549	373.704
979.882	372.593
980.213	369.815
980.546	370.466
980.879	367.825
981.212	367.076
981.543	368.218
981.876	365.48
982.209	375.801
982.542	371.46
982.875	368.928
983.206	366.548
983.539	371.29
983.871	375
984.202	373.571
984.535	370.105
984.868	373.076
985.201	376.926
985.532	368.264
985.864	373.221
986.197	375.913
986.53	366.957
986.861	376.929
987.193	371.479
987.526	374.118
987.857	378.807
988.19	374.255
988.522	370.557
988.853	371.738
989.186	375.447
989.518	371.715
989.849	366.097
990.182	369
990.514	374.485
990.845	372.643
991.178	367.087
991.51	364.556
991.841	368.243
992.173	371.306
992.506	372.868
992.836	366.956
993.169	368.582
993.502	372.645
993.832	379.54
994.165	370.314
994.495	374.022
994.828	373.737
995.16	369.989
995.49	368.622
995.823	369.527
996.153	378.847
996.486	377.202
996.818	370.699
997.148	365.162
997.481	368.022
997.811	367.827
998.144	371.745
998.474	370.98
998.806	367.048
999.139	362.317
999.469	363.988
999.801	364.596
1000.13	374.408
1000.46	370.302
1000.79	378.145
1001.13	375.407
1001.46	373.898
1001.79	371.218
1002.12	369.12
1002.45	371.635
1002.78	367.798
1003.11	374.349
1003.44	367.49
1003.78	371.423
1004.11	375.422
1004.44	372.23
1004.77	373.045
1005.1	371.931
1005.43	369.684
1005.76	364.825
1006.09	368.135
1006.42	367.435
1006.75	368.035
1007.09	371.228
1007.42	369.751
1007.75	371.207
1008.08	370.155
1008.41	365.704
1008.74	368.533
1009.07	376.288
1009.4	371.932
1009.73	370.27
1010.06	369.091
1010.39	371.621
1010.73	374.393
1011.06	368.167
1011.39	372.949
1011.72	371.376
1012.05	365.049
1012.38	368.405
1012.71	374.857
1013.04	369.2
1013.37	372.155
1013.7	373.321
1014.03	371.005
1014.36	370.453
1014.69	374.407
1015.02	375.63
1015.35	378.092
1015.69	374.431
1016.01	370.774
1016.34	371.146
1016.68	370.367
1017.01	370.802
1017.34	364.7
1017.67	367.433
1018	370.574
1018.33	366.902
1018.66	368.015
1018.99	371.781
1019.32	371.716
1019.65	374.469
1019.98	373.518
1020.31	375.987
1020.64	375.884
1020.97	370.337
1021.3	365.244
1021.63	371.971
1021.96	367.816
1022.29	367.908
1022.62	363.91
1022.95	366.706
1023.28	369.684
1023.61	369.476
1023.94	365.917
1024.27	366.092
1024.6	364.002
1024.93	369.172
1025.26	370.929
1025.59	377.128
1025.92	375.693
1026.25	371.003
1026.58	373.332
1026.91	370.436
1027.24	365.696
1027.57	366.177
1027.9	370.185
1028.23	367.737
1028.56	362.005
1028.89	373.018
1029.22	366.699
1029.54	372.777
1029.87	364.951
1030.2	371.067
1030.53	374.594
1030.86	366.561
1031.19	373.616
1031.52	369.363
1031.85	368.19
1032.18	369.288
1032.51	373.19
1032.84	365.084
1033.17	368.913
1033.5	370.305
1033.83	368.328
1034.16	368.256
1034.49	367.763
1034.82	363.263
1035.15	364.304
1035.47	365.329
1035.8	369.396
1036.13	365.177
1036.46	366.037
1036.79	372.472
1037.12	372.223
1037.45	370.085
1037.78	367.348
1038.11	361.285
1038.44	368.911
1038.77	375.43
1039.09	367.119
1039.42	366.492
1039.75	367.427
1040.08	370.367
1040.41	369.722
1040.74	367.89
1041.07	364.518
1041.4	363.265
1041.73	368.604
1042.06	373.388
1042.38	369.934
1042.71	369.289
1043.04	368.862
1043.37	370.252
1043.7	367.657
1044.03	374.328
1044.36	365.739
1044.69	371.524
1045.01	362.74
1045.34	373.789
1045.67	368.433
1046	362.034
1046.33	369.927
1046.34	370
1046.67	370.237
1047	364.979
1047.33	368.725
1047.66	363.466
1047.99	372.732
1048.32	361.238
1048.65	362.524
1048.98	369.248
1049.31	367.768
1049.64	367.007
1049.98	367.55
1050.31	369.556
1050.64	372.979
1050.97	362.974
1051.3	364.154
1051.63	366.192
1051.96	364.332
1052.29	366.412
1052.62	374.451
1052.95	378.362
1053.28	362.305
1053.61	362.362
1053.94	364.725
1054.27	367.177
1054.6	368.08
1054.93	372.628
1055.26	371.108
1055.59	364.632
1055.92	369.917
1056.25	364.224
1056.58	366.974
1056.91	367.245
1057.25	368.097
1057.58	374.971
1057.91	372.803
1058.24	366.576
1058.57	362.747
1058.9	370.28
1059.23	367.755
1059.56	370.674
1059.89	371.81
1060.22	376.394
1060.55	372.955
1060.88	368.733
1061.21	371.605
1061.54	360.477
1061.87	370.643
1062.2	364.351
1062.53	361.71
1062.86	363.17
1063.19	367.066
1063.52	361.113
1063.85	364.453
1064.18	364.158
1064.51	372.528
1064.84	373.525
1065.17	370.381
1065.5	369.094
1065.83	359.646
1066.16	370.696
1066.48	364.52
1066.81	370.41
1067.14	374.272
1067.47	361.02
1067.8	370.568
1068.13	361.666
1068.46	363.835
1068.79	365.765
1069.12	364.812
1069.45	369.594
1069.78	366.968
1070.11	371.619
1070.44	360.317
1070.77	368.843
1071.1	373.638
1071.43	367.988
1071.76	366.321
1072.09	368.708
1072.41	369.3
1072.74	370.19
1073.07	368.067
1073.4	369.929
1073.73	366.677
1074.06	368.359
1074.39	376.753
1074.72	368.409
1075.05	361.946
1075.38	367.445
1075.71	367.208
1076.04	364.607
1076.37	365.807
1076.69	368.236
1077.02	369.159
1077.35	370.297
1077.68	373.751
1078.01	368.594
1078.34	369.841
1078.67	369.998
1079	365.891
1079.33	365.052
1079.66	363.651
1079.99	362.597
1080.31	369.4
1080.64	367.886
1080.97	367.131
1081.3	372.066
1081.63	366.593
1081.96	370.688
1082.29	365.332
1082.62	368.325
1082.94	364.258
1083.27	368.145
1083.6	373.397
1083.93	368.364
1084.26	370.197
1084.59	364.36
1084.92	368.843
1085.24	370.999
1085.57	363.742
1085.9	368.221
1086.23	363.201
1086.56	366.848
1086.89	369.633
1087.22	372.141
1087.54	367.648
1087.87	367.184
1088.2	365.391
1088.53	371.607
1088.86	367.911
1089.18	365.778
1089.51	366.357
1089.84	367.848
1090.17	364.201
1090.5	367.307
1090.83	369.452
1091.15	369.239
1091.48	368.139
1091.81	373.687
1092.14	372.528
1092.47	372.157
1092.8	365.457
1093.12	364.658
1093.45	374.062
1093.78	367.905
1094.11	370.144
1094.44	362.982
1094.76	367.205
1095.09	369.996
1095.42	371.984
1095.75	372.538
1096.08	368.94
1096.41	366.299
1096.73	364.861
1097.06	365.15
1097.39	364.516
1097.72	367.851
1098.04	367.053
1098.37	365.101
1098.7	364.973
1099.03	370.384
1099.35	367.138
1099.68	370.338
1100.01	375.558
1100.34	365.685
1100.67	366.82
1100.99	366.905
1101.32	365.384
1101.65	367.16
1101.98	369.469
1102.3	366.116
1102.63	367.246
1102.96	363.681
1103.29	358.121
1103.61	366.919
1103.94	379.45
1104.27	370.986
1104.59	367.69
1104.92	365.714
1105.25	368.049
1105.58	363.066
1105.9	374.159
1106.23	364.811
1106.56	378.004
1106.89	369.601
1107.21	372.65
1107.54	366.613
1107.87	363.744
1108.2	365.881
1108.52	370.097
1108.85	369.787
1109.18	368.195
1109.51	375.246
1109.83	370.132
1110.16	378.627
1110.49	372.369
1110.81	374.131
1111.14	370.171
1111.47	371.909
1111.79	365.328
1112.12	371.378
1112.45	371.829
1112.78	368.321
1113.1	361.839
1113.43	367.72
1113.76	361.507
1114.08	370.825
1114.41	375.815
1114.74	381.703
1115.06	364.253
1115.39	372.674
1115.72	369.311
1116.04	367.795
1116.37	370.808
1116.7	365.643
1117.02	368.962
1117.35	366.104
1117.68	367.939
1118	367.309
1118.33	375.619
1118.66	365.769
1118.98	374.041
1119.31	372.398
1119.64	376.283
1119.96	368.844
1120.29	370.713
1120.62	370.392
1120.94	371.132
1121.27	368.705
1121.59	369.999
1121.92	372.254
1122.25	366.721
1122.57	366.558
1122.9	362.512
1123.23	364.857
1123.55	374.273
1123.88	371.681
1124.21	370.599
1124.53	371.574
1124.86	367.355
1125.18	372.546
1125.51	372.398
1125.84	367.928
1126.16	368.428
1126.49	370.068
1126.81	365.847
1127.14	372.788
1127.47	363.512
1127.79	368.135
1128.12	368.828
1128.44	362.882
1128.77	366.398
1129.1	368.986
1129.42	365.516
1129.75	367.372
1130.07	372.261
1130.4	370.396
1130.73	370.364
1131.05	372.213
1131.38	367.476
1131.7	364.804
1132.03	366.768
1132.35	368.317
1132.68	358.639
1133.01	367.373
1133.33	365.328
1133.66	367.794
1133.98	369.387
1134.31	362.012
1134.64	369.512
1134.96	365.262
1135.29	364.746
1135.61	364.891
1135.94	366.801
1136.26	364.312
1136.59	367.01
1136.91	368.323
1137.24	368.034
1137.57	363.346
1137.89	369.966
1138.22	366.261
1138.54	366.173
1138.87	363.548
1139.19	358.189
1139.52	364.706
1139.84	371.298
1140.17	369.801
1140.49	372.597
1140.82	370.531
1141.14	367.166
1141.47	367.449
1141.79	370.929
1142.12	365.105
1142.44	362.255
1142.77	366.306
1143.09	370.344
1143.42	370.61
1143.74	363.935
1144.07	367.193
1144.39	371.842
1144.72	369.216
1145.04	366.87
1145.37	362.916
1145.69	367.137
1146.02	366.973
1146.34	369.066
1146.67	367.264
1146.99	372.296
1147.32	366.413
1147.64	367.105
1147.97	368.357
1148.29	368.324
1148.62	368.084
1148.94	368.56
1149.27	362.195
1149.59	368.488
1149.92	368.074
1150.24	366.108
1150.57	367.699
1150.89	371.16
1151.22	368.897
1151.54	369.836
1151.87	368.045
1152.19	360.659
1152.52	369.691
1152.84	368.897
1153.16	363.988
1153.49	365.321
1153.81	369.125
1154.14	368.284
1154.46	367.141
1154.79	365.863
1155.11	368.371
1155.43	368.652
1155.76	368.976
1156.08	362.926
1156.41	365.375
1156.73	371.711
1157.06	369.033
1157.38	362.926
1157.7	368.307
1158.03	367.263
1158.35	366.043
1158.68	369.434
1159	373.941
1159.33	373.528
1159.65	368.419
1159.97	369.362
1160.3	362.209
1160.62	370.759
1160.95	365.257
1161.27	365.285
1161.59	370.005
1161.92	364.123
1162.24	365.269
1162.57	370.584
1162.89	367.494
1163.21	361.452
1163.54	363.72
1163.86	367.397
1164.19	360.155
1164.51	365.134
1164.83	364.882
1165.16	371.097
1165.48	368.932
1165.81	365.222
1166.13	364.641
1166.45	364.488
1166.78	369.353
1167.1	369.753
1167.42	365.846
1167.75	363.92
1168.07	367.65
1168.4	366.639
1168.72	368.589
1169.04	367.712
1169.37	368.691
1169.69	363.503
1170.01	362.236
1170.34	368.287
1170.66	375.12
1170.98	364.682
1171.31	369.011
1171.63	365.023
1171.95	364.368
1172.28	359.233
1172.6	368.753
1172.92	363.651
1173.25	369.158
1173.57	368.854
1173.89	367.492
1174.22	365.523
1174.54	367.116
1174.86	368.012
1175.19	364.439
1175.51	363.374
1175.83	365.761
1176.15	366.322
1176.48	369.116
1176.8	368.664
1177.12	365.4
1177.45	359.225
1177.77	366.51
1178.09	365.755
1178.42	365.095
1178.74	366.783
1179.06	361.541
1179.39	368.149
1179.71	368.116
1180.03	366.553
1180.35	367.817
1180.68	364.876
1181	363.167
1181.32	365.765
1181.65	367.227
1181.97	369.218
1182.29	364.495
1182.62	365.02
1182.94	364.579
1183.26	361.52
1183.58	368.02
1183.91	368.369
1184.23	368.869
1184.55	367.66
1184.87	360.299
1185.2	366.41
1185.52	363.951
1185.84	365.708
1186.16	365.524
1186.49	363.429
1186.81	365.642
1187.13	367.174
1187.45	371.541
1187.78	364.944
1188.1	364.979
1188.42	364.452
1188.74	367.646
1189.07	364.688
1189.39	365.633
1189.71	366.665
1190.03	364.532
1190.35	364.208
1190.68	365.961
1191	360.996
1191.32	369.858
1191.64	371.178
1191.97	365.17
1192.29	364.732
1192.61	364.307
1192.93	362.06
1193.25	369.478
1193.58	367.744
1193.9	367.653
1194.22	359.705
1194.54	368.577
1194.86	367.029
1195.19	369.108
1195.51	367.93
1195.83	364.809
1196.15	367.984
1196.47	365.99
1196.8	367.73
1197.12	371.861
1197.44	371.918
1197.76	366.08
1198.08	370.026
1198.41	369.656
1198.73	364.849
1199.05	361.607
1199.37	370.26
1199.69	370.332
1199.96	377
