100.116	356.782
100.491	360.255
100.866	364.025
101.243	359.444
101.618	360.582
101.994	362.434
102.369	363.697
102.744	359.263
103.121	361.315
103.496	357.911
103.871	362.601
104.247	359.683
104.622	363.876
104.997	366.27
105.372	364.113
105.749	365.397
106.124	364.933
106.499	369.7
106.874	369.385
107.249	366.296
107.624	364.663
107.999	364.508
108.374	367.473
108.751	364.29
109.126	363.365
109.5	356.714
109.875	365.989
110.25	363.684
110.625	364.903
111	363.758
111.375	359.388
111.749	360.848
112.124	366.421
112.501	368.668
112.876	365.166
113.25	364.112
113.625	364.409
114	363.078
114.374	364.889
114.749	365.939
115.124	367.303
115.498	365.952
115.873	365.659
116.248	362.716
116.622	367.117
116.997	362.081
117.371	365.708
117.746	363.881
118.12	365.695
118.495	361.173
118.869	361.932
119.244	365.586
119.618	361.302
119.993	362.824
120.367	366.273
120.742	358.064
121.116	362.033
121.49	365.142
121.865	361.485
122.239	365.27
122.614	366.769
122.988	361.969
123.362	365.821
123.737	365.074
124.111	364.755
124.485	371.125
124.859	365.232
125.234	363.385
125.608	364.93
125.982	365.981
126.356	365.692
126.73	366.741
127.105	362.669
127.477	366.915
127.851	367.264
128.225	364.103
128.599	363.888
128.973	367.504
129.347	369.37
129.721	364.031
130.095	366.153
130.469	365.297
130.843	363.883
131.217	363.261
131.589	372.984
131.963	370.415
132.337	362.588
132.711	364.732
133.085	362.148
133.459	367.18
133.833	367.549
134.204	361.725
134.578	369.94
134.952	364.279
135.326	364.469
135.7	366.946
136.074	369.069
136.447	361.644
136.819	362.077
137.193	368.751
137.567	371.698
137.94	365.112
138.314	366.577
138.686	369.202
139.059	370.389
139.433	371.665
139.807	370.231
140.18	365.041
140.552	367.966
140.925	363.524
141.299	361.647
141.673	367.637
142.046	365.392
142.418	368.251
142.791	371.806
143.165	363.198
143.538	366.153
143.91	368.024
144.283	366.423
144.656	363.495
145.03	362.279
145.401	362.011
145.775	366.027
146.148	365.18
146.521	361.921
146.893	364.514
147.266	363.233
147.639	362.509
148.013	368.517
148.384	363.875
148.757	368.178
149.13	367.164
149.502	366.95
149.875	363.873
150.248	367.079
150.619	361.315
150.992	366.922
151.366	369.023
151.739	363.756
152.11	363.569
152.483	364.351
152.856	363.546
153.227	363.025
153.6	364.723
153.973	365.866
154.344	366.526
154.717	363.698
155.088	369.87
155.461	367.58
155.834	364.765
156.205	370.231
156.578	363.935
156.951	365.884
157.322	363.585
157.695	358.603
158.068	370.919
158.439	366.658
158.812	364.307
159.182	362.542
159.555	362.883
159.928	365.713
160.299	365.736
160.672	367.142
161.042	364.821
161.415	361.665
161.786	364.931
162.158	366.441
162.531	366.478
162.902	369.083
163.275	368.514
163.645	367.481
164.018	366.372
164.388	361.395
164.761	365.319
165.132	367.999
165.504	367.33
165.877	366.509
166.247	362.186
166.62	363.316
166.99	361.103
167.363	366.062
167.733	363.963
168.106	367.257
168.476	364.998
168.849	364.441
169.219	362.655
169.592	365.558
169.962	362.082
170.334	367.688
170.705	365.399
171.077	365.279
171.447	363.538
171.82	366.112
172.19	364.846
172.562	359.687
172.932	364.533
173.303	369.413
173.675	365.747
174.045	362.929
174.417	362.778
174.788	364.257
175.16	364.955
175.53	368.278
175.902	364.63
176.272	367.789
176.642	365.798
177.014	366.981
177.384	363.611
177.757	364.933
178.127	363.674
178.497	368.593
178.869	364.509
179.239	364.627
179.611	363.949
179.981	363.434
180.351	367.865
180.723	360.156
181.092	362.448
181.464	364.702
181.834	366.893
182.204	363.714
182.576	361.017
182.946	367.237
183.316	362.316
183.688	364.592
184.057	370.197
184.427	365.045
184.799	365.094
185.169	365.323
185.538	366.262
185.91	370.025
186.28	367.573
186.65	370.277
187.021	366.509
187.391	367.056
187.761	368.034
188.132	367.13
188.502	368.406
188.872	367.604
189.243	363.285
189.613	369.797
189.982	367.449
190.352	366.45
190.723	362.426
191.093	362.788
191.462	364.439
191.834	364.062
192.203	364.054
192.573	367.677
192.942	366.697
193.314	364.22
193.683	364.9
194.053	365.272
194.422	364.712
194.793	369.055
195.163	365.887
195.532	363.602
195.901	361.814
196.273	363.113
196.642	368.628
197.011	369.171
197.381	366.92
197.75	366.355
198.121	368.473
198.49	361.408
198.859	361.546
199.229	361.477
199.598	364.577
199.969	366.208
200.338	364.426
200.707	366.361
201.076	369.191
201.445	363.939
201.815	361.686
202.186	362.575
202.555	364.609
202.924	367.878
203.293	367.563
203.662	366.02
204.031	364.185
204.4	367.08
204.771	366.233
205.14	364.324
205.509	363.663
205.878	362.326
206.246	363.076
206.615	371.012
206.984	364.626
207.353	363.64
207.724	361.031
208.093	362.117
208.462	362.341
208.83	364.982
209.199	358.717
209.568	364.189
209.937	363.567
210.305	360.732
210.674	364.804
211.043	360.932
211.411	363.307
211.78	361.778
212.149	366.634
212.52	366.054
212.888	364.931
213.257	364.445
213.625	362.145
213.994	364.239
214.363	365.045
214.731	366.279
215.1	360
215.468	362.322
215.837	361.333
216.205	363.816
216.574	368.988
216.942	365.59
217.311	364.699
217.679	360.177
218.047	366.402
218.416	363.142
218.784	367.741
219.153	368.307
219.521	368.102
219.889	361.355
220.258	365.549
220.626	367.953
220.994	366.702
221.363	364.899
221.731	368.182
222.099	367.382
222.467	366.293
222.834	366.674
223.202	366.908
223.57	365.91
223.938	363.348
224.302	367.461
224.672	365.773
225.04	364.418
225.411	368.789
225.779	369.144
226.149	366.383
226.519	365.951
226.887	367.25
227.257	367.183
227.626	367.544
227.996	365.244
228.366	364.785
228.734	366.433
229.104	363.46
229.472	367.141
229.842	367.683
230.21	363.509
230.58	362.659
230.95	368.525
231.318	362.786
231.688	368.869
232.056	363.729
232.426	365.25
232.793	366.706
233.163	362.931
233.531	370.479
233.901	368.148
234.269	369.84
234.639	365.798
235.006	369.088
235.376	372.092
235.746	366.209
236.114	367.92
236.484	364.107
236.851	368.978
237.221	364.921
237.589	368.778
237.956	367.922
238.326	364.089
238.694	367.336
239.063	365.951
239.431	367.168
239.801	368.153
240.168	370.082
240.538	365.465
240.905	365.755
241.275	365.916
241.642	366.707
242.012	376.891
242.379	371.047
242.747	369.519
243.116	369.02
243.484	368.783
243.853	363.609
244.221	365.714
244.59	365.588
244.957	361.392
245.325	365.394
245.694	363.276
246.062	366.062
246.431	365.393
246.798	369.904
247.165	367.343
247.535	369.036
247.902	367.75
248.271	362.308
248.639	362.862
249.006	370.371
249.375	365.21
249.742	364.84
250.109	369.797
250.479	369.492
250.846	366.411
251.213	366.686
251.582	365.802
251.949	370.179
252.316	368.996
252.685	366.568
253.052	367.334
253.419	366.066
253.789	368.108
254.156	368.798
254.523	363.733
254.892	364.588
255.259	366.398
255.625	366.189
255.994	365.438
256.361	360.82
256.728	364.348
257.097	363.174
257.464	368.246
257.831	367.878
258.198	369.251
258.567	364.343
258.933	365.587
259.3	368.571
259.667	363.84
260.036	366.491
260.403	367.952
260.769	368.457
261.136	369.802
261.505	368.07
261.872	365.055
262.238	367.443
262.605	368.297
262.974	363.182
263.34	363.335
263.707	368.328
264.073	369.506
264.442	369.883
264.809	369.442
265.175	364.441
265.542	361.793
265.908	366.69
266.277	371.677
266.643	367.086
267.01	369.317
267.376	367.083
267.743	364.748
268.109	364.294
268.478	363.778
268.844	365.528
269.211	366.591
269.577	366.114
269.943	363.547
270.31	368.453
270.678	364.991
271.044	365.48
271.411	368.788
271.777	364.226
272.143	367.133
272.51	365.971
272.876	370.278
273.244	368.059
273.61	372.796
273.977	365.754
274.343	366.252
274.709	373.69
275.075	371.094
275.441	370.21
275.807	363.195
276.174	367.893
276.54	369.33
276.908	367.478
277.274	369.248
277.64	365.305
278.006	373.896
278.372	368.283
278.738	366.922
279.104	367.021
279.47	366.192
279.836	369.51
280.202	365.723
280.568	368.717
280.934	369.079
281.3	369.415
281.666	366.175
282.032	364.228
282.397	366.114
282.763	373.824
283.129	368.663
283.495	368.436
283.861	364.182
284.227	362.818
284.592	366.913
284.958	368.211
285.324	370.716
285.69	370.163
286.055	368.324
286.421	374.082
286.787	372.022
287.153	368.086
287.518	366.863
287.884	366.517
288.25	366.564
288.615	367.693
288.981	365.879
289.346	371.675
289.712	372.556
290.078	365.334
290.443	363.383
290.809	368.694
291.174	366.749
291.54	371.12
291.905	368.466
292.271	366.207
292.636	369.378
292.999	369.303
293.365	369.728
293.73	369.156
294.096	367.092
294.461	368.385
294.827	373.298
295.192	365.426
295.557	365.419
295.923	366.245
296.288	369.659
296.651	369.667
297.016	372.962
297.382	375.427
297.747	368.764
298.112	366.194
298.477	367.924
298.843	366.542
299.206	368.702
299.571	372.286
299.936	367.943
300.301	369.573
300.667	370.15
301.032	370.558
301.395	366.113
301.76	367.791
302.125	370.421
302.49	366.505
302.855	373.441
303.22	365.015
303.583	370.604
303.948	365.912
304.313	366.366
304.678	366.75
305.043	370.852
305.406	372.018
305.771	373.246
306.136	363.905
306.501	368.017
306.864	370.843
307.228	363.693
307.593	366.511
307.958	374.2
308.321	368.708
308.686	368.727
309.051	368.289
309.415	374.108
309.778	370.03
310.143	369.821
310.508	369.11
310.872	374.229
311.235	371.346
311.6	368.484
311.965	375.332
312.329	371.699
312.692	366.87
313.056	373.625
313.421	375.014
313.784	370.953
314.148	369.815
314.513	367.787
314.875	365.972
315.24	367.356
315.605	373.234
315.967	371.04
316.332	369.437
316.696	368.162
317.058	369.878
317.423	370.224
317.787	370.607
318.15	372.262
318.514	365.772
318.879	366.388
319.241	372.565
319.605	367.502
319.97	368.499
320.332	371.495
320.697	372.965
321.059	368.891
321.423	365.006
321.787	371.289
322.15	370.301
322.514	369.506
322.878	366.745
323.24	368.507
323.605	372.16
323.967	370.923
324.331	370.951
324.693	369.92
325.057	372.972
325.421	367.23
325.784	372.43
326.148	372.118
326.51	370.579
326.874	370.065
327.236	368.46
327.6	373.988
327.964	369.398
328.326	365.359
328.69	373.268
329.052	371.515
329.416	367.418
329.778	370.942
330.142	367.74
330.504	371.378
330.868	375.318
331.23	372.707
331.594	372.677
331.955	367.85
332.319	370.761
332.681	371.991
333.045	369.005
333.407	373.279
333.771	373.486
334.132	369.945
334.496	366.02
334.858	369.805
335.222	372.221
335.583	365.201
335.947	368.659
336.309	369.929
336.673	368.599
337.034	368.534
337.396	373.56
337.76	364.18
338.121	373.424
338.485	364.665
338.846	366.871
339.21	371.134
339.572	368.366
339.933	365.111
340.297	366.328
340.658	376.188
341.022	373.355
341.383	371.269
341.421	371.146
341.784	367.689
342.148	369.668
342.511	368.35
342.875	371.958
343.238	374.606
343.602	370.861
343.965	371.481
344.328	367.32
344.692	373.26
345.055	365.351
345.421	369.417
345.784	369.349
346.147	371.226
346.511	372.431
346.874	373.427
347.237	372.956
347.601	368.389
347.964	370.796
348.327	372.697
348.691	369.323
349.054	369.708
349.417	371.606
349.78	375.288
350.143	368.03
350.507	371.828
350.87	365.352
351.233	378.326
351.596	371.404
351.959	368.607
352.322	374.466
352.685	373.739
353.049	373.618
353.412	373.469
353.773	368.568
354.136	373.314
354.499	373.094
354.862	366.329
355.225	375.516
355.588	373.841
355.951	377.803
356.314	370.717
356.677	368.508
357.039	373.983
357.402	373.644
357.765	378.211
358.128	374.995
358.491	370.043
358.852	372.639
359.215	370.557
359.578	369.436
359.94	371.365
360.303	372.393
360.666	371.216
361.029	372.403
361.391	367.11
361.754	368.709
362.115	371.916
362.478	371.339
362.84	373.452
363.203	370.865
363.566	372.973
363.928	372.307
364.291	375.092
364.651	372.203
365.014	371.66
365.377	375.549
365.739	371.61
366.102	369.597
366.464	369.712
366.825	371.009
367.187	373.954
367.55	378.819
367.912	373.953
368.275	370.532
368.635	373.293
368.998	374.45
369.36	369.688
369.723	372.183
370.085	371.425
370.445	375.155
370.808	375.819
371.17	376.805
371.533	370.26
371.893	374.369
372.255	368.654
372.617	372.448
372.98	375.111
373.34	372.406
373.702	373.739
374.064	367.491
374.427	375.258
374.787	372.913
375.149	371.457
375.511	372.471
375.873	367.505
376.234	366.828
376.596	369.666
376.958	367.558
377.318	370.141
377.68	370.735
378.042	364.857
378.404	367.671
378.764	369.667
379.126	365.989
379.488	371.897
379.848	370.827
380.21	372.749
380.572	377.445
380.932	372.231
381.294	370.906
381.656	368.516
382.016	371.53
382.378	374.948
382.74	374.672
383.1	374.984
383.462	374.584
383.824	370.203
384.183	370.397
384.545	369.273
384.905	370.81
385.267	369.033
385.629	369.659
385.988	365.106
386.35	375.441
386.712	376.059
387.072	364.445
387.433	369.501
387.793	371.554
388.155	370.515
388.516	370.762
388.876	373.585
389.238	375.714
389.597	368.221
389.959	372.861
390.318	372.82
390.68	368.456
391.042	369.514
391.401	369.115
391.763	370.99
392.122	379.112
392.484	370.378
392.843	373.411
393.205	371.333
393.564	372.237
393.925	370.234
394.285	366.565
394.646	366.315
395.008	369.624
395.367	366.914
395.729	368.714
396.088	375.074
396.449	375.388
396.809	371.31
397.17	375.909
397.529	373.892
397.89	372.782
398.25	373.897
398.611	372.851
398.97	372.356
399.332	374.584
399.691	369.898
400.05	367.449
400.411	370.986
400.77	374.742
401.131	368.851
401.491	371.052
401.852	371.462
402.211	369.138
402.572	372.39
402.931	372.13
403.29	369.582
403.651	372.256
404.01	372.343
404.371	368.213
404.73	370.286
405.091	376.487
405.45	372.961
405.809	374.066
406.17	373.606
406.529	368.773
406.89	375.272
407.249	374.911
407.608	370.317
407.969	371.695
408.328	372.074
408.688	371.922
409.047	373.381
409.406	371.033
409.767	372.226
410.126	372.904
410.485	369.359
410.845	371.528
411.204	373.299
411.563	374.397
411.924	369.968
412.282	369.631
412.641	370.421
413.002	373.771
413.36	377.468
413.719	372.335
414.08	370.327
414.438	372.186
414.797	371.996
415.158	376.656
415.516	378.836
415.875	375.602
416.235	375.602
416.594	374.231
416.952	374.524
417.311	380.912
417.671	378.868
418.03	378.345
418.388	377.78
418.749	378.168
419.107	373.247
419.466	372.998
419.824	375.309
420.184	374.806
420.543	375.694
420.901	378.022
421.26	378.11
421.62	371.734
421.978	372.162
422.337	371.208
422.695	370.607
423.053	375.748
423.413	371.067
423.772	368.613
424.13	370.551
424.488	369.755
424.846	371.528
425.207	368.842
425.565	372.299
425.923	372.676
426.281	371.421
426.639	370.429
426.999	371.244
427.357	374.63
427.716	373.725
428.074	371.442
428.432	374.033
428.79	370.591
429.15	372.111
429.508	377.244
429.866	377.421
430.224	374.495
430.582	375.933
430.94	370.279
431.298	377.177
431.658	374.987
432.016	371.387
432.374	368.763
432.732	377.139
433.089	375.695
433.447	372.204
433.805	371.541
434.163	371.851
434.523	374.204
434.881	377.657
435.238	375.026
435.596	371.194
435.954	375.119
436.312	374.614
436.67	376.26
437.027	369.202
437.385	369.366
437.743	375.849
438.1	370.837
438.458	377.402
438.816	376.21
439.173	374.512
439.531	378.928
439.891	372.602
440.248	372.054
440.606	371.873
440.963	374.672
441.321	371.656
441.679	375.907
442.036	375.467
442.394	372.806
442.751	373.23
443.109	372.956
443.466	373.907
443.824	374.297
444.181	377.795
444.538	379.572
444.896	379.314
445.253	375.051
445.611	375.894
445.968	376.782
446.325	377.792
446.683	379.218
447.04	377.561
447.397	375.404
447.753	374.083
448.11	371.243
448.467	369.45
448.825	374.03
449.182	369.524
449.539	370.101
449.896	375.656
450.253	379.026
450.611	373.726
450.968	376.116
451.325	370.441
451.682	376.544
452.039	375.973
452.396	373.133
452.752	372.29
453.109	373.707
453.466	372.204
453.823	372.284
454.18	372.876
454.211	372.88
454.568	372.035
454.927	374.797
455.286	372.047
455.643	374.815
456.002	371.322
456.359	372.664
456.718	373.908
457.075	373.189
457.434	371.327
457.791	374.114
458.15	370.537
458.509	377.593
458.866	375.109
459.224	371.124
459.581	373.345
459.94	372.222
460.297	373.649
460.656	372.875
461.013	373.157
461.372	376.746
461.728	377.336
462.087	370.343
462.444	369.303
462.803	364.913
463.159	369.638
463.518	373.462
463.875	372.804
464.233	373.115
464.59	367.7
464.949	369.16
465.305	374.166
465.664	373.596
466.021	367.089
466.377	375.09
466.736	373.262
467.092	370.917
467.451	375.969
467.808	372.461
468.166	369.236
468.523	369.228
468.881	370.035
469.238	371.003
469.594	368.435
469.953	366.594
470.309	369.785
470.668	370.286
471.024	377.277
471.38	374.331
471.739	371.339
472.095	372.222
472.454	371.494
472.81	373.316
473.166	370.79
473.525	369.489
473.881	368.762
474.237	368.526
474.595	365.293
474.952	372.282
475.31	372.611
475.666	367.577
476.022	373.453
476.381	371.445
476.737	376.416
477.093	372.027
477.451	367.262
477.807	365.548
478.163	368.793
478.522	370.334
478.878	374.12
479.234	373.34
479.592	371.268
479.948	371.931
480.304	370.849
480.662	373.004
481.018	371.607
481.374	369.145
481.73	367.536
482.088	371.339
482.444	367.247
482.8	372.001
483.158	375.848
483.514	372.987
483.87	371.356
484.226	371.659
484.584	372.644
484.94	370.085
485.295	371.085
485.651	371.933
486.009	370.574
486.365	370.663
486.721	368.532
487.077	370.337
487.434	366.228
487.79	375.527
488.146	371.656
488.502	369.237
488.857	369.85
489.215	367.992
489.571	370.693
489.926	370.026
490.282	367.603
490.638	369.712
490.995	370.179
491.351	372.085
491.707	370.801
492.062	374.162
492.418	371.23
492.775	370.329
493.131	370.814
493.486	376.795
493.842	368.968
494.197	364.488
494.553	366.731
494.908	370.804
495.266	375.196
495.621	373.21
495.977	371.805
496.332	372.597
496.688	371.457
497.043	374.035
497.398	371.316
497.756	371.319
498.111	367.83
498.466	369.017
498.822	369.627
499.177	368.477
499.532	373.967
499.888	370.315
500.243	370.809
500.598	370.04
500.953	369.843
501.311	372.301
501.666	373.112
502.021	371.542
502.376	373.242
502.732	370.384
503.087	371.816
503.442	373.803
503.797	373.271
504.152	377
504.507	373.327
504.862	371.544
505.217	370.415
505.572	367.213
505.927	374.474
506.282	369.145
506.638	370.15
506.993	369.152
507.348	369.196
507.702	368.816
508.057	376.642
508.412	374.329
508.767	367.937
509.122	372.297
509.477	373.394
509.832	375.941
510.187	376.875
510.542	378.698
510.897	371.56
511.252	374.893
511.606	372.555
511.961	370.49
512.316	372.32
512.671	372.916
513.026	373.353
513.38	374.577
513.735	369.026
514.09	377.548
514.445	372.417
514.799	372.529
515.154	374.526
515.509	368.585
515.863	370.707
516.216	370.355
516.57	367.849
516.925	368.068
517.28	367.352
517.634	369.602
517.989	373.517
518.343	370.392
518.698	375.981
519.053	369.554
519.407	372.456
519.76	372.903
520.114	368.774
520.469	376.47
520.823	371.902
521.177	367.743
521.532	377.471
521.886	376.843
522.239	372.992
522.593	377.192
522.948	375.446
523.302	369.768
523.656	373.919
524.011	367.261
524.365	371.859
524.717	372.014
525.072	371.838
525.426	376.71
525.78	374.576
526.134	374.802
526.487	376.733
526.841	378.251
527.195	376.267
527.549	376.195
527.903	374.184
528.256	377.128
528.61	377.03
528.964	372.87
529.318	370.939
529.672	373.307
530.024	369.427
530.378	369.14
530.732	372.967
531.086	376.021
531.439	374.119
531.793	375.072
532.147	374.626
532.501	373.018
532.853	374.101
533.207	373.642
533.561	374.836
533.912	369.988
534.266	372.707
534.62	371.008
534.974	374.312
535.326	374.341
535.68	374.062
536.034	374.151
536.386	376.412
536.74	375.98
537.094	376.348
537.447	371.676
537.799	372.522
538.153	372.812
538.507	372.633
538.858	374.658
539.212	369.04
539.566	371.099
539.918	375.216
540.271	375.506
540.625	369.722
540.977	372.792
541.33	376.429
541.682	374.981
542.036	376.542
542.389	374.82
542.741	371.42
543.094	374.581
543.448	375.963
543.8	373.094
544.153	370.292
544.505	370.573
544.858	373.298
545.212	373.892
545.563	379.13
545.917	376.009
546.268	373.772
546.622	376.03
546.975	374.168
547.327	373.143
547.68	371.939
548.031	373.156
548.385	376.433
548.738	370.653
549.089	371.674
549.443	375.195
549.794	370.768
550.147	376.209
550.499	376.632
550.852	369.848
551.203	376.436
551.557	377.082
551.908	372.224
552.261	377.444
552.612	381.211
552.966	376.985
553.317	375.294
553.67	373.021
554.021	376.884
554.374	369.9
554.725	372.952
555.078	375.408
555.43	372.203
555.783	377.727
556.134	377.16
556.487	375.631
556.838	378.079
557.191	376.524
557.542	380.301
557.895	371.41
558.246	373.812
558.599	370.429
558.95	372.77
559.303	378.28
559.654	377.93
560.005	369.799
560.358	374.306
560.709	374.743
561.062	375.096
561.412	374.93
561.765	367.229
562.116	375.879
562.467	376.253
562.82	372.411
563.171	377.495
563.523	380.204
563.874	376.33
564.225	378.018
564.578	381.622
564.929	372.559
565.281	375.566
565.632	379.131
565.983	380.651
566.335	380.318
566.686	384.012
567.037	384.479
567.389	391.465
567.74	396.98
567.924	398.682
568.277	403.392
568.63	416.861
568.982	413.661
569.335	420.646
569.687	436.281
570.04	438.858
570.393	440.129
570.745	438.749
571.098	423.68
571.45	420.868
571.803	405.507
572.155	393.114
572.508	386.034
572.86	381.144
573.212	376.979
573.565	378.557
573.917	381.607
574.27	370.483
574.622	373.893
574.974	375.871
575.327	366.596
575.679	371.135
576.031	376.947
576.384	378.632
576.736	380.658
577.088	374.789
577.441	376.801
577.793	372.162
578.145	378.831
578.497	372.83
578.85	373.968
579.202	374.385
579.554	374.646
579.906	375.366
580.256	373.345
580.609	371.388
580.961	372.541
581.313	368.282
581.665	370.031
582.017	372.464
582.369	376.872
582.721	370.61
583.073	368.823
583.425	373.577
583.775	371.879
584.127	371.647
584.479	375.235
584.831	378.145
585.183	369.447
585.535	371.507
585.887	374.309
586.237	371.24
586.589	367.936
586.941	371.403
587.293	369.673
587.645	371.589
587.997	369.474
588.346	364.249
588.698	368.893
589.05	368.032
589.402	370.774
589.754	369.463
590.106	372.138
590.455	371.573
590.807	371.964
591.159	375.246
591.51	379.856
591.862	375.324
592.212	372.082
592.564	370.309
592.915	374.341
593.267	371.24
593.617	369.974
593.968	370.228
594.32	369.933
594.671	370.125
595.023	369.685
595.373	365.57
595.724	365.349
596.076	373.911
596.425	371.936
596.777	372.919
597.128	379.103
597.48	374.956
597.829	374.222
598.181	373.778
598.532	370.656
598.884	372.341
599.233	366.72
599.585	369.546
599.936	374.462
600.285	370.227
600.637	374.964
600.988	374.373
601.337	372.851
601.689	368.384
602.04	365.372
602.389	369.228
602.741	370.307
603.092	367.788
603.441	366.002
603.792	369.492
604.144	368.762
604.493	371.297
604.844	367.903
605.195	373.188
605.544	372.234
605.896	367.89
606.247	369.656
606.596	372.158
606.947	368.722
607.298	368.382
607.647	371.916
607.998	371.573
608.347	375.141
608.699	367.048
609.05	365.843
609.399	365.639
609.75	366.523
610.099	372.39
610.45	370.17
610.801	369.811
611.15	369.654
611.501	375.058
611.849	367.882
612.2	371.786
612.549	367.881
612.9	363.455
613.251	368.244
613.6	377.611
613.951	372.31
614.3	371.416
614.651	374.284
614.999	372.673
615.35	370.054
615.699	365.368
616.05	372.457
616.398	366.026
616.749	375.024
617.098	370.79
617.449	373.625
617.797	368.204
618.148	370.539
618.497	368.648
618.847	371.449
619.196	376.959
619.547	367.993
619.895	372.433
620.246	367.068
620.595	373.292
620.945	370.052
621.294	364.578
621.644	367.834
621.993	368.141
622.343	373.888
622.692	369.333
623.042	369.323
623.391	368.648
623.739	365.15
624.09	366.048
624.438	369.565
624.789	369.94
625.137	365.692
625.488	367.168
625.836	365.236
626.184	370.714
626.535	368.978
626.883	368.96
627.233	369.566
627.582	366.904
627.93	366.592
628.28	367.999
628.629	366.55
628.979	368.648
629.327	367.708
629.676	366.993
630.026	367.622
630.374	366.969
630.722	366.239
631.072	369.792
631.421	367.799
631.769	370.435
632.119	365.331
632.467	364.295
632.817	366.492
633.165	367.617
633.513	367.031
633.863	368.107
634.212	367.701
634.56	368.402
634.908	368.516
635.258	367.762
635.606	371.426
635.954	372.502
636.304	370.104
636.652	368.567
637	369.905
637.35	370.318
637.698	368.317
638.046	369.827
638.393	368.149
638.743	366.81
639.091	369.645
639.439	368.43
639.787	365.411
640.137	369.213
640.485	369.727
640.832	367.723
641.182	364.34
641.53	364.154
641.878	366.365
642.226	366.049
642.573	360.18
642.923	369.988
643.271	367.851
643.619	365.069
643.966	365.225
644.316	366.928
644.664	365.692
645.011	372.165
645.359	371.779
645.707	366.923
646.056	366.289
646.404	368.208
646.751	364.886
647.099	368.007
647.447	366.142
647.794	365.899
648.144	368.416
648.491	366.858
648.839	366.887
649.186	362.821
649.534	365.784
649.881	366.938
650.231	366.981
650.578	362.374
650.925	364.067
651.273	368.097
651.62	366.169
651.968	364.286
652.315	362.491
652.662	364.96
653.012	362.462
653.359	362.844
653.706	362.141
654.054	363.424
654.401	365.86
654.748	365.374
655.096	364.739
655.443	363.939
655.79	361.992
656.137	367.021
656.487	368.699
656.834	364.434
657.181	364.453
657.528	361.849
657.875	367.165
658.222	363.601
658.57	360.546
658.917	364.823
659.264	366.465
659.611	366.4
659.958	366.893
660.305	366.37
660.652	366.313
660.999	357.043
661.346	360.137
661.693	366.14
662.04	364.258
662.387	365.179
662.734	368.161
663.081	364.721
663.428	363.722
663.775	363.495
664.122	366.805
664.469	367.247
664.816	370.505
665.163	364.983
665.51	369.144
665.856	365.934
666.203	364.731
666.55	365.413
666.897	362.868
667.244	367.974
667.591	367.059
667.937	360.629
668.284	363.885
668.631	362.149
668.978	359.6
669.324	363.646
669.671	362.908
670.016	362.343
670.362	367.632
670.709	368.954
671.056	368.43
671.402	364.925
671.749	362.224
672.096	365.788
672.442	362.314
672.789	366.764
673.135	365.577
673.48	364.183
673.827	359.896
674.173	361.889
674.52	371.595
674.866	369.009
675.213	363.493
675.559	359.647
675.906	360.297
676.25	359.797
676.597	366.649
676.943	364.767
677.289	361.536
677.636	360.694
677.982	361.678
678.327	364.617
678.673	364.763
679.019	364.892
679.322	363.028
679.668	364.723
680.016	359.321
680.363	364.161
680.711	364.838
681.057	362.127
681.405	362.827
681.752	363.569
682.1	363.168
682.448	360.898
682.794	365.75
683.141	365.704
683.489	358.176
683.835	362.927
684.183	365.203
684.529	367.084
684.877	365.922
685.223	362.471
685.572	362.601
685.918	362.16
686.266	361.577
686.612	364.372
686.96	363.21
687.306	362.668
687.654	360.58
688	363.652
688.346	361.524
688.694	360.863
689.04	360.582
689.388	363.846
689.734	363.947
690.082	363.17
690.428	359.684
690.774	361.011
691.121	363.726
691.467	365.536
691.815	363.612
692.161	362.876
692.507	358.741
692.855	361.502
693.201	363.492
693.548	361.994
693.894	364.935
694.24	360.955
694.588	362.069
694.933	364.766
695.279	366.027
695.627	368.779
695.973	360.454
696.318	360.389
696.666	364.005
697.012	362.325
697.357	364.114
697.705	359.921
698.051	362.679
698.396	365.969
698.744	362.22
699.089	373.263
699.435	361.086
699.782	363.971
700.128	362.641
700.474	361.726
700.821	360.257
701.167	361.984
701.512	362.747
701.86	363.63
702.205	362.606
702.55	363.393
702.896	360.309
703.243	357.734
703.589	360.732
703.934	362.633
704.28	360.59
704.627	367.438
704.972	363.557
705.318	361.694
705.663	360.616
706.01	359.063
706.356	366.753
706.701	362.037
707.046	364.055
707.393	366.226
707.739	361.348
708.084	365.328
708.429	363.792
708.774	364.945
709.122	362.942
709.467	356.337
709.812	359.913
710.157	362.095
710.502	358.88
710.849	360.892
711.195	359.962
711.54	363.398
711.885	362.073
712.23	356.751
712.577	365.604
712.922	365.029
713.267	358.405
713.612	357.471
713.957	360.677
714.302	366.069
714.647	361.033
714.994	361.27
715.339	359.328
715.684	360.738
716.029	367.087
716.374	362.773
716.719	359.787
717.064	362.145
717.409	364.364
717.755	361.312
718.1	360.564
718.445	361.159
718.79	360.602
719.135	361.336
719.48	364.317
719.824	359.888
720.169	361.752
720.514	362.219
720.859	359.918
721.204	361.676
721.55	361.247
721.895	361.111
722.24	362.302
722.584	361.503
722.929	361.582
723.274	362.514
723.618	357.683
723.963	359.703
724.308	361.553
724.652	361.523
724.997	362.899
725.341	363.968
725.686	362.253
726.031	362.002
726.375	358.669
726.72	360.937
727.064	359.441
727.409	361.008
727.753	362.493
728.098	359.408
728.442	359.313
728.787	358.135
729.131	358.656
729.475	362.388
729.82	364.71
730.164	359.293
730.509	360.297
730.853	363.951
731.197	360.776
731.542	365.981
731.886	363.788
732.23	362.919
732.575	365.056
732.919	363.98
733.263	367.756
733.606	367.447
733.95	363.877
734.294	363.852
734.638	360.134
734.983	362.981
735.327	362.49
735.671	360.717
736.015	364.221
736.359	363.644
736.703	365.892
737.048	363.538
737.39	361.75
737.734	358.422
738.078	362.389
738.422	360.999
738.766	361.045
739.11	365.988
739.454	355.603
739.798	359.371
740.14	363.635
740.484	355.314
740.828	363.25
741.172	361.427
741.516	361.771
741.86	358.427
742.204	360.223
742.546	362.702
742.89	365.374
743.234	359.714
743.578	359.653
743.922	362.484
744.264	359.823
744.607	360.974
744.951	360.38
745.295	365.072
745.639	363.612
745.981	356.053
746.325	362.532
746.668	361.21
747.012	365.678
747.356	365.233
747.698	361.362
748.041	358.484
748.385	363.112
748.729	365.267
749.07	362.857
749.414	363.042
749.758	364.049
750.101	365.671
750.443	361.239
750.787	361.236
751.13	361.411
751.474	364.503
751.815	362.963
752.159	361.083
752.503	363.357
752.844	359.982
753.188	364.005
753.531	365.691
753.875	361.24
754.216	368.103
754.56	363.77
754.903	362.011
755.245	359.671
755.588	364.128
755.931	360.489
756.273	357.899
756.616	361.582
756.96	364.476
757.301	361.898
757.644	362.288
757.988	362.031
758.329	362.457
758.672	363.997
759.016	357.688
759.357	361.93
759.7	363.405
760.043	362.257
760.385	363.848
760.728	361.591
761.069	362.49
761.412	361.56
761.756	364.471
762.097	361.69
762.44	359.922
762.783	355.035
763.124	359.142
763.467	367.304
763.809	366.689
764.152	360.117
764.493	361.271
764.836	363.704
765.179	361.732
765.52	362.005
765.863	356.434
766.204	363.354
766.547	357.308
766.888	355.724
767.231	358.424
767.574	363.336
767.915	365.682
768.258	361.663
768.599	360.179
768.942	356.501
769.283	359.187
769.626	366.171
769.967	364.523
770.31	361.862
770.65	359.483
770.993	363.652
771.334	357.821
771.677	363.977
772.018	359.773
772.361	362.497
772.701	362.901
773.044	362.329
773.385	362.389
773.728	360.207
774.068	358.217
774.411	360.514
774.752	360.27
775.095	362.87
775.435	363.345
775.778	359.01
776.119	367.15
776.459	362.909
776.802	362.052
777.142	364.461
777.485	363.512
777.826	361.246
778.168	362.447
778.509	360.55
778.849	363.618
779.192	362.041
779.532	360.262
779.875	361.412
780.216	361.237
780.556	363.575
780.898	363.88
781.239	365.179
781.581	362.951
781.922	361.461
782.262	359.417
782.605	361.099
782.945	363.569
783.288	362.126
783.628	367.045
783.968	364.185
784.311	359.619
784.651	363.533
784.991	365.305
785.334	358.367
785.674	358.806
786.014	355.872
786.356	359.884
786.697	361.611
787.037	360.124
787.379	365.405
787.719	362.242
788.06	356.54
788.402	361.869
788.742	362.765
789.082	359.666
789.422	364.581
789.765	357.487
790.105	358.688
790.445	364.382
790.787	368.812
791.127	363.782
791.432	360.535
791.774	360.841
792.116	366.348
792.458	358.568
792.8	363.463
793.142	361.38
793.484	361.586
793.826	359.911
794.168	363.204
794.51	362.899
794.85	366.88
795.191	368.039
795.533	360.591
795.875	362.577
796.217	359.286
796.559	359.624
796.901	371.695
797.243	362.617
797.585	366.473
797.926	368.286
798.268	358.873
798.61	364.087
798.952	365.536
799.292	362.478
799.633	370.368
799.975	361.793
800.317	365.329
800.659	361.647
801	366.221
801.342	366.905
801.684	365.581
802.023	367.335
802.365	362.818
802.707	364.438
803.048	362.842
803.39	365.273
803.732	361.238
804.073	357.89
804.413	365.297
804.754	361.61
805.096	365.81
805.437	364.922
805.779	359.77
806.12	357.587
806.46	362.615
806.801	361.989
807.143	362.549
807.484	363.408
807.826	359.434
808.165	360.968
808.507	363.123
808.848	365.346
809.189	365.09
809.531	364.159
809.87	361.178
810.212	359.57
810.553	361.346
810.894	361.085
811.234	364.755
811.575	361.955
811.916	360.578
812.257	361.318
812.597	356.495
812.938	358.756
813.279	359.914
813.62	362.136
813.96	359.934
814.301	364.461
814.642	365.123
814.983	360.924
815.323	359.236
815.664	362.801
816.005	357.584
816.344	360.188
816.685	365.51
817.026	366.757
817.365	363.317
817.706	361.013
818.047	361.493
818.388	362.362
818.727	364.07
819.068	360.461
819.41	357.798
819.749	359.264
820.09	358.414
820.43	356.533
820.769	362.396
821.11	360.3
821.451	360.234
821.79	360.385
822.131	358.665
822.47	362.896
822.811	364.368
823.152	363.89
823.491	359.309
823.832	360.46
824.172	363.512
824.511	363.032
824.852	361.482
825.191	356.503
825.532	362.843
825.872	360.939
826.211	360.797
826.552	360.212
826.891	362.43
827.231	363.961
827.57	361.27
827.911	359.642
828.251	357.96
828.59	361.837
828.931	362.43
829.269	364.405
829.61	360.904
829.949	362.243
830.289	356.926
830.628	359.007
830.969	359.842
831.309	361.473
831.648	359.807
831.988	359.023
832.327	356.988
832.667	361.54
833.006	363.093
833.346	366.303
833.685	361.524
834.025	362.959
834.364	358.431
834.704	356.298
835.043	358.192
835.383	358.076
835.721	362.085
836.062	358.721
836.4	357.459
836.74	359.906
837.079	361.172
837.419	356.346
837.758	361.097
838.096	358.728
838.436	360.578
838.774	360.872
839.115	357.92
839.453	359.024
839.793	360.356
840.131	361.798
840.472	361.41
840.81	359.227
841.148	359.133
841.488	357.197
841.826	363.122
842.167	362.507
842.505	362.262
842.843	360.648
843.183	356.191
843.521	358.554
843.861	361.023
844.199	360.363
844.537	362.983
844.878	363.597
845.216	358.603
845.556	364.008
845.894	358.662
846.232	360.195
846.572	357.143
846.91	356.788
847.248	358.164
847.588	358.199
847.926	355.767
848.263	355.829
848.603	357.123
848.941	356.768
849.279	364.013
849.619	357.396
849.957	357.04
850.295	358.441
850.635	361.565
850.972	361.682
851.31	363.196
851.65	359.91
851.988	356.974
852.326	358.937
852.664	357.519
853.003	360.513
853.341	357.386
853.679	360.773
854.018	361.034
854.356	359.802
854.694	355.547
855.032	360.589
855.371	361.68
855.709	358.181
856.047	364.408
856.384	361.516
856.724	359.353
857.061	361.416
857.399	358.697
857.737	357.911
858.076	357.477
858.414	360.9
858.751	358.745
859.089	361.523
859.426	363.777
859.766	358.048
860.103	362.029
860.441	363.997
860.778	358.528
861.116	362.034
861.455	363.604
861.793	356.815
862.13	359.055
862.467	361.205
862.805	363.319
863.142	366.275
863.482	357.323
863.819	359.096
864.156	360.895
864.494	358.249
864.831	359.252
865.168	362.62
865.507	360.826
865.845	362.129
866.182	364.357
866.519	360.337
866.857	360.767
867.194	361.335
867.531	356.964
867.868	360.908
868.207	363.151
868.545	361.661
868.882	362.985
869.219	358.973
869.556	360.52
869.893	356.14
870.23	360.352
870.567	362.938
870.904	360.797
871.242	359.197
871.579	358.595
871.916	358.912
872.255	361.529
872.592	357.642
872.929	357.011
873.266	359.37
873.603	360.058
873.94	356.553
874.277	362.773
874.614	364.118
874.951	364.094
875.288	359.711
875.624	361.546
875.961	360.881
876.298	359.508
876.635	360.492
876.972	362.218
877.309	362.691
877.646	359.668
877.983	363.012
878.319	358.831
878.656	363.84
878.993	361.236
879.33	354.217
879.667	362.158
880.003	361.682
880.34	361.138
880.677	364.961
881.013	360.708
881.35	366.334
881.687	362.136
882.023	359.062
882.36	358.912
882.697	362.327
883.031	357.498
883.368	364.041
883.705	363.214
884.041	356.355
884.378	355.368
884.715	360.803
885.051	361.835
885.388	364.965
885.724	357.112
886.061	359.391
886.397	362.646
886.734	362.462
887.068	360.645
887.405	363.586
887.741	365.761
888.078	361.298
888.414	356.06
888.75	358.94
889.087	363.212
889.423	358.248
889.758	360.158
890.094	363.251
890.43	365.802
890.767	361.784
891.103	363.369
891.44	360.252
891.774	359.583
892.11	359.369
892.446	363.625
892.783	358.796
893.119	359.804
893.455	360.149
893.789	361.646
894.126	363.714
894.462	362.702
894.798	368.463
895.134	364.512
895.469	357.144
895.805	364.466
896.141	363.079
896.477	362.836
896.813	360.333
897.147	366.156
897.483	366.669
897.819	365.79
898.156	361.782
898.49	355.673
898.826	360.976
899.162	366.327
899.498	362.76
899.832	361.381
900.168	360.081
900.275	358.964
900.611	360.919
900.949	367.692
901.285	368.307
901.623	357.108
901.959	362.712
902.295	363.782
902.633	367.026
902.969	357.105
903.306	357.742
903.642	362.336
903.98	363.857
904.316	360.03
904.652	361.134
904.99	359.043
905.325	362.24
905.663	360.715
905.999	366.264
906.335	365.768
906.672	362.423
907.008	364.363
907.344	364.688
907.681	360.344
908.017	356.722
908.355	362.036
908.69	364.054
909.026	361.8
909.364	364.323
909.699	362.756
910.035	365.896
910.372	365.934
910.708	366.131
911.044	366.238
911.381	360.682
911.717	363.259
912.052	362.851
912.39	357.616
912.725	361.108
913.061	359.559
913.396	359.244
913.734	362.711
914.069	364.737
914.405	365.189
914.742	363.74
915.078	359.212
915.413	363.087
915.748	365.837
916.086	368.61
916.421	363.962
916.757	360.674
917.094	362.891
917.429	362.608
917.765	363.616
918.1	361.634
918.437	365.804
918.772	363.458
919.108	361.877
919.443	360.396
919.778	360.393
920.115	362.515
920.451	361.391
920.786	363.321
921.121	362.408
921.458	364.339
921.793	363.637
922.129	361.644
922.464	362.469
922.799	363.693
923.136	362.224
923.471	359.316
923.806	361.145
924.141	363.243
924.476	363.53
924.811	364.488
925.148	365.228
925.484	363.123
925.819	362.951
926.154	364.55
926.489	363.236
926.824	363.925
927.159	364.904
927.495	367.55
927.83	366.386
928.165	363.379
928.5	358.642
928.835	362.891
929.17	358.706
929.505	361.446
929.84	365.317
930.177	365.699
930.512	363.769
930.846	362.991
931.181	363.631
931.516	364.615
931.851	366.621
932.186	365.897
932.52	362.595
932.855	365.43
933.19	363.387
933.525	365.054
933.861	364.997
934.196	366.418
934.531	365.167
934.866	364.425
935.2	365.034
935.535	357.253
935.87	361.741
936.204	367.246
936.539	361.803
936.873	366.906
937.208	362.853
937.543	357.185
937.877	366.105
938.212	361.51
938.546	361.085
938.881	364.28
939.215	362.217
939.55	364.446
939.884	367.76
940.219	366.595
940.553	364.079
940.888	363.63
941.222	364.115
941.557	367.323
941.891	364.49
942.226	360.649
942.56	366.569
942.894	364.688
943.229	362.818
943.563	365.652
943.898	363.176
944.232	366.692
944.566	366.918
944.899	363.27
945.233	365.012
945.567	362.293
945.901	365.946
946.236	364.453
946.57	364.46
946.904	360.401
947.238	360.205
947.573	362.481
947.907	366.155
948.241	368.764
948.575	360.994
948.907	359.652
949.242	368.084
949.576	365.674
949.91	364.12
950.244	367.573
950.578	368.978
950.912	365.487
951.246	361.582
951.578	364.19
951.912	365.708
952.247	367.537
952.581	364.907
952.915	367.751
953.249	363.669
953.581	360.85
953.915	365.772
954.249	365.332
954.583	366.098
954.916	365.343
955.25	367.576
955.582	368.078
955.916	361.972
956.25	365.389
956.584	366.081
956.918	365.938
957.25	366.26
957.584	365.311
957.917	362.62
958.251	363.32
958.585	364.646
958.917	361.585
959.251	366.136
959.585	364.782
959.918	363.73
960.25	366.355
960.584	367.767
960.918	365.979
961.251	365.301
961.583	365.905
961.917	368.402
962.25	363.804
962.584	365.02
962.916	368.002
963.249	366.387
963.583	367.657
963.915	363.888
964.248	363.098
964.582	365.245
964.915	363.876
965.247	365.217
965.581	365.13
965.914	365.334
966.246	364.259
966.579	366.662
966.913	369.135
967.244	370.077
967.578	362.095
967.911	367.551
968.243	363.841
968.576	363.097
968.909	362.83
969.241	363.859
969.574	367.558
969.908	364.95
970.239	365.665
970.573	368.17
970.904	365.687
971.237	368.3
971.571	368.968
971.902	365.312
972.235	365.174
972.568	372.113
972.9	368.272
973.233	366.725
973.564	370
973.898	363.695
974.231	368.977
974.562	369.759
974.895	361.808
975.227	368.267
975.56	369.561
975.891	364.476
976.224	371.464
976.557	369.924
976.888	371.417
977.221	369.468
977.553	368.242
977.886	370.481
978.217	370.029
978.55	371.765
978.881	373.844
979.214	371.902
979.547	364.895
979.878	365.194
980.211	370.527
980.542	365.514
980.875	375.492
981.206	366.992
981.539	372.541
981.87	369.267
982.203	370.192
982.534	367.519
982.867	367.734
983.198	366.507
983.531	372.173
983.862	363.983
984.195	369.015
984.525	370.427
984.856	368.459
985.189	364.556
985.52	367.093
985.853	370.451
986.184	369.78
986.516	367.846
986.847	366.359
987.18	367.144
987.511	371.282
987.841	367.059
988.174	367.504
988.505	369.948
988.838	367.599
989.168	367.182
989.501	363.712
989.832	367.396
990.162	369.865
990.495	368.141
990.826	377.446
991.158	368.031
991.489	369.826
991.82	374.127
992.152	366.088
992.483	367.243
992.813	365.335
993.146	368.068
993.476	369.203
993.809	366.868
994.139	367.029
994.47	370.031
994.802	367.81
995.133	369.329
995.463	375.019
995.796	370.837
996.126	367.422
996.457	367.944
996.789	370.863
997.12	370.342
997.45	370.729
997.782	370.351
998.113	369.763
998.443	367.595
998.773	364.654
999.106	363.972
999.436	367.712
999.766	371.049
1000.1	372.567
1000.43	370.825
1000.76	368.596
1001.09	368.852
1001.42	369.994
1001.75	368.942
1002.08	367.864
1002.41	372.087
1002.74	371.699
1003.07	367.502
1003.41	364.836
1003.74	366.07
1004.07	367.777
1004.4	365.603
1004.73	366.754
1005.06	367.282
1005.39	368.762
1005.72	370.23
1006.05	368.268
1006.38	369.57
1006.71	371.797
1007.04	372.345
1007.37	375.33
1007.7	369.758
1007.83	367.107
1008.16	369.346
1008.49	369.278
1008.82	366.317
1009.15	365.636
1009.49	369.198
1009.82	369.758
1010.15	367.723
1010.48	370.97
1010.81	371.246
1011.14	371.856
1011.47	370.035
1011.81	370.142
1012.14	370.124
1012.47	371.187
1012.8	372.775
1013.13	373.86
1013.46	377.2
1013.8	372.367
1014.13	368.054
1014.46	369.901
1014.79	369.122
1015.12	368.901
1015.45	369.278
1015.78	370.585
1016.12	369.013
1016.45	365.632
1016.78	370.129
1017.11	372.405
1017.44	371.579
1017.77	372.817
1018.1	371.089
1018.43	370.086
1018.76	372.707
1019.1	375.785
1019.43	375.23
1019.76	370.513
1020.09	375.035
1020.42	370.702
1020.75	372.065
1021.08	370.127
1021.41	370.351
1021.74	371.899
1022.08	368.829
1022.41	367.416
1022.74	368.61
1023.07	371.389
1023.4	369.614
1023.73	369.189
1024.06	366.065
1024.39	369.573
1024.72	373.095
1025.05	368.266
1025.38	371.227
1025.71	367.242
1026.05	371.213
1026.37	369.885
1026.71	365.547
1027.04	368.897
1027.37	365.808
1027.7	366.694
1028.03	368.512
1028.36	368.573
1028.69	368.303
1029.02	375.361
1029.35	367.818
1029.68	366.287
1030.01	372.054
1030.34	369.746
1030.67	371.451
1031	376.559
1031.33	376.248
1031.66	374.067
1031.99	370.654
1032.32	367.012
1032.66	373.404
1032.98	366.664
1033.32	373.685
1033.65	372.075
1033.98	370.653
1034.31	372.36
1034.64	370.451
1034.97	373.459
1035.3	366.189
1035.63	373.25
1035.96	368.991
1036.29	368.458
1036.62	371.496
1036.95	365.454
1037.28	372.456
1037.61	376.326
1037.94	367.949
1038.27	366.665
1038.6	369.939
1038.93	368.136
1039.26	372.553
1039.59	372.23
1039.92	369.936
1040.25	373.024
1040.58	369.881
1040.91	372.803
1041.23	373.896
1041.57	375.91
1041.9	373.267
1042.22	371.332
1042.56	370.029
1042.88	371.933
1043.21	370.684
1043.54	363.982
1043.87	366.139
1044.2	369.527
1044.53	371.679
1044.86	371.963
1045.19	366.801
1045.52	369.03
1045.85	372.845
1046.18	370.421
1046.51	369.772
1046.84	369.171
1047.17	372.869
1047.5	370.993
1047.83	373.817
1048.16	369.373
1048.49	367.55
1048.81	368.87
1049.15	370.707
1049.47	368.744
1049.8	369.635
1050.13	369.611
1050.46	372.103
1050.79	371.621
1051.12	368.328
1051.45	369.284
1051.78	370.377
1052.11	366.348
1052.44	372.23
1052.77	371.334
1053.1	370.658
1053.42	371.183
1053.75	368.421
1054.08	371.241
1054.41	370.426
1054.74	369.971
1055.07	371.531
1055.4	373.601
1055.73	367.747
1056.06	372.009
1056.38	369.289
1056.71	368.044
1057.04	375.204
1057.37	372.729
1057.7	373.063
1058.03	370.435
1058.36	369.289
1058.69	373.562
1059.02	374.431
1059.34	372.971
1059.67	372.285
1060	372.946
1060.33	362.697
1060.66	370.962
1060.99	371.043
1061.32	372.46
1061.64	370.601
1061.97	376.134
1062.3	371.688
1062.63	373.159
1062.96	367.921
1063.29	373.23
1063.62	373.598
1063.94	373.071
1064.27	371.507
1064.6	373.971
1064.93	374.502
1065.26	375.998
1065.59	376.657
1065.91	373.359
1066.24	373.094
1066.57	371.375
1066.9	377.626
1067.23	371.642
1067.55	371.806
1067.88	370.273
1068.21	370.583
1068.54	367.112
1068.87	368.291
1069.2	371.927
1069.53	373.884
1069.85	374.193
1070.18	370.96
1070.51	377
1070.84	370.451
1071.16	375.84
1071.49	373.661
1071.82	375.578
1072.15	376.867
1072.48	374.321
1072.8	373.473
1073.13	374.664
1073.46	376.281
1073.79	373.96
1074.12	372.361
1074.44	373.655
1074.77	376.241
1075.1	375.739
1075.43	376.068
1075.75	373.926
1076.08	373.247
1076.41	370.483
1076.74	380.322
1077.07	374.011
1077.39	373.213
1077.72	374.308
1078.05	374.22
1078.38	380.136
1078.7	379.439
1079.03	376.605
1079.36	373.733
1079.68	376.835
1080.01	377.005
1080.34	378.348
1080.67	377.085
1080.99	379.315
1081.32	376.387
1081.65	380.081
1081.98	378.854
1082.31	370.399
1082.63	376.258
1082.96	374.448
1083.29	374.777
1083.61	379.991
1083.94	374.938
1084.27	372.591
1084.6	375.809
1084.92	381.728
1085.25	376.861
1085.58	374.333
1085.9	378.423
1086.23	387.136
1086.56	379.76
1086.89	373.505
1087.21	380.11
1087.54	376.146
1087.87	373.854
1088.19	375.304
1088.52	375.794
1088.85	375.421
1089.17	374.836
1089.5	378.926
1089.83	379.354
1090.15	374.623
1090.48	377.109
1090.81	376.65
1091.14	374.702
1091.46	371.4
1091.79	373.772
1092.12	377.073
1092.44	374.875
1092.77	373.063
1093.09	375.718
1093.42	378.975
1093.75	375.183
1094.08	376.933
1094.4	380.836
1094.73	377.501
1095.06	375.59
1095.38	376.527
1095.71	377.466
1096.03	376.495
1096.36	374.451
1096.69	378.278
1097.01	376.148
1097.34	373.684
1097.67	379.747
1097.99	381.325
1098.32	382.25
1098.65	381.097
1098.97	380.233
1099.3	379.77
1099.63	380.026
1099.95	374.742
1100.28	375.318
1100.6	378.832
1100.93	378.951
1101.26	378.118
1101.58	374.935
1101.91	377.083
1102.23	375.038
1102.56	377.945
1102.89	372.617
1103.21	376.81
1103.54	376.517
1103.87	376.423
1104.19	382.156
1104.52	373.179
1104.84	379.756
1105.17	377.89
1105.5	376.421
1105.82	375.374
1106.15	372.287
1106.47	376.35
1106.8	375.227
1107.12	377.792
1107.45	372.738
1107.78	375.219
1108.1	380.808
1108.43	384.183
1108.75	381.636
1109.08	380.095
1109.4	376.434
1109.73	372.894
1110.06	377.01
1110.38	376.775
1110.71	372.664
1111.03	375.608
1111.36	376.375
1111.68	375.884
1112.01	373.415
1112.33	373.912
1112.66	381.164
1112.99	378.105
1113.31	380.238
1113.64	375.194
1113.85	377.814
1114.18	376.665
1114.51	376.492
1114.83	373.26
1115.16	374.635
1115.49	371.707
1115.81	375.626
1116.14	374.257
1116.47	376.298
1116.79	374.709
1117.12	379.35
1117.45	373.996
1117.77	373.537
1118.1	373.019
1118.43	373.393
1118.75	378.136
1119.08	372.6
1119.41	372.412
1119.73	377.246
1120.06	368.942
1120.39	378.047
1120.71	373.64
1121.04	373.307
1121.37	372.832
1121.69	378.072
1122.02	373.302
1122.34	377.427
1122.67	372.247
1123	376.1
1123.32	378.509
1123.65	373.438
1123.98	375.53
1124.3	372.326
1124.63	371.833
1124.95	377.329
1125.28	373.878
1125.61	369.917
1125.93	374.65
1126.26	375.489
1126.58	373.104
1126.91	371.118
1127.24	372.882
1127.56	373.223
1127.89	373.923
1128.21	371.837
1128.54	373.219
1128.87	375.14
1129.19	371.736
1129.52	367.312
1129.84	371.67
1130.17	368.592
1130.49	376.491
1130.82	372.625
1131.15	369.576
1131.47	369.243
1131.8	373.02
1132.12	371.278
1132.45	374.699
1132.78	373.361
1133.1	371.628
1133.43	378.007
1133.75	370.723
1134.08	369.777
1134.4	368.587
1134.73	368.144
1135.06	377.813
1135.38	367.014
1135.71	371.768
1136.03	373.838
1136.36	373.235
1136.68	369.893
1137.01	368.619
1137.33	367.737
1137.66	373.744
1137.99	368.886
1138.31	365.803
1138.64	370.819
1138.96	367.984
1139.29	370.47
1139.61	372.121
1139.94	370.967
1140.26	368.525
1140.59	367.36
1140.91	369.042
1141.24	365.377
1141.56	371.063
1141.89	369.707
1142.21	365.53
1142.54	361.582
1142.86	361.902
1143.19	370.623
1143.51	373.611
1143.84	367.46
1144.16	369.89
1144.49	367.515
1144.81	368.223
1145.14	366.531
1145.46	372.724
1145.79	367.048
1146.11	363.872
1146.44	367.07
1146.76	368.414
1147.09	368.068
1147.41	361.639
1147.74	365.402
1148.06	365.392
1148.39	363.76
1148.71	369.485
1149.04	368.581
1149.36	366.738
1149.69	365.017
1150.01	367.605
1150.34	363.966
1150.66	361.625
1150.98	367.797
1151.31	365.807
1151.63	368.242
1151.96	365.662
1152.28	365.6
1152.61	363.183
1152.93	360.258
1153.26	367.027
1153.58	364.39
1153.91	363.708
1154.23	368.029
1154.55	368.848
1154.88	362.952
1155.2	364.621
1155.53	362.47
1155.85	366.498
1156.18	363.807
1156.5	362.26
1156.83	361.842
1157.15	363.204
1157.47	366.315
1157.8	362.964
1158.12	364.995
1158.45	365.314
1158.77	366.501
1159.1	366.796
1159.42	366.977
1159.74	360.151
1160.07	367.871
1160.39	361.74
1160.72	367.037
1161.04	367.489
1161.36	364.456
1161.69	367.084
1162.01	363.922
1162.34	363.513
1162.66	363.63
1162.98	361.43
1163.31	363.17
1163.63	362.116
1163.96	359.679
1164.28	365.24
1164.6	365.374
1164.93	365.456
1165.25	364.563
1165.57	363.526
1165.9	366.631
1166.22	360.437
1166.54	366.929
1166.87	362.33
1167.19	363.299
1167.52	365.146
1167.84	365.585
1168.16	367.756
1168.49	362.545
1168.81	362.364
1169.13	361.424
1169.46	360.95
1169.78	360.175
1170.1	361.512
1170.43	360.146
1170.75	366.595
1171.07	363.946
1171.4	355.889
1171.72	358.369
1172.04	358.158
1172.37	361.853
1172.69	359.997
1173.01	360.094
1173.34	366.229
1173.66	362.043
1173.98	364.197
1174.31	366.796
1174.63	364.548
1174.95	362.788
1175.28	362.768
1175.6	362.699
1175.92	364.845
1176.25	359.998
1176.57	367.045
1176.89	365.259
1177.22	362.708
1177.54	362.161
1177.86	359.428
1178.18	363.812
1178.51	361.758
1178.83	358.522
1179.15	363.722
1179.48	361.025
1179.8	364.019
1180.12	364.446
1180.44	360.899
1180.77	360.292
1181.09	359.23
1181.41	363.111
1181.74	365.712
1182.06	364.654
1182.38	364.052
1182.7	361.551
1183.03	359.429
1183.35	363.536
1183.67	362.875
1184	362.842
1184.32	360.588
1184.64	363.87
1184.96	366.796
1185.29	361.88
1185.61	363.41
1185.93	362.7
1186.25	359.077
1186.58	360.998
1186.9	358.713
1187.22	357.395
1187.54	360.752
1187.87	362.091
1188.19	360.338
1188.51	359.459
1188.83	363.55
1189.16	363.618
1189.48	363.9
1189.8	362.056
1190.12	360.772
1190.45	358.572
1190.77	359.742
1191.09	360.931
1191.41	363.486
1191.73	362.869
1192.06	363.695
1192.38	361.621
1192.7	360.476
1193.02	360.434
1193.35	361.416
1193.67	359.149
1193.99	360.148
1194.31	363.847
1194.63	359.108
1194.96	361.858
1195.28	359.79
1195.6	359.362
1195.92	363.509
1196.24	360.63
1196.57	361.96
1196.89	362.72
1197.21	361.935
1197.53	362.409
1197.85	360.547
1198.17	360.344
1198.5	359.926
1198.82	361.327
1199.14	361.522
1199.46	358.201
1199.78	356.924
1199.89	359.789
1199.92	361.757
1200	370
