100.339	366.861
100.717	363.234
101.092	367.195
101.469	367.064
101.847	363.26
102.222	361.775
102.599	364.787
102.974	365.753
103.351	363.696
103.727	367.467
104.104	365.041
104.481	365.058
104.856	372.652
105.233	368.991
105.608	368.708
105.985	371.873
106.36	379.987
106.737	372.442
107.115	376.238
107.49	377.014
107.867	369.723
108.242	363.584
108.619	359.131
108.993	366.203
109.37	363.191
109.745	365.002
110.122	368.483
110.497	367.777
110.874	369.633
111.249	364.142
111.626	366.548
112.001	366.521
112.377	366.67
112.752	366.392
113.129	367.988
113.504	367.375
113.881	370.795
114.255	365.929
114.632	367.324
115.007	368.201
115.383	372.429
115.758	365.215
116.135	365.439
116.509	370.244
116.886	364.394
117.261	366.903
117.637	362.837
118.012	366.938
118.386	365.092
118.763	359.73
119.138	367.659
119.514	375.036
119.889	370.292
120.265	365.209
120.64	365.197
121.014	370.15
121.39	367.499
121.765	362.169
122.141	367.111
122.516	367.082
122.89	364.637
123.267	368.906
123.641	367.177
124.017	366.526
124.391	371.378
124.766	373.794
125.142	376.056
125.516	368.737
125.891	369.64
126.267	370.312
126.641	371.32
127.017	368.449
127.392	369.58
127.766	373.345
128.142	366.332
128.516	364.851
128.89	370.764
129.266	367.162
129.64	372.067
130.014	369.325
130.391	371.578
130.765	373.869
131.139	373.901
131.515	370.811
131.889	365.019
132.263	368.239
132.637	372.064
133.013	368.625
133.387	368.717
133.76	371.262
134.136	371.476
134.51	368.994
134.884	369.902
135.258	370.075
135.634	366.922
136.008	372.053
136.382	373.446
136.758	370.983
137.131	370.697
137.505	370.978
137.879	372.704
138.255	368.26
138.628	370.71
139.002	366.858
139.376	369.566
139.749	370.592
140.125	370.011
140.499	371.195
140.872	374.628
141.246	371.888
141.622	378.277
141.995	386.111
142.369	393.065
142.742	392.825
143.116	401.955
143.491	405.337
143.865	397.86
144.238	393.79
144.612	371.985
144.985	369.9
145.359	372.361
145.734	372.399
146.108	372.532
146.481	369.448
146.854	371.331
147.228	372
147.601	368.576
147.977	366.442
148.35	368.14
148.723	365.358
149.097	365.945
149.47	367.288
149.843	366.742
150.216	368.023
150.59	367.395
150.965	368.361
151.338	370.104
151.711	367.688
152.084	375.397
152.458	359.67
152.831	364.92
153.204	370.825
153.577	371.134
153.95	374.512
154.325	374.03
154.698	365.079
155.071	371.763
155.444	372.614
155.817	374.851
156.19	373.792
156.563	369.741
156.936	373.029
157.309	370.642
157.682	369.307
158.055	369.516
158.428	369.563
158.801	370.669
159.174	370.547
159.547	372.667
159.92	375.268
160.292	366.609
160.665	366.5
161.038	361.808
161.411	369.252
161.784	374.184
162.156	370.169
162.529	372.708
162.902	375.723
163.275	370.584
163.647	369.316
164.02	374.172
164.393	373.481
164.765	366.929
165.138	374
165.511	366.81
165.883	371.846
166.256	367.012
166.628	373.393
167.001	369.003
167.373	367.026
167.746	370.082
168.118	369.959
168.491	373.034
168.864	373.521
169.236	370
169.608	374.768
169.981	375.52
170.353	369.473
170.726	367.288
171.096	370.416
171.468	371.864
171.841	369.522
172.213	370.872
172.586	369.926
172.958	374.935
173.33	371.144
173.702	372.373
174.075	369.331
174.447	368.731
174.817	371.089
175.189	371.332
175.562	373.64
175.934	369.948
176.306	368.174
176.678	372.692
177.05	368.056
177.42	375.355
177.793	372.404
178.165	374.233
178.537	374.966
178.909	377.017
179.281	375.234
179.651	369.306
180.023	371.002
180.395	372.03
180.767	377.028
181.139	373.844
181.511	372.653
181.881	379.101
182.253	377.12
182.625	374.831
182.997	372.407
183.369	373.265
183.738	373.122
184.11	374.615
184.482	373.399
184.854	378.467
185.224	378.784
185.596	377.703
185.967	367.25
186.339	375.348
186.711	375.096
187.081	370.403
187.452	369.827
187.824	375.004
188.196	373.232
188.565	378.648
188.937	376.762
189.309	369.7
189.678	373.162
190.05	371.785
190.422	369.765
190.793	376.787
191.163	368.689
191.534	372.883
191.906	372.602
192.275	377.946
192.647	376.366
193.018	376.35
193.39	376.847
193.759	371.273
194.131	374.768
194.502	373.028
194.872	374.352
195.243	372.02
195.614	375.824
195.984	371.2
196.355	370.949
196.726	372.59
197.096	373.406
197.467	370.069
197.838	375.232
198.208	374.586
198.579	373.788
198.948	371.727
199.319	372.989
199.691	370.841
200.06	373.357
200.431	375.413
200.802	378.964
201.171	369.819
201.542	371.178
201.912	370.889
202.283	372.91
202.654	378.128
203.023	373.733
203.394	375.339
203.763	377.048
204.134	374.615
204.503	375.684
204.874	378.423
205.245	374.41
205.614	368.736
205.985	370.464
206.354	378.144
206.725	378.909
207.094	372.833
207.465	374.888
207.836	376.189
208.204	373.486
208.575	373.078
208.944	376.14
209.315	369.125
209.684	377.379
210.055	377.288
210.423	376.487
210.794	374.346
211.163	375.328
211.534	377.067
211.902	379.881
212.273	373.713
212.642	376.134
213.012	377.733
213.381	374.222
213.752	371.557
214.12	376.467
214.491	369.59
214.86	375.728
215.23	375.521
215.599	376.205
215.967	375.348
216.338	377.574
216.706	374.16
217.077	376.128
217.445	372.222
217.816	373.26
218.184	372.344
218.555	374.546
218.923	374.507
219.292	382.252
219.662	379.945
220.03	377.974
220.401	376.868
220.769	374.126
221.14	376.478
221.508	376.674
221.876	371.537
222.246	375.671
222.615	373.376
222.985	381.719
223.353	382.454
223.721	377.472
224.092	374.823
224.46	379.391
224.828	378.084
225.198	375.841
225.566	384.02
225.934	378.124
226.305	382.363
226.673	375.186
227.043	375.965
227.411	379.412
227.779	384.996
228.149	381.887
228.517	376.147
228.885	379.791
229.255	371.57
229.623	377.554
229.991	377.599
230.359	379.038
230.729	384.737
231.097	379.249
231.465	378.497
231.835	374.567
232.203	378.085
232.571	381.817
232.941	379.614
233.308	372.114
233.676	378.279
234.044	380.561
234.414	380.041
234.782	383.866
235.149	375.452
235.517	380.183
235.887	375.721
236.255	375.867
236.622	379.932
236.99	376.616
237.36	382.438
237.727	380.578
238.095	386.489
238.463	380.391
238.832	383.393
239.2	373.914
239.567	383.538
239.935	375.15
240.303	385.125
240.672	383.213
241.04	381.48
241.407	382.543
241.775	379.233
242.142	382.322
242.512	377.6
242.879	375.501
243.247	377.609
243.614	371.743
243.981	377.436
244.351	379.891
244.718	382.964
245.086	381.383
245.453	377.197
245.82	379.218
246.187	381.055
246.555	376.764
246.924	383.95
247.291	384.391
247.659	384.663
248.026	377.805
248.393	382.434
248.76	380.788
249.128	382.853
249.495	374.166
249.864	380.872
250.231	381.357
250.598	376.952
250.965	380.152
251.332	384.542
251.7	381.094
252.067	379.37
252.434	379.676
252.801	382.236
253.168	375.766
253.535	380.169
253.904	377.611
254.271	376.383
254.638	379.251
255.005	378.194
255.372	375.845
255.739	383.424
256.106	386.946
256.472	386.29
256.839	380.853
257.206	382.929
257.573	380.81
257.94	378.339
258.307	379.371
258.674	380.661
259.04	380.846
259.407	389.348
259.774	386.505
260.141	375.759
260.507	378.196
260.874	384.609
261.241	384.211
261.608	379.783
261.974	378.878
262.341	381.961
262.708	385.176
263.074	383.149
263.441	383.083
263.807	383.379
264.174	379.439
264.541	381.016
264.907	377.022
265.274	377.193
265.64	377.895
266.007	378.313
266.373	385.516
266.738	390.282
267.104	381.358
267.471	377.786
267.837	381.993
268.204	381.657
268.57	377.153
268.936	382.729
269.303	388.094
269.669	385.788
270.035	379.29
270.402	373.777
270.768	379.465
271.132	380.395
271.499	386.345
271.865	382.63
272.231	376.284
272.598	388.555
272.964	378.184
273.33	375.741
273.696	378.622
274.06	380.054
274.427	379.883
274.793	374.844
275.159	379.912
275.525	386.977
275.891	390.075
276.255	383.002
276.621	379.107
276.987	378.823
277.353	382.932
277.719	382.127
278.086	394.042
278.449	378.288
278.815	380.846
279.181	391.035
279.547	386.053
279.913	382.703
280.277	379.266
280.643	380.415
281.009	382.564
281.375	382.635
281.739	383.443
282.105	380.25
282.471	377.214
282.837	382.406
283.202	381.838
283.566	386.413
283.932	385.368
284.298	383.484
284.664	384.499
285.027	377.682
285.393	376.283
285.759	382.198
286.124	380.486
286.488	376.362
286.854	383.326
287.219	390.311
287.583	384.055
287.949	380.303
288.314	382.862
288.68	384.482
289.043	385.189
289.409	381.744
289.775	382.441
290.138	383.816
290.504	379.021
290.869	383.822
291.233	378.473
291.598	386.423
291.964	385.19
292.327	383.787
292.693	388.716
293.058	377.841
293.421	376.731
293.787	383.374
294.152	384.931
294.515	385.258
294.881	381.212
295.246	378.27
295.609	385.94
295.975	380.575
296.338	383.815
296.703	383.625
297.069	382.189
297.432	388.063
297.797	379.481
298.16	380.562
298.525	388.39
298.596	391.23
298.964	393.305
299.331	394.003
299.696	384.152
300.064	389.085
300.431	377.748
300.796	384.602
301.163	394.948
301.53	389.792
301.895	381.688
302.263	381.949
302.63	386.203
302.997	387.536
303.362	383.416
303.729	383.348
304.096	380.98
304.461	380.256
304.828	388.499
305.195	390.942
305.56	391.667
305.927	390.651
306.292	384.592
306.659	381.105
307.026	384.225
307.391	386.01
307.758	380.559
308.125	387.382
308.49	382.957
308.857	386.996
309.222	383.937
309.588	376.532
309.955	382.555
310.32	380.941
310.687	395.801
311.054	388.622
311.418	384.652
311.785	378.875
312.15	383.638
312.517	386.661
312.881	381.91
313.248	383.442
313.615	388.368
313.98	387.288
314.346	381.964
314.711	379.656
315.077	383.209
315.442	387.957
315.809	385.795
316.173	383.62
316.54	395.225
316.906	380.148
317.271	391.888
317.637	388.308
318.002	382.397
318.368	372.719
318.733	385.376
319.099	375.872
319.464	393.128
319.83	378.392
320.195	385.952
320.561	381.865
320.926	383.533
321.292	383.785
321.656	380.093
322.023	384.718
322.387	384.628
322.753	381.413
323.118	387.355
323.484	382.113
323.848	380.444
324.214	380.543
324.579	386.158
324.943	380.059
325.309	384.965
325.673	385.293
326.04	390.273
326.404	383.497
326.77	373.559
327.134	378.581
327.5	385.186
327.864	386.716
328.228	374.582
328.594	376.236
328.958	389.641
329.325	384.73
329.689	389.715
330.053	383.555
330.419	385.432
330.783	385.805
331.149	389.08
331.513	387.292
331.876	383.337
332.242	392.42
332.606	384.893
332.972	385.255
333.336	388.846
333.7	385.021
334.066	384.836
334.43	383.667
334.794	386.803
335.159	379.4
335.523	381.859
335.887	382.316
336.253	383.425
336.617	380.909
336.98	389.595
337.346	383.337
337.71	384.467
338.073	382.297
338.439	382.866
338.803	385.524
339.166	384.63
339.532	382.607
339.896	383.697
340.259	383.963
340.623	380.461
340.988	387.45
341.352	378.429
341.716	378.594
342.081	383.036
342.445	379.939
342.808	379.711
343.172	380.491
343.537	385.175
343.901	379.565
344.264	384.704
344.627	377.579
344.993	379.756
345.356	379.559
345.72	382.046
346.083	386.694
346.449	384.33
346.812	387.565
347.175	383.066
347.538	384.722
347.904	385.706
348.267	387.024
348.63	384.769
348.994	382.68
349.357	387.325
349.722	384.075
350.085	387.293
350.449	384.898
350.812	385.362
351.175	381.092
351.54	378.433
351.903	384.694
352.266	387.312
352.629	382.634
352.993	377.658
353.356	384.022
353.721	382.98
354.084	381.985
354.447	379.457
354.81	381.92
355.173	384.81
355.536	385.997
355.899	388.233
356.264	376.477
356.627	381.956
356.99	379.981
357.353	383.211
357.716	382.403
358.078	379.985
358.441	388.9
358.804	385.667
359.169	387.455
359.532	387.387
359.895	385.88
360.258	382.017
360.62	388.414
360.983	388.543
361.346	384.937
361.709	392.749
362.071	391.693
362.434	385.324
362.797	382.27
363.159	386.4
363.522	382.35
363.885	387.271
364.249	384.661
364.612	383.728
364.975	382.56
365.337	383.148
365.7	393.658
366.062	389.981
366.425	385.261
366.788	386.337
367.15	386.696
367.513	385.744
367.875	386.722
368.238	379.794
368.6	385.261
368.963	387.142
369.325	382.547
369.687	387.306
370.05	392.033
370.412	385.398
370.775	388.436
371.137	384.999
371.499	387.059
371.862	384.952
372.224	390.72
372.586	395.007
372.949	386.92
373.311	388.544
373.673	383.69
374.033	395.952
374.396	390.384
374.758	388.858
375.12	381.134
375.482	383.839
375.845	397.526
376.207	389.194
376.569	388.292
376.931	379.9
377.293	386.569
377.655	388.293
378.017	388.486
378.379	384.223
378.739	382.941
379.102	388.252
379.464	380.481
379.826	386.504
380.188	390.215
380.55	388.04
380.912	387.022
381.274	386.618
381.633	385.516
381.995	382.872
382.357	391.974
382.719	385.667
383.081	386.55
383.443	384.516
383.805	389.603
384.165	389.121
384.527	389.992
384.888	382.244
385.25	384.47
385.612	386.779
385.974	383.501
386.334	379.322
386.695	391.755
387.057	380.474
387.419	387.639
387.78	383.044
388.14	384.239
388.502	383.322
388.863	391.899
389.225	388.692
389.587	381.696
389.946	382.406
390.308	388.835
390.67	384.924
391.031	379.297
391.391	385.145
391.752	385.605
392.114	387.634
392.475	387.065
392.837	379.22
393.196	385.464
393.558	391.376
393.919	384.299
394.279	390.425
394.64	391.18
395.002	387.228
395.363	386.308
395.722	381.311
396.084	381.451
396.445	383.259
396.806	385.146
397.166	378.652
397.527	384.868
397.888	386.113
398.248	387.306
398.609	387.604
398.97	388.178
399.329	384.912
399.691	382.967
400.052	385.301
400.411	388.02
400.772	386.367
401.133	390.769
401.493	387.483
401.854	386.405
402.215	383.498
402.574	381.264
402.935	386.446
403.296	381.587
403.655	382.557
404.016	388.61
404.377	387.4
404.736	382.136
405.097	388.194
405.456	385.903
405.817	382.598
406.178	386.496
406.537	384.923
406.898	384.357
407.257	383.903
407.618	384.64
407.979	385.308
408.338	376.301
408.699	387.095
409.058	381.936
409.418	385.698
409.777	389.88
410.138	387.334
410.499	381.693
410.858	385.899
411.219	378.711
411.577	385.43
411.938	385.978
412.297	382.804
412.657	384.014
413.016	389.234
413.377	386.949
413.738	383.706
414.096	384.415
414.457	392.58
414.815	388.197
415.176	389.784
415.535	395.087
415.895	396.568
416.254	394.534
416.614	388.85
416.973	395.23
417.333	393.458
417.692	399.337
418.052	401.081
418.411	397.744
418.771	398.609
419.13	396.877
419.488	387.471
419.849	391.067
420.207	386.083
420.568	388.354
420.926	390.061
421.286	384.986
421.645	386.794
422.005	391.391
422.363	385.156
422.724	389.008
423.082	387.19
423.44	386.496
423.8	386.201
424.159	385.684
424.519	388.168
424.877	382.811
425.235	379.365
425.596	385.652
425.954	386.976
426.314	392.627
426.672	386.341
427.03	385.033
427.39	391.866
427.749	393.123
428.109	389.126
428.467	388.576
428.825	387.607
429.185	389.855
429.543	392.77
429.901	386.553
430.261	389.147
430.619	395.481
430.977	393.568
431.337	391.387
431.695	396.286
432.053	391.44
432.413	391.326
432.771	398.285
433.128	392.056
433.488	391.798
433.846	387.001
434.204	384.985
434.564	386.721
434.922	390.004
435.28	387.127
435.639	386.404
435.997	392.23
436.355	382.858
436.713	391.08
437.073	388.146
437.43	382.971
437.788	386.732
438.148	385.311
438.505	386.303
438.863	390.206
439.221	385.67
439.58	387.846
439.938	389.815
440.296	386.497
440.653	390.397
441.013	386.066
441.37	388.545
441.728	381.736
442.085	386.093
442.443	383.384
442.802	380.162
443.16	383.488
443.517	380.504
443.875	386.086
444.234	389.482
444.592	392.138
444.949	389.118
445.307	380.725
445.664	387.564
446.021	392.981
446.381	385.461
446.738	383.856
447.096	392.426
447.453	391.139
447.81	385.676
448.17	394.073
448.527	389.713
448.884	385.755
449.241	385.463
449.599	397.689
449.956	392.297
450.313	386.912
450.672	389.458
451.029	385.16
451.387	385.864
451.744	391.686
452.101	386.333
452.458	389.044
452.815	391.797
453.172	392.24
453.529	389.222
453.888	392.022
454.246	387.137
454.603	386.005
454.96	384.997
455.317	390.477
455.674	386.388
456.031	385.418
456.388	379.646
456.745	383.13
457.102	388.812
457.458	387.787
457.815	387.548
458.172	383.164
458.531	384.85
458.888	384.702
459.245	377.957
459.602	389.63
459.959	390.782
460.315	383.951
460.672	387.118
461.029	387.171
461.386	386.889
461.743	387.099
462.099	387.61
462.456	383.413
462.813	383.54
463.17	382.668
463.526	388.344
463.883	385.125
464.24	380.039
464.596	378.12
464.953	381.188
465.31	390.704
465.666	386.592
466.023	387.077
466.379	387.193
466.736	388.29
467.092	385.107
467.447	385.961
467.803	385.231
468.16	385.612
468.517	380.233
468.873	386.364
469.229	385.072
469.586	384.339
469.942	387.654
470.299	390.064
470.655	383.7
471.012	379.403
471.368	384.644
471.724	384.87
472.081	384.67
472.435	381.825
472.791	385.139
473.148	387.488
473.504	385.158
473.86	382.125
474.217	381.52
474.573	381.659
474.929	378.817
475.283	377.626
475.64	379.599
475.996	388.314
476.352	388.009
476.708	388.949
477.064	388.363
477.421	380.761
477.775	384.803
478.131	382.888
478.487	381.938
478.843	388.943
479.199	387.13
479.555	386.339
479.909	389.964
480.265	387.252
480.621	386.071
480.977	387.766
481.333	385.895
481.687	388.25
482.043	389.178
482.399	387.517
482.755	390.363
483.111	389.75
483.465	383.031
483.821	382.499
484.177	382.428
484.533	384.944
484.886	391.819
485.242	384.072
485.598	387.329
485.954	381.872
486.308	380.352
486.663	382.272
487.019	386.415
487.375	389.442
487.729	380.168
488.084	380.473
488.397	383.348
488.755	388.74
489.113	380.081
489.471	382.033
489.826	386.971
490.184	384.07
490.542	386.016
490.899	380.038
491.257	388.627
491.615	384.206
491.972	383.475
492.33	383.98
492.685	390.001
493.043	384.844
493.401	381.539
493.758	389.167
494.116	383.71
494.473	383.579
494.829	386.796
495.186	391.251
495.544	387.631
495.901	387.691
496.259	382.233
496.614	394.886
496.971	386.796
497.329	387.821
497.686	390.573
498.044	382.192
498.399	390.438
498.756	387.165
499.114	392.447
499.471	389.997
499.828	386.317
499.88	387.72
499.906	390
600.144	380.429
600.495	388.273
600.849	391.364
601.2	381.356
601.551	391.492
601.905	390.881
602.256	386.27
602.607	388.542
602.961	379.76
603.312	389.254
603.663	388.479
604.017	387.079
604.368	388.307
604.719	389.195
605.072	384.843
605.423	387.433
605.775	392.605
606.128	384.403
606.479	381.882
606.83	383.669
607.181	392.178
607.534	388.578
607.885	389.361
608.237	382.965
608.588	382.783
608.941	387.607
609.292	388.83
609.643	385.45
609.996	395.657
610.347	384.754
610.698	382.536
611.049	391.395
611.402	384.891
611.753	388.472
612.104	377.884
612.455	386.963
612.805	388.826
613.158	393.453
613.509	389.489
613.86	387.093
614.211	382.365
614.564	376.438
614.915	387.256
615.266	382.056
615.616	384.851
615.967	379.596
616.32	386.23
616.671	387.427
617.021	391.11
617.372	382.749
617.723	379.579
618.074	382.08
618.426	382.743
618.777	386.713
619.128	390.212
619.478	394.942
619.829	390.817
620.18	389.467
620.53	385.761
620.883	386.344
621.233	386.752
621.584	395.233
621.934	389.794
622.285	384.767
622.635	389.605
622.986	388.681
623.337	393.21
623.689	389.628
624.04	385.309
624.39	389.942
624.74	390.316
625.091	393.519
625.441	390.88
625.792	389.557
626.142	387.602
626.492	386.774
626.843	382.133
627.193	381.375
627.546	386.043
627.896	385.546
628.246	381.522
628.596	381.11
628.947	384.914
629.297	389.564
629.647	386.216
629.998	389.229
630.348	388.415
630.698	382.994
631.048	386.686
631.398	387.232
631.749	381.75
632.099	388.601
632.449	385.983
632.799	387.22
633.149	387.739
633.499	382.931
633.849	381.572
634.199	386.494
634.55	387.81
634.9	390.666
635.25	389.108
635.6	391.437
635.95	385.233
636.3	384.095
636.65	392.012
637	391.034
637.35	379.79
637.7	389.773
638.05	390.17
638.399	382.542
638.749	383.235
639.099	392.729
639.449	389.553
639.799	383.079
640.147	384.635
640.497	384.456
640.847	383.532
641.196	386.956
641.546	385.751
641.896	387.632
642.246	389.396
642.595	382.876
642.945	381.185
643.295	390.621
643.645	385.604
643.992	383.185
644.342	391.557
644.692	389.805
645.041	386.059
645.391	383.379
645.741	379.779
646.09	380.557
646.44	378.67
646.788	381.501
647.137	390.872
647.487	391.146
647.836	390.342
648.186	392.386
648.535	383.539
648.885	385.237
649.232	383.363
649.582	383.627
649.931	386.227
650.281	392.987
650.63	384.99
650.978	382.737
651.327	385.274
651.677	392.181
652.026	388.509
652.375	384.387
652.723	384.446
653.072	378.222
653.421	386.023
653.771	384.586
654.12	391.605
654.467	388.413
654.817	385.261
655.166	390.742
655.515	381.728
655.862	381.687
656.212	382.041
656.561	379.188
656.91	381.668
657.257	376.637
657.606	383.448
657.956	388.094
658.305	385.6
658.652	385.306
659.001	385.728
659.35	385.617
659.699	376.425
660.046	385.016
660.395	378.833
660.744	387.556
661.091	385.989
661.44	388.404
661.79	384.804
662.137	381.438
662.486	389.262
662.835	387.834
663.183	384.448
663.53	391.195
663.879	382.087
664.228	391.379
664.575	383.294
664.924	384.137
665.273	389.341
665.62	375.182
665.969	386.16
666.316	380.838
666.664	382.568
667.013	390.214
667.36	382.273
667.709	386.617
668.058	379.689
668.404	387.827
668.753	385.261
669.102	391.168
669.449	387.483
669.797	387.837
670.144	391.613
670.493	388.497
670.841	384.164
671.188	382.758
671.537	384.707
671.883	383.408
672.232	375.324
672.578	383.075
672.927	386.49
673.276	379.543
673.622	381.207
673.971	382.514
674.317	387.649
674.666	381.31
675.012	387.112
675.361	378.903
675.709	391.231
676.056	385.127
676.404	379.707
676.751	382.175
677.099	384.046
677.446	389.434
677.794	393.674
678.14	384.725
678.489	388.811
678.835	386.632
679.183	385.155
679.53	383.872
679.878	391.264
680.224	394.94
680.573	393.766
680.919	386.906
681.267	385.099
681.614	388.667
681.962	383.542
682.308	388.618
682.656	387.744
683.002	387.886
683.349	391.546
683.697	397.243
684.043	395.223
684.391	389.468
684.737	383.419
685.085	385.334
685.432	388.619
685.78	389.383
686.126	389.188
686.472	388.653
686.82	384.332
687.166	387.611
687.514	380.15
687.86	388.379
688.208	394.736
688.554	386.203
688.9	394.877
689.248	386.626
689.594	385.657
689.94	388.54
690.288	388.493
690.634	387.488
690.982	387.397
691.327	383.238
691.673	390.621
692.021	383.15
692.367	392.942
692.713	394.386
693.061	383.563
693.406	391.977
693.752	384.646
694.1	384.69
694.446	390.371
694.792	386.038
695.139	384.658
695.485	391.683
695.831	389.57
696.178	389.421
696.524	391.753
696.87	397.371
697.217	387.39
697.563	389.876
697.909	387.545
698.256	387.079
698.602	386.295
698.948	392.522
699.293	388.132
699.641	387.494
699.986	382.177
700.332	384.112
700.679	394.214
701.025	385.208
701.37	384.889
701.716	394.414
702.063	389.604
702.409	385.907
702.754	387.988
703.1	391.781
703.447	384.049
703.792	384.01
704.138	382.098
704.483	391.065
704.829	385.502
705.176	388.757
705.521	387.006
705.867	390.385
706.212	391.989
706.557	390.655
706.905	386.741
707.25	380.99
707.595	393.017
707.94	391.065
708.286	388.338
708.633	387.301
708.978	391.814
709.323	398.628
709.668	391.079
710.014	393.046
710.359	387.925
710.706	395.089
711.051	393.595
711.396	392.14
711.741	387.081
712.086	390.629
712.431	389.024
712.776	386.518
713.123	386.801
713.469	388.609
713.814	382.025
714.159	388.08
714.504	388.98
714.849	388.632
715.194	382.866
715.539	387.715
715.883	378.325
716.23	390.167
716.575	388.382
716.92	393.336
717.265	386.919
717.61	398.899
717.955	385.296
718.3	390.637
718.645	387.675
718.989	383.767
719.334	393.78
719.679	382.221
720.024	394.676
720.369	390.188
720.713	388.682
721.058	383.205
721.405	385.454
721.75	392.236
722.094	385.148
722.439	396.485
722.784	395.706
723.128	388.272
723.473	390.05
723.818	388.434
724.162	390.8
724.507	385.164
724.851	386.393
725.196	385.256
725.541	393.364
725.885	387.769
726.23	392.995
726.574	389.351
726.919	385.981
727.263	383.074
727.606	395.605
727.95	395.625
728.295	390.318
728.639	397.504
728.984	395.683
729.328	393.59
729.673	396.607
730.017	399.412
730.361	398.009
730.706	398.544
731.05	400.362
731.394	398.508
731.739	397.14
732.083	403.583
732.427	397.862
732.772	401.455
733.114	399.144
733.458	405.733
733.803	414.087
734.147	413.033
734.491	409.378
734.835	417.503
735.18	421.81
735.524	419.77
735.868	420.077
736.21	418.069
736.554	416.768
736.898	412.035
737.243	408.47
737.587	407.23
737.931	406.176
738.275	398.304
738.617	396.999
738.961	399.41
739.305	397.493
739.649	398.99
739.993	397.158
740.335	400.816
740.679	400.064
741.023	399.533
741.367	395.181
741.711	397.819
742.055	396.087
742.397	393.58
742.741	392.034
743.085	393.78
743.429	393.047
743.773	389.65
744.115	390.442
744.458	391.224
744.802	391.799
745.146	393.674
745.488	394.679
745.832	400.609
746.175	397.687
746.519	400.279
746.861	400.932
747.205	398.215
747.549	398.088
747.892	397.122
748.234	399.875
748.578	398.195
748.921	400.726
749.265	396.631
749.607	406.098
749.95	398.523
750.294	407.618
750.636	404.695
750.979	401.237
751.323	405.734
751.664	410.581
752.008	402.436
752.352	399.985
752.695	400.49
753.037	396.816
753.38	396.282
753.724	401.277
754.065	401.86
754.409	395.005
754.752	400.678
755.094	402.549
755.437	405.699
755.779	397.536
756.122	392.221
756.465	388.653
756.807	397.052
757.15	390.818
757.493	393.647
757.835	396.357
758.178	392.785
758.521	391.163
758.863	397.895
759.206	392.187
759.547	385.524
759.891	382.749
760.234	387.304
760.575	395.793
760.918	394.746
761.26	388.607
761.603	394.937
761.944	396.228
762.287	388.468
762.63	390.777
762.972	392.602
763.315	392.928
763.656	388.864
763.999	393.425
764.34	390.689
764.683	385.398
765.024	391.99
765.367	394.563
765.71	394.53
766.051	388.824
766.394	392.951
766.735	389.598
767.078	389.787
767.419	392.104
767.762	391.193
768.103	393.64
768.446	391.105
768.787	388.453
769.13	394.211
769.471	391.763
769.814	389.855
770.155	387.985
770.498	391.588
770.839	394.206
771.182	389.243
771.522	390.032
771.865	386.443
772.206	382.17
772.547	385.488
772.89	382.669
773.23	395.183
773.573	396.472
773.914	393.013
774.257	392.787
774.597	390.45
774.94	395.941
775.281	390.649
775.621	395.681
775.964	391.983
776.305	405.66
776.647	392.18
776.988	391.777
777.329	389.769
777.671	393.051
778.012	384.632
778.354	398.292
778.695	395.255
779.036	401.028
779.378	392.977
779.719	390.389
780.059	389.832
780.402	389.15
780.742	391.875
781.085	396.472
781.425	398.472
781.766	396.68
782.108	394.314
782.448	393.224
782.789	391.172
783.131	396.855
783.472	395.817
783.812	392.223
784.154	396.748
784.495	398.525
784.835	394.788
785.177	390.702
785.518	386.83
785.858	393.415
785.975	397.009
786.317	393.19
786.661	392.823
787.003	393.998
787.348	391.104
787.69	398.958
788.034	385.098
788.376	389.016
788.72	395.148
789.062	401.021
789.407	394.98
789.749	391.847
790.091	397.964
790.435	397.866
790.777	383.98
791.121	407.604
791.463	391.199
791.807	384.112
792.149	398.415
792.491	392.487
792.835	395.046
793.177	387.72
793.521	392.798
793.863	387.995
794.205	388.288
794.549	387.87
794.891	397.718
795.233	393.429
795.577	395.998
795.919	399.301
796.263	402.076
796.604	384.658
796.946	394.649
797.29	396.682
797.632	393.72
797.974	399.177
798.318	395.834
798.659	388.297
799.001	401.008
799.345	398.684
799.687	392.99
800.028	389.288
800.372	398.581
800.714	401.362
801.056	391.741
801.399	393.515
801.741	391.423
802.083	394.287
802.426	395.687
802.768	398.587
803.109	392.364
803.451	394.66
803.795	390.258
804.136	392.679
804.478	397.053
804.821	389.044
805.163	398.927
805.504	391.959
805.846	397.333
806.189	390.314
806.531	393.31
806.872	397.703
807.214	395.931
807.557	394.535
807.899	391.071
808.24	389.14
808.582	396.562
808.925	398.627
809.266	399.713
809.608	397.012
809.949	395.757
810.291	389.192
810.634	395.505
810.975	392.569
811.316	399.301
811.658	395.601
811.999	396.827
812.342	393.332
812.684	394.872
813.025	400.137
813.366	398.356
813.707	388.736
814.048	389.483
814.392	399.694
814.733	402.8
815.074	392.478
815.415	397.134
815.756	396.16
816.097	397.717
816.441	393.776
816.782	389.982
817.123	393.933
817.464	398.076
817.805	393.895
818.146	394.68
818.487	390.957
818.828	394.223
819.171	394.873
819.512	396.015
819.853	397.456
820.194	393.687
820.535	386.172
820.876	387.496
821.217	392.361
821.558	397.447
821.899	387.955
822.24	393.987
822.58	391.764
822.923	392.052
823.264	391.204
823.605	392.859
823.946	401.821
824.287	400.691
824.628	392.781
824.968	392.64
825.309	388.184
825.65	396.795
825.991	392.726
826.331	394.371
826.672	394.467
827.013	390.701
827.354	397.409
827.694	393.237
828.035	399.493
828.376	395.871
828.716	399.776
829.057	387.733
829.397	390.732
829.738	393.247
830.079	391.945
830.419	394.616
830.76	390.517
831.1	399.413
831.441	393.795
831.781	396.833
832.122	395.421
832.463	396.152
832.803	394.721
833.144	401.668
833.484	391.739
833.824	393.371
834.165	396.16
834.505	399.114
834.846	390.782
835.186	397.273
835.527	394.117
835.865	392.124
836.205	392.732
836.546	393.617
836.886	402.73
837.226	393.244
837.567	392.913
837.907	385.101
838.247	383.116
838.588	390.403
838.928	384.37
839.268	393.864
839.606	394.473
839.947	392.973
840.287	399.098
840.627	397.633
840.967	402.361
841.307	386.425
841.648	396.32
841.986	384.812
842.326	391.998
842.666	382.325
843.006	396.67
843.346	398.358
843.686	395.703
844.026	389.898
844.365	396.893
844.705	405.265
845.045	394.766
845.385	389.782
845.725	389.568
846.063	400.138
846.403	389.106
846.743	397.137
847.083	403.211
847.422	389.548
847.76	391.837
848.1	399.057
848.44	391.754
848.78	398.964
849.12	398.148
849.458	393.901
849.798	400.789
850.138	394.486
850.477	385.874
850.815	406.288
851.155	395.467
851.495	392.552
851.835	395.611
852.173	396.711
852.512	394.503
852.852	389.416
853.192	392.946
853.529	395.547
853.869	395.151
854.209	391.267
854.547	394.382
854.886	388.872
855.226	396.586
855.566	403.111
855.903	397.009
856.243	395.054
856.582	398.882
856.92	396.848
857.26	401.642
857.599	411.806
857.937	402.463
858.276	394.903
858.616	394.9
858.953	395.871
859.293	394.944
859.632	395.292
859.97	390.93
860.309	391.745
860.649	395.537
860.986	397.679
861.326	393.581
861.665	393.175
862.002	390.194
862.342	397.025
862.681	397.271
863.019	397.738
863.358	400.712
863.695	400.528
864.035	393.269
864.374	400.244
864.711	393.507
865.051	394.82
865.388	396.617
865.727	393.394
866.066	399.081
866.404	398.469
866.743	398.685
867.08	397.948
867.419	396.283
867.756	399.246
868.096	389.749
868.435	395.171
868.772	397.005
869.111	398.878
869.448	398.967
869.787	402.454
870.124	396.262
870.464	395.604
870.801	395.867
871.14	393.791
871.477	394.275
871.816	399.704
872.153	405.291
872.492	390.283
872.829	395.774
873.168	394.503
873.505	388.733
873.844	395.865
874.181	402.349
874.52	402.41
874.857	403.815
875.195	399.925
875.532	394.451
875.871	392.56
876.208	400.32
876.547	401.296
876.884	406.785
877.223	407.695
877.56	398.705
877.898	395.196
878.235	390.669
878.572	391.214
878.911	402.771
879.247	408.936
879.586	395.781
879.923	400.471
880.262	400.016
880.598	396.487
880.935	403.564
881.274	396.166
881.61	401.147
881.949	400.783
882.286	399.606
882.622	402.351
882.961	404.088
883.298	401.23
883.636	402.608
883.973	399.571
884.309	403.546
884.648	393.301
884.985	402.516
885.321	398.046
885.66	395.943
885.996	396.895
886.335	397.485
886.671	402.93
887.008	398.924
887.346	398.944
887.682	405.087
888.019	395.56
888.357	396.014
888.694	405.722
889.03	406.728
889.369	404.849
889.705	400.554
890.041	395.303
890.378	403.545
890.716	401.914
891.052	404.746
891.389	407.002
891.727	400.351
892.063	401.917
892.4	405.784
892.736	399.405
893.074	407.245
893.41	401.623
893.747	395.557
894.085	405.767
894.421	403.45
894.757	404.205
895.093	406.084
895.431	397.963
895.768	404.505
896.104	406.323
896.44	402.343
896.778	403.647
897.114	402.005
897.45	401.076
897.786	402.721
898.122	402.707
898.46	407.506
898.796	401.638
899.132	396.986
899.468	400.791
899.804	398.273
900.142	403.183
900.478	403.854
900.814	413.767
901.15	398.195
901.486	397.566
901.824	403.131
902.16	398.424
902.496	394.622
902.832	402.911
903.168	399.293
903.504	395.211
903.841	400.68
904.177	396.87
904.513	402.763
904.849	405.055
905.185	398.663
905.521	401.479
905.856	403.741
906.192	401.64
906.53	411.41
906.866	401.676
907.201	398.846
907.537	401.69
907.873	402.05
908.208	404.814
908.544	398.755
908.88	392.37
909.215	399.546
909.551	403.294
909.889	400.241
910.224	399.111
910.56	401.526
910.895	399.029
911.231	404.055
911.567	399.272
911.902	400.15
912.238	404.152
912.573	402.572
912.909	403.362
913.244	408.745
913.58	406.103
913.915	398.035
914.251	404.432
914.586	404.709
914.922	407.036
915.257	401.097
915.592	398.494
915.928	396.043
916.263	396.693
916.599	400.405
916.934	397.174
917.269	393.306
917.605	395.444
917.94	402.78
918.275	397.117
918.611	400.701
918.946	401.458
919.281	405.465
919.616	404.584
919.952	398.833
920.287	398.273
920.622	398.407
920.957	398.687
921.293	402.181
921.628	401.048
921.963	398.673
922.298	398.588
922.633	393.33
922.968	399.564
923.304	400.101
923.637	403.196
923.972	402.202
924.307	396.425
924.642	391.866
924.977	398.576
925.312	402.995
925.647	399.288
925.982	399.119
926.317	398.892
926.652	394.123
926.985	391.664
927.32	396.244
927.655	393.878
927.99	397.364
928.325	402.501
928.66	401.802
928.995	399.572
929.33	401.78
929.663	401.771
929.998	401.922
930.332	395.45
930.667	393.038
931.002	398.386
931.337	396.34
931.67	399.675
932.005	400.542
932.339	399.291
932.674	391.275
933.009	389.356
933.342	395.118
933.677	403.434
934.011	405.299
934.346	400.483
934.681	401.356
935.013	403.308
935.348	392.81
935.683	395.039
936.017	396.311
936.352	398.48
936.685	401.142
937.019	395.958
937.354	397.418
937.689	404.661
938.021	397.27
938.356	399.525
938.69	397.583
939.025	400.702
939.357	398.284
939.692	390.841
940.026	393.379
940.361	395.886
940.693	394.318
941.028	396.194
941.362	405.048
941.695	402.309
942.029	392.849
942.364	389.74
942.698	394.109
943.031	394.986
943.365	400.322
943.699	394.981
944.032	394.549
944.366	397.772
944.7	401.739
945.033	404.968
945.367	403.334
945.701	398.411
946.034	403.006
946.368	401.381
946.702	396.878
947.034	398.973
947.369	403.911
947.701	401.582
948.035	402.567
948.369	399.76
948.702	394.278
949.036	396.613
949.37	393.685
949.702	401.829
950.036	394.74
950.368	391.773
950.702	396.06
951.036	398.919
951.369	396.241
951.703	394.514
952.035	389.667
952.369	403.416
952.703	404
953.035	403.274
953.369	398.798
953.701	393.936
954.035	393.579
954.367	396.817
954.701	401.102
955.035	397.419
955.367	395.069
955.701	391.373
956.033	392.067
956.367	403.609
956.699	404.267
957.032	396.609
957.364	401.82
957.698	397.939
958.03	395.753
958.364	400.061
958.696	400.003
959.03	399.087
959.361	399.194
959.695	395.705
960.027	390.917
960.361	401.571
960.693	398.968
961.026	388.604
961.358	393.335
961.692	399.933
962.023	393.417
962.357	395.687
962.689	394.981
963.022	392.824
963.354	391.049
963.688	394.188
964.019	392.344
964.351	396.306
964.685	398.264
965.016	391.617
965.35	395.577
965.681	400.62
966.015	405.428
966.346	401.197
966.678	398.352
967.012	394.085
967.343	393.452
967.677	397.881
968.008	398.263
968.34	400.244
968.489	402.927
968.824	405.028
969.158	396.996
969.493	388.208
969.828	401.691
970.162	399.999
970.497	395.156
970.83	398.819
971.166	391.383
971.499	391.14
971.834	398.628
972.167	382.445
972.503	399.393
972.836	395.709
973.171	389.956
973.504	400.941
973.839	405.694
974.173	396.006
974.508	400.229
974.841	389.586
975.176	406.805
975.509	405.753
975.844	401.839
976.178	402.515
976.513	412.202
976.846	393.096
977.181	401.104
977.514	399.143
977.849	399.833
978.182	401.336
978.517	402.669
978.85	400.388
979.183	401.821
979.518	402.005
979.851	395.588
980.186	400.301
980.519	399.878
980.854	405.168
981.187	404.316
981.522	399.602
981.855	396.26
982.188	404.519
982.522	395.992
982.855	396.858
983.19	397.174
983.523	399.747
983.856	403.562
984.191	402.532
984.523	400.281
984.856	390.284
985.191	399.889
985.524	399.673
985.859	395.711
986.191	396.419
986.524	397.503
986.859	406.504
987.192	397.609
987.524	393.153
987.859	402.217
988.192	393.076
988.524	396.431
988.859	393.597
989.192	398.236
989.524	399.683
989.859	399.581
990.191	385.212
990.524	395.177
990.859	400.138
991.191	400.213
991.524	399.527
991.858	398.825
992.191	403.96
992.523	400.691
992.856	400.11
993.19	394.312
993.523	400.969
993.855	396.492
994.19	394.68
994.522	393.782
994.855	397.905
995.187	404.366
995.521	398.473
995.854	397.878
996.186	394.832
996.519	397.275
996.853	393.746
997.185	399.333
997.518	396.295
997.85	403.547
998.184	391.536
998.516	392.757
998.849	398.154
999.181	391.663
999.513	399.24
999.848	395.653
1000.18	400.718
1000.51	397.647
1000.84	394.971
1001.18	397.554
1001.51	399.567
1001.84	398.184
1002.17	402.514
1002.51	398.466
1002.84	392.248
1003.17	399.221
1003.51	405.635
1003.84	400.914
1004.17	405.317
1004.5	398.141
1004.83	398.922
1005.17	392.88
1005.5	400.047
1005.83	402.103
1006.16	401.238
1006.5	399.994
1006.83	398.787
1007.16	402.2
1007.49	394.469
1007.83	390.577
1008.16	397.501
1008.49	397.77
1008.82	399.211
1009.15	396.472
1009.49	410.784
1009.82	397.221
1010.15	397.489
1010.48	402.792
1010.81	394.345
1011.15	398.337
1011.48	403.775
1011.81	400.625
1012.14	393.247
1012.47	398.65
1012.81	401.996
1013.14	403.93
1013.47	388.549
1013.8	395.329
1014.13	401.405
1014.46	399.677
1014.8	396.765
1015.13	406.134
1015.46	404.718
1015.79	401.116
1016.12	391.829
1016.45	392.663
1016.79	396.514
1017.12	408.314
1017.45	407.504
1017.78	396.998
1018.11	390.805
1018.44	399.555
1018.78	402.103
1019.11	394.932
1019.44	393.852
1019.77	397.54
1020.1	390.802
1020.43	388.083
1020.76	400.751
1021.1	392.197
1021.43	396.558
1021.76	404.784
1022.09	400.529
1022.42	393.622
1022.75	396.02
1023.08	395.896
1023.42	383.622
1023.75	392.39
1024.08	393.966
1024.41	394.772
1024.74	390.333
1025.07	397.539
1025.4	390.352
1025.73	389.196
1026.06	397.488
1026.4	403.497
1026.73	401.893
1027.06	396.682
1027.39	393.437
1027.72	400.128
1028.05	387.672
1028.38	388.094
1028.71	400.112
1029.04	393.19
1029.38	399.824
1029.71	399.573
1030.04	389.555
1030.37	398.581
1030.7	391.252
1031.03	398.869
1031.36	391.513
1031.69	383.837
1032.02	389.244
1032.35	391.835
1032.68	397.552
1033.01	393.668
1033.34	395.922
1033.68	393.66
1034.01	393.655
1034.34	392.587
1034.67	395.014
1035	392.342
1035.33	393.07
1035.66	388.507
1035.99	394.638
1036.32	392.854
1036.65	390.287
1036.98	393.579
1037.31	400.091
1037.64	390.765
1037.97	393.795
1038.3	392.211
1038.63	398.366
1038.96	392.173
1039.29	395.128
1039.62	396.045
1039.95	392.548
1040.28	393.841
1040.61	396.917
1040.94	396.319
1041.27	395.84
1041.6	388.642
1041.93	392.753
1042.27	391.312
1042.59	390.762
1042.92	386.665
1043.26	387.115
1043.58	389.714
1043.91	397.954
1044.25	399.03
1044.58	397.823
1044.9	400.616
1045.24	394.597
1045.57	388.371
1045.89	392.162
1046.22	392.872
1046.56	388.063
1046.88	384.93
1047.21	392.107
1047.54	396.506
1047.87	399.523
1048.2	397.321
1048.53	398.327
1048.86	390.628
1049.19	390.994
1049.52	391.569
1049.85	393.557
1050.18	392.608
1050.51	397.205
1050.84	391.6
1051.17	390.636
1051.5	393.589
1051.83	388.849
1052.16	389.201
1052.49	394.244
1052.82	387.655
1053.15	393.84
1053.48	386.92
1053.81	389.198
1054.14	388.121
1054.46	390.416
1054.8	391.415
1055.13	393.208
1055.45	391.216
1055.78	391.574
1056.11	391.159
1056.44	392.136
1056.77	396.089
1057.1	392.801
1057.43	394.314
1057.76	386.88
1058.09	389.364
1058.42	388.444
1058.75	382.62
1059.08	384.763
1059.4	390.616
1059.73	391.757
1060.06	386.71
1060.39	384.602
1060.72	392.424
1061.05	393.705
1061.38	390.577
1061.71	390.32
1062.04	395.725
1062.37	390.931
1062.69	391.251
1063.02	396.45
1063.35	386.719
1063.68	387.864
1064.01	386.038
1064.34	393.873
1064.67	390.227
1065	398.744
1065.32	394.449
1065.65	396.802
1065.98	388.446
1066.31	400.516
1066.64	400.444
1066.97	388.635
1067.3	392.067
1067.63	390.352
1067.95	393.28
1068.28	395.285
1068.61	390.899
1068.94	391.56
1069.27	394.225
1069.6	389.108
1069.93	387.793
1070.25	385.451
1070.58	390.064
1070.91	394.569
1071.24	383.694
1071.57	383.071
1071.9	384.694
1072.22	397.966
1072.55	394.994
1072.88	387.311
1073.21	389.919
1073.54	389.645
1073.87	385.586
1074.19	389.097
1074.52	392.492
1074.85	399.48
1075.18	389.643
1075.51	381.211
1075.83	398.473
1076.16	393.043
1076.49	396.768
1076.82	392.242
1077.15	388.547
1077.48	390.543
1077.8	394.037
1078.13	399.549
1078.46	394.757
1078.79	395.134
1079.11	394.408
1079.44	392.016
1079.77	383.596
1080.1	392.244
1080.43	395.208
1080.75	388.39
1081.08	392.291
1081.41	395.453
1081.74	390.811
1082.06	391.552
1082.39	392.967
1082.72	395.498
1083.05	393.521
1083.38	387.677
1083.7	392.543
1084.03	393.333
1084.36	391.248
1084.69	389.458
1085.02	389.737
1085.34	390.999
1085.67	386.95
1086	389.28
1086.32	394.044
1086.65	391.81
1086.98	392.8
1087.31	392.403
1087.63	396.117
1087.96	395.744
1088.29	394
1088.62	395.688
1088.94	396.316
1089.27	396.11
1089.6	391.32
1089.93	388.709
1090.25	394.166
1090.58	393.92
1090.91	392.654
1091.23	392.688
1091.56	390.596
1091.89	393.947
1092.22	392.288
1092.54	389.439
1092.87	395.956
1093.2	395.858
1093.53	391.225
1093.85	389.812
1094.18	390.917
1094.51	388.579
1094.83	395.652
1095.16	391.264
1095.49	396.292
1095.81	392.002
1096.14	397.933
1096.47	395.289
1096.79	392.719
1097.12	400.129
1097.45	395.172
1097.78	393.154
1098.1	382.006
1098.43	393.47
1098.76	395.926
1099.08	397.944
1099.41	391.682
1099.73	391.952
1100.06	388.72
1100.39	389.26
1100.71	392.722
1101.04	393.467
1101.37	388.223
1101.69	394.275
1102.02	390.894
1102.35	396.489
1102.67	397.873
1103	392.203
1103.33	393.001
1103.65	390.96
1103.98	393.015
1104.31	402.206
1104.63	393.941
1104.96	394.4
1105.29	389.733
1105.61	390.643
1105.94	397.92
1106.27	398.75
1106.59	394.68
1106.92	391.983
1107.24	394.65
1107.57	395.139
1107.89	397.644
1108.22	398.503
1108.55	391.973
1108.87	395.219
1109.2	396.141
1109.53	394.291
1109.85	393.735
1110.18	390.896
1110.51	393.702
1110.83	400.587
1111.16	397.63
1111.48	398.085
1111.81	401.962
1112.13	398.736
1112.46	396.618
1112.79	397.181
1113.11	398.573
1113.44	393.506
1113.76	397.373
1114.09	395.253
1114.42	392.713
1114.74	401.395
1115.07	394.34
1115.39	392.383
1115.72	396.94
1116.04	389.4
1116.37	385.517
1116.7	392.302
1117.02	389.41
1117.35	393.992
1117.67	394.702
1118	394.031
1118.32	390.863
1118.65	394.829
1118.98	397.842
1119.3	395.177
1119.63	386.921
1119.95	396.031
1120.28	395.791
1120.6	389.266
1120.93	388.704
1121.25	394.066
1121.58	387.908
1121.9	391.851
1122.23	389.598
1122.55	386.966
1122.88	397.474
1123.21	386.568
1123.53	388.175
1123.86	392.679
1124.18	386.93
1124.51	396.772
1124.83	397.522
1125.16	390.23
1125.48	389.908
1125.81	388.303
1126.13	395.944
1126.46	391.906
1126.78	391.194
1127.11	397.97
1127.43	401.018
1127.76	390.325
1128.08	394.947
1128.41	392.385
1128.73	392.493
1129.06	401.16
1129.38	391.037
1129.71	388.619
1130.03	391.355
1130.36	393.221
1130.68	395.409
1131.01	389.334
1131.33	393.134
1131.66	393.554
1131.98	394.575
1132.3	391.518
1132.63	390.29
1132.95	392.335
1133.28	387.895
1133.6	388.213
1133.93	390.46
1134.25	391.192
1134.58	389.086
1134.9	391.091
1135.23	386.433
1135.55	392.286
1135.88	397.552
1136.2	395.664
1136.52	395.889
1136.85	389.77
1137.17	389.95
1137.5	386.853
1137.82	380.727
1138.15	390.064
1138.47	392.497
1138.8	388.983
1139.12	395.476
1139.44	397.316
1139.77	391.752
1140.09	389.167
1140.42	394.138
1140.74	393.19
1141.07	390.955
1141.39	385.197
1141.71	385.193
1142.04	380.795
1142.36	391.558
1142.69	389.6
1143.01	387.368
1143.33	393.108
1143.66	393.772
1143.98	390.484
1144.31	388.939
1144.49	391.162
1144.81	389.103
1145.14	397.792
1145.47	388.703
1145.79	394.814
1146.12	385.138
1146.44	384.064
1146.77	398.444
1147.1	393.563
1147.42	391.18
1147.75	391.794
1148.08	391.306
1148.4	383.17
1148.73	388.764
1149.05	392.983
1149.38	389.223
1149.71	389.685
1150.03	389.602
1150.36	392.288
1150.68	393.209
1151.01	395.305
1151.34	391.155
1151.66	384.025
1151.99	388.856
1152.31	395.729
1152.64	390.403
1152.97	387.245
1153.29	385.784
1153.62	386.719
1153.94	397.681
1154.27	388.044
1154.59	392.82
1154.92	392.071
1155.25	390.067
1155.57	386.231
1155.9	397.851
1156.22	389.747
1156.55	394.219
1156.87	395.684
1157.2	391.816
1157.52	390.959
1157.85	390.091
1158.17	389.556
1158.5	388.204
1158.82	386.963
1159.15	396.788
1159.47	394.726
1159.8	384.057
1160.13	389.935
1160.45	384.977
1160.78	388.267
1161.1	387.333
1161.43	391.564
1161.75	391.468
1162.08	394.76
1162.4	390.23
1162.73	385.395
1163.05	383.419
1163.38	385.778
1163.7	390.238
1164.03	385.552
1164.36	388.704
1164.68	388.577
1165	392.149
1165.33	385.638
1165.65	392.479
1165.98	383.63
1166.3	390.771
1166.63	398.789
1166.95	393.906
1167.28	388.947
1167.6	385.148
1167.93	383.341
1168.25	388.22
1168.58	384.878
1168.9	387.221
1169.23	388.432
1169.55	386.504
1169.88	389.166
1170.2	378.041
1170.53	388.397
1170.85	382.894
1171.18	380.539
1171.5	387.411
1171.83	391.854
1172.15	384.437
1172.48	390.331
1172.8	390.466
1173.12	387.11
1173.45	383.982
1173.77	394.194
1174.1	391.845
1174.42	387.866
1174.75	390.814
1175.07	390.489
1175.4	387.197
1175.72	387.108
1176.04	388.479
1176.37	386.69
1176.69	392.667
1177.02	383.472
1177.34	389.942
1177.67	385.333
1177.99	389.391
1178.32	391.206
1178.64	386.72
1178.96	389.908
1179.29	390.115
1179.61	393.387
1179.94	383.314
1180.26	388.015
1180.58	386.177
1180.91	387.54
1181.23	391.372
1181.56	385.252
1181.88	388.563
1182.2	392.697
1182.53	391.357
1182.85	394.084
1183.18	393.781
1183.5	388.088
1183.82	390.668
1184.15	393.187
1184.47	382.441
1184.8	385.854
1185.12	383.981
1185.44	390.717
1185.77	388.671
1186.09	384.278
1186.42	393.229
1186.74	392.569
1187.06	391.31
1187.39	387.815
1187.71	396.189
1188.03	384.902
1188.36	382.569
1188.68	391.565
1189	390.818
1189.33	387.242
1189.65	389.484
1189.98	387.606
1190.3	385.03
1190.62	387.624
1190.95	381.965
1191.27	384.916
1191.59	383.645
1191.92	388.325
1192.24	392.353
1192.56	395.623
1192.89	390.297
1193.21	388.923
1193.53	389.229
1193.86	393.056
1194.18	386.268
1194.5	385.983
1194.83	383.535
1195.15	388.279
1195.47	386.609
1195.8	388.912
1196.12	387.729
1196.44	386.913
1196.77	393.224
1197.09	391.723
1197.41	392.727
1197.74	392.033
1198.06	382.455
1198.38	390.62
1198.71	391.724
1199.03	395.444
1199.35	389.401
1199.67	388.306
1200	393.612
