100.305	378
100.683	367.101
101.058	360.337
101.435	358.339
101.81	353.371
102.188	369.191
102.565	369.78
102.94	369
103.317	362.854
103.692	364.847
104.07	376.544
104.447	368.961
104.822	382.05
105.199	369.158
105.574	369.208
105.951	368.854
106.328	371.023
106.703	373.304
107.08	374.779
107.455	373.556
107.833	366.996
108.207	377.236
108.584	371.82
108.961	368.912
109.336	367.226
109.713	368.594
110.088	370.663
110.465	370.888
110.84	364.025
111.217	367.703
111.592	372.418
111.969	372.146
112.343	366.483
112.72	371.434
113.095	362.813
113.472	368.684
113.847	366.657
114.223	369.122
114.6	373.483
114.975	373.618
115.349	373.369
115.726	371.902
116.101	369.977
116.477	370.871
116.852	370.225
117.229	370.49
117.603	374.777
117.98	375.098
118.354	370.101
118.731	367.682
119.106	371.798
119.482	369.887
119.857	371.276
120.233	370.515
120.608	368.063
120.982	373.085
121.359	375.462
121.733	378.788
122.109	372.42
122.484	369.669
122.86	372.337
123.235	376.142
123.609	372.411
123.985	376.047
124.36	376.687
124.736	371.672
125.11	365.446
125.484	370.353
125.861	373.926
126.235	373.613
126.611	375.351
126.985	372.645
127.36	374.715
127.736	377.545
128.11	375.914
128.484	372.046
128.86	369.449
129.234	374.635
129.611	373.983
129.985	378.532
130.359	370.905
130.735	373.209
131.109	379.162
131.483	377.501
131.859	374.303
132.233	372.528
132.607	375.118
132.983	373.603
133.357	370.812
133.731	373.324
134.105	376.431
134.481	369.327
134.854	367.138
135.228	369.257
135.604	373.845
135.978	379.308
136.352	372.51
136.728	372.601
137.102	365.172
137.475	372.482
137.849	375.502
138.225	376.014
138.599	374.158
138.972	374.16
139.346	383.648
139.722	384.868
140.095	382.688
140.469	376.208
140.843	382.389
141.218	374.011
141.592	368.497
141.965	377.841
142.339	384.246
142.715	381.355
143.088	384.138
143.462	390.054
143.835	386.775
144.209	366.411
144.584	373.158
144.958	375.995
145.331	371.815
145.705	375.373
146.078	375.725
146.454	373.706
146.827	370.589
147.2	373.608
147.574	370.878
147.947	377.72
148.32	372.396
148.696	370.559
149.069	373.628
149.442	375.294
149.816	372.239
150.189	369.78
150.562	371.854
150.935	374.456
151.311	368.537
151.684	378.539
152.057	366.017
152.43	378.693
152.803	371.976
153.176	372.93
153.549	369.381
153.922	369.293
154.298	373.901
154.671	376.148
155.044	378.526
155.417	374.162
155.79	370.081
156.163	372.813
156.536	376.478
156.909	375.481
157.282	375.724
157.655	367.672
158.028	370.383
158.403	375.318
158.776	367.211
159.148	369.748
159.521	368.849
159.894	372.113
160.267	372.158
160.64	374.589
161.013	375.829
161.385	379.854
161.758	371.348
162.131	374.262
162.504	377.524
162.876	370.999
163.249	372.482
163.622	375.085
163.995	379.684
164.367	372.045
164.74	369.031
165.112	370.821
165.485	368.039
165.858	375.614
166.23	374.498
166.603	373.225
166.975	378.122
167.348	371.736
167.721	368.171
168.093	373.768
168.466	374.761
168.838	377.064
169.211	375.297
169.583	378.039
169.956	373.1
170.328	376.389
170.7	377.727
171.073	374.332
171.445	372.484
171.815	374.239
172.188	378.455
172.56	376.51
172.932	375.593
173.305	375.348
173.677	377.134
174.049	366.898
174.422	367.05
174.794	376.01
175.166	373.679
175.538	376.172
175.908	375.382
176.281	374.017
176.653	378.596
177.025	373.647
177.397	375.108
177.769	372.484
178.141	372.486
178.514	372.693
178.883	368.782
179.256	369.666
179.628	372.468
180	372.821
180.372	375.752
180.744	375.733
181.116	372.834
181.486	375.187
181.858	370.206
182.23	376.809
182.601	377.229
182.973	378.558
183.343	372.469
183.715	375.417
184.087	371.147
184.459	374.898
184.831	373.327
185.2	372.514
185.572	372.942
185.944	374.726
186.316	368.195
186.688	371.65
187.057	375.617
187.429	379.887
187.801	377.105
188.173	377.38
188.542	380.87
188.914	374.99
189.285	379.38
189.657	376.07
190.027	379.569
190.398	378.031
190.77	378.72
191.142	371.696
191.511	370.463
191.883	372.045
192.254	369.247
192.626	368.951
192.995	370.563
193.367	373.963
193.738	376.587
194.107	378.035
194.479	376.612
194.85	374.38
195.222	372.865
195.591	381.741
195.963	383.35
196.334	372.479
196.703	373.843
197.075	368.096
197.446	376.731
197.815	371.002
198.187	375.324
198.558	376.332
198.927	378.254
199.298	377.627
199.67	379.372
200.039	373.01
200.41	370.418
200.781	373.9
201.15	373.948
201.521	376.09
201.89	380.727
202.262	374.465
202.633	373.567
203.002	375.922
203.373	375.997
203.744	380.364
204.113	376.71
204.484	371.5
204.853	372.254
205.224	371.376
205.595	376.459
205.964	374.411
206.335	365.826
206.704	376.199
207.075	375.726
207.444	374.782
207.815	379.513
208.186	375.9
208.554	371.275
208.925	377.715
209.294	381.808
209.665	377.884
210.034	370.67
210.404	382.218
210.773	374.731
211.144	379.159
211.513	366.208
211.883	376.919
212.252	378.019
212.623	376.969
212.991	380.695
213.362	373.631
213.733	378.612
214.101	374.487
214.472	376.774
214.841	378.34
215.211	372.478
215.58	379.458
215.948	374.799
216.319	371.502
216.687	371.012
217.058	381.296
217.426	371.613
217.797	374.531
218.165	381.034
218.536	378.26
218.904	376.282
219.275	374.155
219.643	373.088
220.014	382.59
220.382	373.766
220.75	372.639
221.121	372.076
221.489	380.196
221.859	374.725
222.227	381.458
222.598	375.137
222.966	380.647
223.334	377.784
223.705	376.853
224.073	374.249
224.443	379.335
224.811	381.401
225.179	375.985
225.55	375.739
225.918	372.891
226.286	377.544
226.656	381.002
227.024	376.428
227.394	372.959
227.762	376.691
228.13	371.539
228.5	379.784
228.868	381.327
229.236	377.035
229.606	380.014
229.974	375.234
230.342	382.133
230.712	377.5
231.08	370.798
231.448	376.485
231.818	372.853
232.186	374.674
232.554	377.84
232.924	377.683
233.292	379.693
233.659	375.074
234.029	375.865
234.397	380.262
234.765	377.983
235.133	379.455
235.502	378.13
235.87	378.363
236.238	378.727
236.608	375.234
236.975	378.072
237.343	383.899
237.711	380.995
238.08	377.293
238.448	376.82
238.815	376.66
239.183	374.112
239.553	379.268
239.92	375.09
240.288	374.793
240.655	385.511
241.023	382.669
241.392	382.513
241.76	376.469
242.127	380.584
242.495	379.087
242.864	374.281
243.232	373.448
243.599	376.934
243.967	373.571
244.334	380.269
244.703	376.698
245.071	376.361
245.438	378.512
245.805	373.712
246.173	382.233
246.54	379.248
246.909	382.013
247.277	378.406
247.644	377.548
248.011	379.968
248.378	374.142
248.746	376.23
249.113	379.765
249.482	379.973
249.849	376.968
250.216	376.962
250.584	377.324
250.951	375.176
251.318	371.903
251.685	380.843
252.052	379.5
252.421	375.588
252.788	379.101
253.155	381.66
253.522	379.482
253.889	373.931
254.256	377.991
254.623	383.18
254.99	377.066
255.357	374.435
255.724	376.111
256.091	375.941
256.458	381.711
256.827	376.567
257.194	373.339
257.561	372.852
257.927	379.745
258.294	378.258
258.661	375.234
259.028	381.054
259.395	380.868
259.761	379.31
260.128	381.615
260.495	379.505
260.862	377.073
261.228	383.002
261.595	387.221
261.962	378.697
262.328	377.812
262.695	386.318
263.062	374.887
263.428	377.774
263.795	378.253
264.161	380.714
264.528	374.789
264.895	379.846
265.261	384.591
265.628	372.204
265.994	373.661
266.361	381.954
266.727	378.049
267.094	375.174
267.46	378.856
267.827	382.732
268.193	381.043
268.557	377.683
268.924	379.557
269.29	383.318
269.657	384.834
270.023	378.27
270.389	383.077
270.756	381.572
271.122	376.977
271.488	374
271.855	384.182
272.221	374.831
272.587	377.366
272.951	378.751
273.317	381.996
273.684	384.643
274.05	378.181
274.416	387.46
274.782	380.833
275.148	373.562
275.515	374.207
275.879	380.886
276.245	378.879
276.611	383.477
276.977	377.348
277.343	380.259
277.709	383.986
278.075	382.118
278.439	380.985
278.805	376.213
279.171	383.496
279.537	381.43
279.903	379.093
280.269	388.886
280.633	392.529
280.999	379.736
281.365	381.051
281.731	385.814
282.096	377.765
282.46	377.136
282.826	381.856
283.192	378.619
283.558	373.18
283.921	384.826
284.287	382.586
284.653	377.932
285.019	375.313
285.385	377.051
285.748	372.423
286.114	372.785
286.48	378.921
286.845	376.984
287.209	381.085
287.575	378.414
287.94	382.628
288.306	387.11
288.669	380.831
289.035	377.108
289.401	374.917
289.764	384.274
290.13	389.537
290.495	384.583
290.861	380.324
291.224	382.665
291.59	380.767
291.955	375.43
292.319	383.081
292.684	380.389
293.05	383.205
293.413	379.418
293.778	377.888
294.144	381.44
294.507	386.882
294.872	387.847
295.238	380.149
295.601	380.211
295.966	381.533
296.332	381.04
296.695	376.661
297.06	384.314
297.426	384.914
297.789	382.384
298.154	379.438
298.517	379.937
298.882	388.479
299.248	389.816
299.611	386.213
299.976	380.225
300.339	376.994
300.704	374.613
301.069	382.041
301.432	385.54
301.797	383.078
302.16	373.104
302.525	377.841
302.699	380.773
303.066	384.58
303.431	382.016
303.798	381.681
304.165	377.385
304.532	369.522
304.897	384.369
305.264	381.003
305.631	384.422
305.996	374.606
306.363	379.846
306.73	377.781
307.095	380.117
307.462	384.116
307.829	381.819
308.194	389.47
308.561	381.626
308.928	385.427
309.292	380.462
309.659	382.479
310.026	383.74
310.391	391.029
310.758	382.606
311.125	385.307
311.489	382.699
311.856	381.231
312.221	377.787
312.588	383.652
312.954	389.798
313.319	384.032
313.686	381.26
314.05	378.675
314.417	388.796
314.784	377.478
315.148	386.102
315.515	380.653
315.88	381.629
316.246	386.746
316.613	375.997
316.977	380.215
317.344	383.08
317.708	375.372
318.075	380.279
318.439	378.267
318.806	383.114
319.17	382.705
319.537	381.87
319.903	380.527
320.268	388.948
320.634	380.733
320.998	379.741
321.365	374.652
321.729	385.293
322.096	372.712
322.46	381.766
322.826	381.902
323.19	382.239
323.557	383.92
323.921	381.868
324.287	382.873
324.651	380.484
325.018	380.99
325.382	385.378
325.748	383.355
326.112	383.585
326.479	383.441
326.843	387.909
327.209	377.831
327.573	377.44
327.939	381.837
328.303	388.69
328.667	386.26
329.033	376.317
329.397	385.341
329.763	378.486
330.127	383.208
330.493	384.028
330.857	380.649
331.223	377.795
331.587	377.425
331.951	385.825
332.317	375.783
332.681	383.52
333.047	388.794
333.411	383.991
333.775	378.338
334.141	377.352
334.505	378.572
334.87	391.262
335.234	384.255
335.598	376.34
335.964	386.536
336.328	386.719
336.693	376.194
337.057	381.77
337.421	377.002
337.787	378.862
338.15	376.805
338.514	379.808
338.88	386.366
339.243	387.456
339.607	382.061
339.973	386.487
340.336	380.882
340.7	376.931
341.065	380.791
341.429	374.874
341.792	378.902
342.158	382.509
342.522	385.618
342.885	372.925
343.251	374.078
343.614	376.538
343.977	379.588
344.341	382.161
344.706	389.879
345.07	386.853
345.433	384.944
345.799	383.398
346.162	391.202
346.525	382.647
346.889	386.376
347.254	391.122
347.617	379.885
347.981	378.139
348.344	385.236
348.709	381.307
349.072	380.401
349.436	378.642
349.799	377.265
350.164	383.886
350.527	378.909
350.891	379.206
351.254	379.094
351.617	375.405
351.982	384.97
352.345	379.097
352.708	382.433
353.071	384.138
353.436	383.647
353.8	384.156
354.163	383.184
354.526	387.627
354.889	387.6
355.252	391.573
355.617	382.338
355.98	380.608
356.343	385.195
356.706	385.59
357.069	386.821
357.431	390.032
357.796	390.708
358.159	387.746
358.522	388.322
358.885	383.034
359.248	384.785
359.611	386.616
359.973	381.019
360.338	382.595
360.701	377.928
361.064	380.513
361.427	386.71
361.789	383.442
362.152	379.651
362.515	383.225
362.878	384.876
363.24	391.598
363.605	386.869
363.968	385.424
364.33	387.492
364.693	381.044
365.056	381.261
365.418	389.109
365.781	386.136
366.143	385.175
366.506	380.3
366.868	383.009
367.231	389.155
367.593	392.729
367.956	389.647
368.318	387.525
368.681	389.227
369.043	388.981
369.408	386.017
369.77	381.047
370.133	381.876
370.495	386.859
370.857	386.323
371.22	390.069
371.582	386.699
371.945	387.039
372.307	383.399
372.669	388.315
373.031	381.09
373.394	391.489
373.756	389.095
374.118	383.107
374.481	379.162
374.843	386.213
375.205	384.801
375.565	386.895
375.927	381.378
376.289	382.453
376.652	383.822
377.014	391.441
377.376	381.763
377.738	380.656
378.1	390.682
378.462	381.136
378.824	388.46
379.186	390.532
379.548	389.277
379.91	389.684
380.272	376.708
380.634	384.539
380.996	387.773
381.356	385.119
381.718	379.123
382.08	388.214
382.442	383.973
382.804	381.101
383.166	382.973
383.528	383.318
383.89	393.605
384.252	391.277
384.611	395.244
384.973	388.697
385.335	382.563
385.697	378.741
386.059	380.696
386.42	383.37
386.782	391.816
387.142	387.91
387.504	387.447
387.865	386.878
388.227	375.828
388.589	384.051
388.95	379.744
389.31	383.406
389.672	381.933
390.033	386.757
390.395	390.407
390.756	381.671
391.118	382.808
391.477	383.013
391.839	385.6
392.201	382.151
392.562	387.949
392.924	389.393
393.283	384.515
393.645	386.644
394.006	387.935
394.367	381.216
394.727	396.794
395.088	397.194
395.45	388.202
395.811	389.145
396.17	388.187
396.532	382.948
396.893	381.508
397.255	389.787
397.614	384.987
397.975	382.951
398.336	382.177
398.698	382.225
399.057	383.231
399.418	389.648
399.779	389.677
400.139	386.742
400.5	384.82
400.861	388.692
401.222	389.581
401.581	390.633
401.943	392.635
402.304	385.426
402.663	381.897
403.024	383.079
403.385	381.418
403.744	381.007
404.105	382.842
404.466	390.865
404.825	390.055
405.186	383.227
405.547	379.869
405.906	383.868
406.267	383.792
406.628	387.249
406.987	389.427
407.348	385.907
407.707	388.871
408.068	393.074
408.429	388.031
408.787	387.885
409.148	391.412
409.509	388.446
409.868	387.844
410.229	383.334
410.588	380.665
410.948	391.039
411.309	387.259
411.668	385.411
412.029	380.597
412.387	386.473
412.748	390.734
413.107	390.956
413.467	389.032
413.828	388.884
414.187	385.622
414.547	391.56
414.906	384.992
415.267	388.348
415.625	385.048
415.986	389.368
416.344	388.604
416.705	380.303
417.066	382.168
417.424	392.519
417.785	389.671
418.143	394.135
418.504	385.85
418.862	378.73
419.223	382.187
419.581	388.51
419.941	386.829
420.3	385.045
420.66	381.647
421.019	392.441
421.379	394.779
421.737	387.865
422.098	386.958
422.456	388.783
422.816	390.773
423.175	389.552
423.533	382.793
423.893	385.513
424.251	384.066
424.612	394.258
424.97	389.942
425.33	387.53
425.688	388.237
426.048	381.508
426.407	382.429
426.765	388.942
427.125	388.958
427.483	386.255
427.843	388.269
428.201	390.27
428.561	385.416
428.919	383.371
429.277	386.181
429.638	390.231
429.996	391.347
430.356	392.443
430.714	388.223
431.072	382.294
431.432	387.461
431.789	385.65
432.147	386.628
432.507	389.178
432.865	390.03
433.225	378.761
433.583	380.797
433.941	390.541
434.301	389.403
434.659	381.517
435.016	383.551
435.376	382.34
435.734	374.914
436.092	384.116
436.452	388.407
436.809	384.514
437.167	389.915
437.527	385.177
437.885	394.388
438.242	381.436
438.6	380.337
438.96	387.26
439.317	391.317
439.675	385.625
440.035	386.479
440.392	390.557
440.75	388.155
441.107	392.559
441.467	387.161
441.824	390.039
442.182	389.388
442.542	381.068
442.899	387.443
443.257	388.807
443.614	386.876
443.974	386.318
444.331	384.957
444.688	385.25
445.046	385.606
445.403	390.44
445.763	386.391
446.12	381.866
446.477	385.255
446.835	383.678
447.194	388.229
447.551	390.382
447.909	385.029
448.266	389.829
448.623	393.288
448.983	389.089
449.34	392.169
449.697	389.288
450.054	388.98
450.412	382.926
450.769	382.718
451.128	390.044
451.485	391.571
451.842	389.588
452.199	383.25
452.557	384.453
452.914	382.459
453.273	381.877
453.63	378.794
453.987	384.765
454.344	385.502
454.701	386.575
455.058	390.611
455.415	390.275
455.772	387.669
456.131	384.697
456.488	385.147
456.845	384.365
457.202	386.686
457.559	389.707
457.916	379.411
458.273	379.064
458.63	387.567
458.987	388.091
459.343	383.959
459.7	380.449
460.059	383.267
460.416	386.323
460.773	383.1
461.13	381.738
461.486	385.83
461.843	379.465
462.2	383.989
462.557	386.634
462.913	386.506
463.27	382.233
463.627	382.643
463.983	384.569
464.34	386.808
464.697	382.033
465.053	382.517
465.41	385.566
465.767	381.592
466.123	384.315
466.48	386.871
466.836	389.782
467.193	387.372
467.549	388.318
467.906	385.882
468.262	385.182
468.619	390.776
468.975	390.753
469.332	385.525
469.688	381.494
470.045	385.614
470.401	386.268
470.758	380.45
471.114	377.981
471.47	379.24
471.827	385.163
472.183	380.501
472.54	385.505
472.896	389.499
473.25	389.426
473.606	385.844
473.963	384.442
474.319	388.15
474.675	385.729
475.032	389.755
475.388	391.022
475.744	390.062
476.1	391.822
476.456	392.736
476.813	388.137
477.167	386.322
477.523	389.92
477.879	388.263
478.235	382.324
478.591	384.451
478.947	385.784
479.303	386.918
479.657	387.878
480.013	383.583
480.37	383.981
480.726	385.123
481.082	382.473
481.438	389.356
481.794	383.782
482.147	382.274
482.503	384.232
482.859	383.874
483.215	382.002
483.571	384.394
483.925	382.694
484.281	385.491
484.637	386.668
484.993	390.1
485.349	385.78
485.702	383.486
486.058	384.285
486.414	381.344
486.77	380.28
487.126	381.135
487.479	380.409
487.835	373.748
488.191	385.384
488.547	387.684
488.9	385.633
489.256	388.602
489.612	386.936
489.967	382.079
490.321	379.772
490.676	381.657
491.032	384.004
491.388	386.576
491.741	383.314
492.097	394.063
492.452	389.109
492.808	379.101
493.161	387.956
493.517	379.095
493.873	384.005
494.226	395.813
494.236	395.951
494.594	386.084
494.951	393.049
495.309	392.902
495.666	387.058
496.022	387.983
496.379	387.984
496.737	387.004
497.094	381.103
497.451	391.8
497.809	380.247
498.164	388.64
498.522	389.018
498.879	387.175
499.236	381.945
499.594	383.323
499.951	393.799
500.306	390.097
500.664	383.242
501.021	383.156
501.378	385.033
501.735	384.889
502.091	390.403
502.448	388.977
502.805	383.865
503.162	385.636
503.517	381.987
503.875	381.127
504.232	383.902
504.589	399.17
504.944	379.531
505.301	379.711
505.658	388.942
506.015	388.514
506.37	389.566
506.727	389.529
507.084	387.673
507.441	384.493
507.796	384.988
508.153	384.107
508.51	390.586
508.865	392.257
509.222	391.559
509.579	392.06
509.936	381.74
510.291	386.371
510.648	389.955
511.005	386.298
511.36	390.23
511.716	389.41
512.073	389.1
512.428	381.948
512.785	390.385
513.142	386.166
513.497	382.922
513.853	380.167
514.21	389.801
514.565	386.098
514.922	389.532
515.278	384.541
515.633	387.455
515.99	391.978
516.346	388.284
516.701	381.113
517.058	379.132
517.412	392.64
517.769	386.205
518.125	390.592
518.48	385.624
518.837	384.349
519.193	392.486
519.548	387.095
519.904	390.439
520.259	389.582
520.615	389.993
520.97	387.116
521.326	390.465
521.683	389.783
522.037	386.469
522.393	385.191
522.748	381.802
523.104	383.897
523.459	390.521
523.815	390.081
524.171	383.815
524.526	384.456
524.882	386.654
525.236	383.952
525.593	389.278
525.947	385.934
526.303	385.51
526.658	378.688
527.014	382.302
527.368	390.89
527.724	384.888
528.078	390.579
528.435	386.724
528.789	387.56
529.145	386.841
529.499	381.045
529.855	384.737
530.209	385.367
530.566	389.258
530.92	389.313
531.276	379.889
531.63	383.654
531.986	398.638
532.34	386.778
532.696	388.449
533.05	392.887
533.406	389.298
533.76	394.7
534.114	385.006
534.47	382.101
534.824	385.024
535.18	382.569
535.534	385.522
535.89	390.752
536.243	389.674
536.597	384.948
536.953	391.862
537.307	387.22
537.663	387.216
538.017	389.932
538.372	377.97
538.726	394.146
539.08	391.165
539.436	390.394
539.79	383.271
540.143	380.364
540.499	392.194
540.853	389.181
541.208	383.741
541.562	385.791
541.916	386.451
542.271	393.282
542.625	395.426
542.979	395.67
543.334	387.663
543.688	388.357
544.041	386.851
544.397	397.621
544.751	386.991
545.104	387.307
545.46	379.525
545.813	388.894
546.167	390.889
546.522	389.918
546.876	381.862
547.229	382.749
547.584	383.074
547.938	389.519
548.291	386.201
548.645	391.337
549	385.958
549.353	388.719
549.707	392.445
550.062	384.291
550.416	386.86
550.769	378.354
551.122	387.111
551.477	387.869
551.831	395.324
552.184	387.013
552.537	383.388
552.892	390.775
553.246	392.227
553.599	386.211
553.952	385.241
554.307	383.108
554.66	385.429
555.014	388.733
555.367	388.388
555.722	387.066
556.075	389.685
556.428	391.033
556.781	386.249
557.134	385.63
557.489	392.328
557.842	391.645
558.195	400.994
558.548	388.396
558.901	395.231
559.254	386.019
559.609	390.092
559.962	392.516
560.315	390.68
560.668	392.623
561.021	396.045
561.374	395.928
561.729	402.687
562.082	395.562
562.435	392.362
562.787	398.418
563.14	390.756
563.493	398.259
563.846	400.625
564.201	393.673
564.553	403.001
564.906	405.227
565.259	399.348
565.612	406.25
565.964	418.685
566.317	420.923
566.67	420.922
567.023	433.62
567.375	440.074
567.73	459.555
568.083	478.139
568.435	511.794
568.788	552.699
569.14	570.974
569.493	617.217
569.846	638.074
570.198	647.26
570.551	632.031
570.903	604.845
571.256	571.899
571.608	521.178
571.961	484.412
572.313	450.369
572.666	437.813
573.018	422.412
573.37	415.835
573.723	409.029
574.075	405.723
574.428	397.361
574.78	392.531
575.132	396.739
575.485	393.659
575.837	396.17
576.189	389.373
576.542	398.306
576.894	394.751
577.246	396.97
577.599	393.204
577.951	392.786
578.303	389.96
578.655	388.724
579.008	384.486
579.36	390.207
579.712	387.344
580.064	379.424
580.416	381.697
580.768	384.39
581.121	392.95
581.473	388.246
581.825	387.36
582.177	387.049
582.529	384.07
582.881	381.112
583.233	380.644
583.583	388.683
583.935	386.108
584.287	380.45
584.639	382.102
584.991	383.158
585.343	378.966
585.695	383.094
586.047	384.956
586.399	388.683
586.751	389.542
587.101	380.973
587.453	382.146
587.805	386.986
588.156	387.034
588.508	389.049
588.86	381.527
589.212	379.392
589.562	381.608
589.913	382.027
590.265	382.107
590.617	385.719
590.969	381.484
591.32	384.498
591.67	383.234
592.022	387.389
592.374	379.384
592.725	383.839
593.077	383.228
593.427	387.208
593.778	390.425
594.13	384.057
594.482	384.939
594.833	380.592
595.183	383.237
595.534	384.259
595.886	380.888
596.237	377.384
596.589	384.342
596.938	383.792
597.29	385.241
597.641	391.061
597.993	378.519
598.342	385.272
598.694	384.802
599.045	384.723
599.397	391.909
599.746	386.401
600.097	375.988
600.449	385.052
600.8	378.049
601.15	388.053
601.501	382.69
601.852	391.198
602.202	380.67
602.553	380.422
602.904	381.851
603.255	384.491
603.605	386.124
603.956	389.477
604.307	385.732
604.656	389.342
605.008	389.78
605.359	383.019
605.708	383.429
606.059	387.727
606.41	386.887
606.759	390.457
607.111	388.029
607.462	387.344
607.811	390.843
608.162	387.418
608.513	378.53
608.862	377.896
609.213	383.367
609.562	388.044
609.913	384.883
610.264	382.662
610.613	391.858
610.964	386.689
611.315	387.965
611.664	389.729
612.015	383.661
612.364	390.208
612.715	389.283
613.066	385.132
613.414	375.09
613.765	386.812
614.114	382.832
614.465	383.057
614.814	381.52
615.165	386.21
615.516	387.391
615.864	379.52
616.215	381.168
616.564	378.252
616.915	389.692
617.263	379.368
617.614	380.226
617.963	384.103
618.313	385.969
618.662	386.248
619.013	387.899
619.363	384.077
619.712	384.156
620.063	384.726
620.411	382.534
620.762	387.349
621.11	381.993
621.461	383.047
621.81	387.287
622.16	381.83
622.509	383.128
622.859	386.102
623.208	389.174
623.558	387.383
623.907	381.296
624.255	382.545
624.605	386.481
624.954	387.886
625.304	385.903
625.653	386.496
626.003	385.426
626.352	394.667
626.702	383.781
627.05	382.867
627.401	391.556
627.749	393.06
628.097	387.32
628.448	381.423
628.796	383.113
629.146	386.247
629.494	382.685
629.843	383.813
630.193	381.445
630.541	382.054
630.891	385.98
631.239	388.183
631.588	386.129
631.938	385.936
632.286	386.491
632.636	386.035
632.984	383.929
633.332	383.659
633.682	385.393
634.03	389.203
634.379	387.887
634.729	388.541
635.077	382.857
635.425	384.076
635.775	385.596
636.123	382.106
636.471	384.099
636.821	393.259
637.169	380.117
637.517	379.928
637.867	382.522
638.214	386.33
638.562	388.923
638.912	382.567
639.26	385.966
639.608	379.584
639.958	381.579
640.306	376.805
640.654	386.552
641.001	391.419
641.351	381.639
641.699	382.698
642.047	383.405
642.396	381.236
642.744	378.143
643.092	376.567
643.44	382.744
643.789	389.891
644.137	392.107
644.485	385.175
644.832	386.777
645.182	384.14
645.53	388.385
645.877	385.685
646.225	387.986
646.573	390.548
646.922	380.779
647.27	380.414
647.617	384.602
647.965	386.642
648.312	384.647
648.662	387.17
649.009	391.144
649.357	390.756
649.704	379.759
650.052	379.304
650.401	378.366
650.749	381.333
651.096	381.768
651.444	377.774
651.791	385.626
652.138	383.03
652.488	385.396
652.835	383.827
653.182	380.766
653.53	378.186
653.877	378.658
654.224	379.37
654.572	385.808
654.921	386.136
655.268	383.564
655.615	379.34
655.963	375.746
656.31	384.742
656.657	382.089
657.004	376.735
657.352	384.619
657.699	382.197
658.048	378.123
658.395	387.314
658.742	385.668
659.089	386.564
659.436	378.731
659.784	382.936
660.131	384.448
660.478	387.77
660.825	370.028
661.172	388.153
661.519	381.988
661.866	378.835
662.213	382.604
662.56	384.763
662.907	379.192
663.254	392.902
663.603	383.073
663.95	384.507
664.297	387.437
664.643	386.915
664.99	382.482
665.337	385.889
665.684	385.5
666.031	380.302
666.378	382.932
666.725	386.009
667.071	379.978
667.418	386.463
667.765	391.668
668.112	386.222
668.458	380.261
668.803	384.201
669.15	385.412
669.497	378.284
669.843	386.823
670.19	385.586
670.537	384.715
670.883	379.837
671.23	374.189
671.577	376.006
671.923	383.758
672.27	381.584
672.617	390.2
672.963	382.891
673.31	381.351
673.656	384.038
674.003	380.552
674.349	385.306
674.694	381.232
675.04	372.501
675.387	381.039
675.733	380.976
676.08	385.16
676.426	382.444
676.773	381.855
677.119	387.159
677.466	384.62
677.81	382.69
678.156	381.768
678.503	383.536
678.849	382.973
679.195	385.304
679.542	386.233
679.888	383.716
680.232	381.673
680.579	378.805
680.925	379.708
681.271	382.39
681.618	384.111
681.964	385.845
682.308	384.666
682.654	387.238
683	388.637
683.347	386.024
683.693	389.568
684.037	389.881
684.383	388.164
684.539	385.479
684.887	387.268
685.235	375.769
685.584	375.24
685.932	392.799
686.28	390.075
686.628	377.246
686.976	385.452
687.324	381.204
687.672	380.52
688.02	388.694
688.368	383.369
688.716	382.803
689.064	383.292
689.412	389.304
689.758	389.922
690.106	384.157
690.454	386.51
690.802	383.075
691.149	391.94
691.497	388.658
691.845	386.636
692.193	386.683
692.541	383.959
692.889	379.631
693.234	384.579
693.582	388.385
693.93	386.434
694.278	382.915
694.626	379.982
694.973	379.956
695.321	387.87
695.667	387.822
696.015	388.787
696.362	394.808
696.71	386.404
697.058	390.693
697.405	387.85
697.751	388.872
698.099	380.978
698.446	379.912
698.794	378.87
699.141	386.98
699.487	385.716
699.834	384.646
700.182	389.746
700.529	383.973
700.877	383.995
701.223	384.746
701.57	383.722
701.917	382.037
702.265	386.9
702.61	381.74
702.958	392.08
703.305	389.306
703.653	386.55
704	378.725
704.345	385.035
704.693	389.086
705.04	388.237
705.386	380.91
705.733	381.409
706.08	376.687
706.427	389.382
706.773	384.915
707.12	387.326
707.467	381.483
707.815	381.698
708.16	385.421
708.507	386.997
708.854	384.661
709.199	387.944
709.547	389.418
709.894	384.288
710.239	384.047
710.586	384.64
710.933	389.104
711.278	385.654
711.625	378.165
711.973	378.916
712.318	387.717
712.665	389.533
713.012	389.125
713.357	382.909
713.704	389.236
714.051	392.862
714.396	384.292
714.743	377.035
715.09	381.842
715.435	380.332
715.782	383.822
716.129	393.475
716.474	385.6
716.82	378.64
717.165	389.319
717.512	387.78
717.859	385.604
718.204	378.283
718.551	381.25
718.896	388.066
719.242	377.978
719.589	385.427
719.934	386.038
720.281	385.622
720.626	385.012
720.972	382.982
721.317	379.07
721.664	387.471
722.011	385.073
722.355	380.409
722.702	383.228
723.047	385.873
723.393	394.367
723.738	385.5
724.085	382.988
724.429	388.179
724.776	381.002
725.12	381.235
725.467	385.038
725.812	394.935
726.158	379.471
726.503	388.691
726.849	387.283
727.194	385.527
727.54	387.722
727.885	381.046
728.231	392.771
728.576	386.834
728.922	379.161
729.266	381.856
729.613	378.145
729.957	382.975
730.304	386.946
730.648	376.776
730.994	380.181
731.339	386.669
731.685	391.18
732.029	386.901
732.374	384.235
732.72	396.993
733.064	394.872
733.411	389.561
733.755	389.928
734.101	390.305
734.445	380.955
734.79	397.855
735.136	391.676
735.48	390.034
735.826	399.045
736.17	387.276
736.514	389.373
736.861	398.142
737.205	387.039
737.551	390.696
737.895	381.579
738.239	381.865
738.585	393.348
738.929	382.531
739.275	386.834
739.619	389.486
739.963	380.078
740.309	391.878
740.653	378.546
740.997	385.648
741.343	387.229
741.687	388.086
742.031	383.865
742.377	385.362
742.721	386.174
743.065	385.727
743.411	390.015
743.755	388.687
744.099	386.957
744.444	390.841
744.788	379.727
745.132	381.062
745.476	388.96
745.822	387.113
746.166	384.656
746.509	386.788
746.855	391.554
747.199	392.214
747.543	388.051
747.886	388.952
748.232	388.865
748.576	390.667
748.919	395.819
749.263	393.716
749.609	388.043
749.952	384.865
750.296	387.521
750.64	387.379
750.985	395.103
751.329	391.591
751.672	381.522
752.016	386.28
752.362	388.839
752.705	391.721
753.049	391.863
753.392	389.727
753.736	389.669
754.081	388.807
754.425	383.515
754.768	388.461
755.111	388.216
755.455	383.986
755.8	387.655
756.144	388.125
756.487	387.153
756.831	382.478
757.174	386.553
757.517	390.606
757.863	384.919
758.206	380.965
758.549	384.466
758.893	383.01
759.236	386.753
759.579	389.772
759.924	381.656
760.268	380.121
760.611	384.992
760.954	388.447
761.297	388.775
761.641	384.156
761.984	390.471
762.327	386.494
762.67	388.301
763.015	376.983
763.358	381.39
763.701	386.477
764.045	377.644
764.388	381.377
764.731	386.296
765.074	382.391
765.417	384.274
765.76	384.689
766.103	388.85
766.446	383.862
766.789	380.623
767.134	382.238
767.477	379.259
767.82	378.008
768.163	381.491
768.506	388.838
768.849	384.72
769.192	380.072
769.535	385.196
769.877	387.897
770.22	387.778
770.563	387.007
770.906	378.973
771.249	382.084
771.592	375.04
771.935	387.875
772.277	388.809
772.62	392.34
772.963	383.784
773.306	384.325
773.648	389.335
773.991	386.524
774.334	391.694
774.677	383.739
775.019	380.49
775.362	390.592
775.705	388.392
776.047	386.829
776.39	390.866
776.733	388.483
777.073	385.381
777.416	388.261
777.758	383.005
778.101	390.359
778.443	387.879
778.786	383.732
779.129	384.998
779.471	384.789
779.814	384.633
780.156	381.46
780.499	389.764
780.841	393.834
781.184	389.855
781.524	383.972
781.866	385.143
782.209	383.724
782.551	382.628
782.894	394.089
783.236	388.022
783.578	392.135
783.921	380.253
784.261	386.601
784.603	383.359
784.946	381.18
785.288	390.914
785.63	395.814
785.973	388.733
786.315	394.933
786.655	392.952
786.997	387.14
787.34	382.38
787.682	395.294
788.024	387.108
788.364	391.975
788.706	387.976
789.049	389.057
789.391	390.848
789.733	382.186
790.075	387.083
790.415	386.515
790.757	385.862
791.099	386.488
791.441	388.157
791.781	388.646
792.124	383.308
792.466	385.38
792.808	391.411
793.15	391.663
793.49	393.759
793.832	393.866
794.174	391.062
794.516	388.414
794.855	385.46
795.197	386.677
795.539	389.547
795.881	389.518
796.221	389.818
796.563	388.989
796.905	389.336
797.245	391.664
797.587	387.458
797.928	389.402
798.27	392.196
798.61	383.305
798.952	388.38
799.294	393.837
799.633	386.413
799.975	384.543
800.317	387.993
800.657	388.259
800.998	389.409
801.34	389.501
801.68	382.262
802.021	384.651
802.363	388.669
802.703	385.303
803.044	386.064
803.386	383.928
803.726	385.223
804.067	386.899
804.409	383.93
804.748	386.627
805.09	386.332
805.429	385.049
805.771	388.944
806.112	384.871
806.452	389.488
806.793	392.178
807.135	394.974
807.474	393.735
807.816	388.531
808.155	389.033
808.497	387.238
808.836	393.441
809.178	392.001
809.519	388.895
809.858	381.686
810.2	382.598
810.539	397.344
810.88	388.702
811.22	385.925
811.561	389.33
811.902	386.214
812.242	383.814
812.583	384.423
812.922	385.71
813.263	383.667
813.603	383.235
813.944	392.494
814.283	396.966
814.624	391.688
814.964	386.51
815.305	385.963
815.644	386.57
815.985	386.006
816.324	385.149
816.665	386.713
817.004	388.307
817.346	383.483
817.685	384.611
818.026	392.779
818.365	392.925
818.706	388.46
819.045	388.626
819.386	391.457
819.725	386.337
820.066	387.713
820.405	385.833
820.746	391.107
821.085	387.313
821.424	385.653
821.765	388.026
822.104	390.776
822.445	386.779
822.783	393.921
823.124	391.667
823.463	389.159
823.802	380.817
824.143	385.044
824.482	385.094
824.823	388.96
825.161	387.1
825.5	391.017
825.841	391.269
826.18	383.144
826.52	388.462
826.859	384.376
827.198	388.568
827.539	390.301
827.877	389.015
828.216	382.964
828.557	375.689
828.895	381.966
829.234	385.183
829.575	391.181
829.913	381.153
830.254	392.233
830.593	392.471
830.931	392.065
831.272	391.71
831.61	383.928
831.949	391.336
832.287	381.901
832.628	385.033
832.966	394.3
833.305	388.151
833.645	386.498
833.984	379.888
834.322	394.064
834.663	387.431
835.001	379.63
835.34	390.807
835.678	386.873
836.018	386.978
836.357	377.358
836.695	382.255
837.034	382.107
837.374	393.036
837.712	382.516
838.051	385.474
838.391	388.648
838.729	385.493
839.068	387.897
839.406	384.201
839.744	383.475
840.084	384.972
840.423	381.892
840.761	386.572
841.099	386.983
841.439	386.405
841.777	380.919
842.116	386.191
842.454	384.932
842.792	395.218
843.132	382.862
843.47	384.783
843.808	381.939
844.146	391.272
844.484	388.434
844.822	390.822
845.162	384.198
845.501	390.817
845.839	393.632
846.177	390.647
846.515	389.654
846.853	384.939
847.193	384.01
847.531	387.375
847.869	385.677
848.206	391.332
848.544	390.432
848.882	387.218
849.22	389.991
849.558	388.6
849.898	383.679
850.236	394.82
850.574	390.948
850.912	384.977
851.249	385.782
851.587	385.858
851.925	384.492
852.263	385.839
852.601	385.22
852.938	388.43
853.276	384.389
853.616	384.645
853.954	391.434
854.291	392.671
854.629	393.463
854.967	392.651
855.304	394.189
855.642	391.334
855.98	385.979
856.317	382.277
856.655	388.191
856.993	391.588
857.33	389.53
857.668	385.519
858.005	388.742
858.343	381.616
858.681	385.236
859.018	381.893
859.356	381.247
859.693	385.533
860.031	384.576
860.368	391.415
860.706	395.425
861.043	390.25
861.381	388.221
861.718	383.046
862.055	387.195
862.393	388.05
862.73	392.161
863.068	385.633
863.405	392.406
863.742	382.435
864.08	386.057
864.417	391.15
864.754	390.037
865.092	395.613
865.429	384.918
865.764	394.583
866.102	383.064
866.439	386.657
866.776	384.772
867.113	386.49
867.451	394.581
867.788	386.076
868.125	389.589
868.462	390.632
868.799	387.916
869.035	388.035
869.374	392.945
869.713	392.86
870.052	393.347
870.391	394.183
870.73	393.271
871.069	387.687
871.41	393.944
871.749	384.654
872.088	382.62
872.427	386.334
872.766	395.747
873.105	387.556
873.444	384.191
873.783	391.99
874.122	393.03
874.461	392.414
874.8	395.508
875.139	385.339
875.478	388.904
875.816	394.626
876.155	388.57
876.492	385.418
876.831	389.309
877.17	394.149
877.509	386.051
877.847	392.877
878.186	389.279
878.525	386.356
878.864	391.417
879.202	397.925
879.541	388.886
879.88	389.305
880.219	389.166
880.557	389.741
880.896	387.176
881.235	393.734
881.573	388.379
881.912	397.475
882.249	392.493
882.587	387.624
882.926	392.049
883.264	392.932
883.603	394.229
883.942	389.019
884.28	392.627
884.619	385.954
884.957	394.206
885.294	387.177
885.632	388.075
885.971	391.332
886.309	385.714
886.648	384.99
886.986	392.372
887.325	395.132
887.661	392.578
887.999	385.934
888.338	396.447
888.676	393.336
889.015	382.081
889.353	395.17
889.689	390.451
890.028	394.717
890.366	396.624
890.704	390.142
891.043	393.973
891.381	384.94
891.717	395.026
892.055	395.955
892.394	397.172
892.732	383.447
893.068	397.515
893.406	385.096
893.745	385.221
894.083	386.885
894.421	378.225
894.757	393.758
895.095	385.757
895.433	392.736
895.771	393.951
896.108	382.412
896.446	392.506
896.784	391.733
897.122	397.932
897.458	398.888
897.796	390.817
898.134	392.178
898.472	391.283
898.808	388.534
899.146	398.119
899.484	392.062
899.82	394.912
900.158	392.267
900.496	396.387
900.834	394.044
901.17	396.492
901.508	396.531
901.846	385.019
902.182	393.731
902.519	392.194
902.857	393.317
903.193	387.949
903.531	391.149
903.869	386.753
904.205	392.687
904.542	396.11
904.88	398.755
905.216	393.348
905.554	392.41
905.891	384.573
906.227	394.452
906.565	387.617
906.901	394.609
907.238	392.425
907.576	394.285
907.912	391.16
908.249	392.649
908.587	390.988
908.923	392.028
909.26	388.424
909.596	386.987
909.933	390.63
910.269	404.031
910.607	394.353
910.944	393.212
911.28	393.044
911.617	398.952
911.953	391.013
912.29	395.612
912.628	395.842
912.963	400.045
913.301	396.212
913.636	387.097
913.974	391.679
914.309	395.517
914.647	397.926
914.982	389.733
915.319	389.633
915.655	395.041
915.992	396.493
916.328	389.478
916.665	389.9
917.002	396.339
917.338	393.25
917.675	390.396
918.01	394.383
918.347	392.235
918.683	390.633
919.02	389.25
919.355	390.111
919.69	394.742
920.028	389.262
920.363	393.933
920.7	384.77
921.035	387.435
921.372	388.096
921.708	390.149
922.045	390.226
922.38	393.877
922.717	382.705
923.052	389.646
923.389	391.44
923.724	389.378
924.059	390.424
924.396	388.294
924.732	387.85
925.069	387.074
925.404	390.076
925.741	383.508
926.076	391.698
926.411	391.726
926.748	384.931
927.083	387.771
927.419	394.685
927.754	394.913
928.089	388.633
928.426	393.221
928.761	392.316
929.096	385.786
929.433	385.522
929.768	397.357
930.105	385.815
930.44	396.677
930.774	388.944
931.111	389.058
931.446	397.945
931.781	393.093
932.118	391.43
932.452	393.326
932.787	396.6
933.124	393.65
933.459	391.045
933.793	393.225
934.13	392.485
934.465	393.84
934.799	394.314
935.136	387.736
935.471	388.616
935.805	384.1
936.14	387.709
936.477	382.248
936.811	389.777
937.146	390.117
937.482	387.954
937.817	388.255
938.151	387.391
938.486	397.03
938.823	388.474
939.157	393.015
939.492	392.878
939.826	392.335
940.163	397.892
940.497	400.833
940.831	383.02
941.166	388.779
941.502	397.21
941.837	400.183
942.171	393.648
942.506	389.004
942.842	389.823
943.176	392.441
943.511	380.499
943.845	389.663
944.179	387.518
944.516	391.947
944.85	386.207
945.184	394.386
945.519	397.688
945.853	387.933
946.189	387.178
946.523	388.823
946.858	392.529
947.192	391.964
947.526	384.667
947.86	378.167
948.194	389.858
948.531	386.709
948.865	396.824
949.199	390.345
949.533	388.565
949.867	392.852
950.201	392.753
950.535	386.931
950.871	384.614
951.206	390.314
951.54	393.8
951.874	390.579
952.208	384.272
952.542	383.92
952.876	388.665
953.21	392.328
953.544	394.894
953.88	387.03
954.214	392.106
954.548	391.587
954.882	384.914
955.215	389.556
955.549	395.235
955.883	398.967
956.217	389.902
956.551	384.047
956.885	394.525
957.219	395.041
957.553	393.426
957.886	392.753
958.22	393.821
958.554	394.72
958.888	390.771
959.222	387.081
959.555	385.954
959.891	392.472
960.225	384.232
960.559	383.5
960.892	388.71
961.226	394.651
961.56	385.837
961.893	384.384
962.227	394.449
962.561	393.555
962.894	386.78
963.226	389.076
963.56	390.612
963.893	382.825
964.227	392.27
964.56	395.441
964.894	387.145
965.228	394.259
965.561	395.49
965.895	393.147
966.228	391.817
966.562	391.67
966.895	391.912
967.229	391.311
967.562	393.638
967.896	388.591
968.229	388.658
968.563	386.642
968.896	387.458
969.227	391.816
969.561	397.542
969.894	390.276
970.227	390.769
970.561	392.468
970.894	392.301
971.228	382.013
971.561	387.602
971.894	386.802
972.227	389.665
972.559	390.424
972.892	394.719
973.225	387.824
973.559	388.551
973.892	391.715
974.225	388.517
974.558	396.928
974.89	392.771
975.223	389.639
975.556	393.965
975.889	391.732
976.222	392.203
976.555	390.968
976.886	395.682
977.22	392.079
977.553	383.989
977.886	390.393
978.219	397.802
978.55	387.835
978.883	384.567
979.216	390.038
979.549	387.709
979.882	386.239
980.213	394.538
980.546	395.856
980.879	389.963
981.212	389.315
981.543	394.202
981.876	389.656
982.209	390.191
982.542	393.394
982.875	389.4
983.206	388.256
983.539	392.93
983.871	394.479
984.202	395.018
984.535	393.313
984.868	393.825
985.201	396.427
985.532	394.736
985.864	398.159
986.197	385.961
986.53	391.467
986.861	396.203
987.193	390.821
987.526	391.211
987.857	393.083
988.19	389.727
988.522	391.813
988.853	400.992
989.186	390.492
989.518	396.953
989.849	399.475
990.182	394.602
990.514	389.172
990.845	393.135
991.178	394.257
991.51	398.403
991.841	393.189
992.173	393.167
992.506	395.645
992.836	390.645
993.169	391.648
993.502	395.883
993.832	400.393
994.165	392.026
994.495	393.846
994.828	390.473
995.16	387.423
995.49	392.984
995.823	387.503
996.153	395.611
996.486	399.931
996.818	393.441
997.148	393.51
997.481	393.214
997.811	392.453
998.144	388.516
998.474	387.797
998.806	391.146
999.139	393.253
999.469	391.555
999.801	386.999
1000.13	385.281
1000.46	387.394
1000.79	392.946
1001.13	392.699
1001.46	393.798
1001.79	397.434
1002.12	398.261
1002.45	399.257
1002.78	388.927
1003.11	397.959
1003.44	398.599
1003.78	393.551
1004.11	386.631
1004.44	388.064
1004.77	386.695
1005.1	390.036
1005.43	395.161
1005.76	391.309
1006.09	402.019
1006.42	405.256
1006.75	401.52
1007.09	396.261
1007.42	396.363
1007.75	391.457
1008.08	394.873
1008.41	390.92
1008.74	385.425
1009.07	387.894
1009.4	388.002
1009.73	393.934
1010.06	390.366
1010.39	397.164
1010.73	401.141
1011.06	392.232
1011.39	400.514
1011.72	397.949
1012.05	390.61
1012.38	390.789
1012.71	389.555
1013.04	391.353
1013.37	384.852
1013.7	388.795
1014.03	388.572
1014.36	387.407
1014.69	389.617
1015.02	387.852
1015.35	388.831
1015.69	388.739
1016.01	392.885
1016.34	395.491
1016.68	389.485
1017.01	385.965
1017.34	387.209
1017.67	388.231
1018	389.605
1018.33	393.501
1018.66	394.104
1018.99	391.037
1019.32	386.117
1019.65	390.342
1019.98	385.852
1020.31	386.168
1020.64	392.946
1020.97	388.556
1021.3	392.268
1021.63	392.051
1021.96	394.243
1022.29	394.014
1022.62	391.914
1022.95	387.072
1023.28	391.788
1023.61	393.138
1023.94	388.584
1024.27	392.382
1024.6	389.984
1024.93	395.876
1025.26	396.52
1025.59	393.297
1025.92	389.309
1026.25	390.968
1026.58	393.317
1026.91	394.395
1027.24	388.482
1027.57	384.29
1027.9	393.364
1028.23	397.124
1028.56	387.781
1028.89	390.795
1029.22	392.425
1029.54	388.039
1029.87	381.155
1030.2	387.427
1030.53	390.987
1030.86	396.721
1031.19	387.617
1031.52	393.461
1031.85	386.719
1032.18	388.416
1032.51	386.248
1032.84	389.584
1033.17	394.762
1033.5	391.725
1033.83	389.904
1034.16	387.524
1034.49	388.245
1034.82	392.885
1035.15	388.817
1035.47	393.861
1035.8	392.098
1036.13	392.462
1036.46	392.637
1036.79	384.845
1037.12	386.425
1037.45	382.592
1037.78	388.796
1038.11	386.416
1038.44	391.421
1038.77	393.587
1039.09	393.235
1039.42	388.789
1039.75	385.782
1040.08	382.936
1040.41	380.023
1040.74	384.04
1041.07	384.187
1041.4	394.661
1041.73	400.345
1042.06	391.518
1042.38	387.306
1042.71	386.268
1043.04	389.801
1043.37	390.3
1043.7	398.365
1044.03	392.921
1044.36	395.934
1044.69	391.076
1045.01	394.304
1045.34	391.147
1045.67	386.899
1046	388.47
1046.33	387.286
1046.34	387.123
1046.67	395.344
1047	396.874
1047.33	392.06
1047.66	382.19
1047.99	391.289
1048.32	387.745
1048.65	385.491
1048.98	379.507
1049.31	382.714
1049.64	388.932
1049.98	391.338
1050.31	385.881
1050.64	386.832
1050.97	384.722
1051.3	386.993
1051.63	384.448
1051.96	396.153
1052.29	390.947
1052.62	391.757
1052.95	384.704
1053.28	381.32
1053.61	390.41
1053.94	394.585
1054.27	397.062
1054.6	389.296
1054.93	382.373
1055.26	390.336
1055.59	392.747
1055.92	386.429
1056.25	386.703
1056.58	388.67
1056.91	390.958
1057.25	392.433
1057.58	387.885
1057.91	383.011
1058.24	389.599
1058.57	389.936
1058.9	388.83
1059.23	387.207
1059.56	384.074
1059.89	397.634
1060.22	384.053
1060.55	380.26
1060.88	382.518
1061.21	385.803
1061.54	389.801
1061.87	385.296
1062.2	390.038
1062.53	383.335
1062.86	392.297
1063.19	388.27
1063.52	383.797
1063.85	390.455
1064.18	389.05
1064.51	380.851
1064.84	387.357
1065.17	386.343
1065.5	385.562
1065.83	397.288
1066.16	389.828
1066.48	393.904
1066.81	386.672
1067.14	393.902
1067.47	386.484
1067.8	388.266
1068.13	389.762
1068.46	388.839
1068.79	385.004
1069.12	383.392
1069.45	393.763
1069.78	388.182
1070.11	388.035
1070.44	388.546
1070.77	392.91
1071.1	389.714
1071.43	390.005
1071.76	387.476
1072.09	391.768
1072.41	387.789
1072.74	386.839
1073.07	389.104
1073.4	383.969
1073.73	389.567
1074.06	385.561
1074.39	387.558
1074.72	384.9
1075.05	383.446
1075.38	382.044
1075.71	383.842
1076.04	386.575
1076.37	386.241
1076.69	385.606
1077.02	392.104
1077.35	391.522
1077.68	385.39
1078.01	380.606
1078.34	391.666
1078.67	382.201
1079	385.156
1079.33	384.74
1079.66	387.915
1079.99	386.765
1080.31	388.045
1080.64	388.731
1080.97	397.667
1081.3	390.718
1081.63	386.894
1081.96	388.336
1082.29	385.825
1082.62	390.818
1082.94	387.771
1083.27	388.64
1083.6	387.473
1083.93	387.423
1084.26	384.726
1084.59	387.407
1084.92	389.316
1085.24	385.754
1085.57	387.362
1085.9	391.188
1086.23	388.021
1086.56	387.53
1086.89	382.228
1087.22	388.232
1087.54	389.056
1087.87	385.695
1088.2	388.137
1088.53	390.362
1088.86	392.723
1089.18	394.314
1089.51	386.378
1089.84	392.079
1090.17	393.147
1090.5	392.749
1090.83	397.066
1091.15	398.541
1091.48	389.185
1091.81	393.688
1092.14	383.574
1092.47	385.885
1092.8	392.594
1093.12	393.875
1093.45	388.546
1093.78	390.655
1094.11	391.371
1094.44	388.517
1094.76	397.497
1095.09	388.28
1095.42	386.681
1095.75	394.231
1096.08	396.267
1096.41	396.224
1096.73	397.878
1097.06	386.63
1097.39	389.86
1097.72	383.881
1098.04	387.031
1098.37	381.466
1098.7	390.979
1099.03	391.254
1099.35	392.896
1099.68	380.932
1100.01	386.719
1100.34	393.747
1100.67	391.562
1100.99	391.279
1101.32	390.776
1101.65	392.75
1101.98	390.992
1102.3	391.194
1102.63	390.995
1102.96	393.669
1103.29	386.776
1103.61	387.669
1103.94	388.067
1104.27	386.546
1104.59	394.424
1104.92	387.462
1105.25	389.98
1105.58	392.894
1105.9	393.424
1106.23	390.351
1106.56	391.161
1106.89	390.174
1107.21	400.602
1107.54	393.113
1107.87	391.922
1108.2	388.122
1108.52	380.77
1108.85	391.898
1109.18	383.363
1109.51	384.744
1109.83	389.784
1110.16	387.992
1110.49	394.122
1110.81	393.617
1111.14	385.671
1111.47	400.454
1111.79	387.056
1112.12	392.208
1112.45	395.212
1112.78	382.178
1113.1	383.369
1113.43	384.342
1113.76	381.348
1114.08	390.396
1114.41	396.69
1114.74	384.222
1115.06	396.558
1115.39	394.825
1115.72	387.836
1116.04	387.303
1116.37	392.131
1116.7	381.379
1117.02	389.458
1117.35	385.896
1117.68	394.334
1118	386.084
1118.33	387.405
1118.66	388.01
1118.98	385.158
1119.31	385.118
1119.64	393.686
1119.96	389.758
1120.29	390.446
1120.62	394.294
1120.94	392.577
1121.27	390.229
1121.59	389.984
1121.92	387.284
1122.25	389.885
1122.57	387.152
1122.9	385.657
1123.23	390.033
1123.55	391.605
1123.88	387.657
1124.21	393.005
1124.53	391.174
1124.86	392.154
1125.18	389.624
1125.51	387.501
1125.84	387.825
1126.16	389.196
1126.49	393.82
1126.81	393.05
1127.14	391.035
1127.47	386.196
1127.79	393.103
1128.12	387.557
1128.44	387.777
1128.77	382.707
1129.1	388.355
1129.42	395.632
1129.75	391.541
1130.07	391.416
1130.4	388.653
1130.73	388.728
1131.05	388.727
1131.38	387.458
1131.7	383.224
1132.03	394.017
1132.35	399.04
1132.68	393.726
1133.01	388.274
1133.33	390.473
1133.66	386.126
1133.98	387.529
1134.31	379.081
1134.64	391.304
1134.96	390.68
1135.29	393.457
1135.61	387.005
1135.94	389.214
1136.26	390.049
1136.59	391.689
1136.91	394.336
1137.24	389.034
1137.57	388.276
1137.89	390.222
1138.22	393.395
1138.54	385.459
1138.87	390.194
1139.19	388.318
1139.52	389.799
1139.84	384.053
1140.17	393.144
1140.49	389.233
1140.82	395.516
1141.14	394.397
1141.47	390.872
1141.79	384.132
1142.12	390.926
1142.44	391.611
1142.77	385.482
1143.09	387.6
1143.42	388.865
1143.74	385.814
1144.07	387.743
1144.39	392.753
1144.72	389.458
1145.04	392.436
1145.37	388.88
1145.69	387.133
1146.02	388.707
1146.34	396.93
1146.67	388.998
1146.99	388.237
1147.32	388.765
1147.64	391.803
1147.97	385.808
1148.29	390.027
1148.62	389.956
1148.94	394.846
1149.27	388.008
1149.59	390.91
1149.92	385.349
1150.24	385.815
1150.57	386.875
1150.89	391.719
1151.22	393.748
1151.54	384.535
1151.87	381.679
1152.19	383.049
1152.52	394.915
1152.84	383.257
1153.16	381.551
1153.49	385.481
1153.81	385.927
1154.14	389.585
1154.46	390.002
1154.79	379.821
1155.11	384.164
1155.43	392.022
1155.76	382.389
1156.08	388.989
1156.41	385.215
1156.73	390.609
1157.06	388.618
1157.38	388.723
1157.7	379.786
1158.03	388.51
1158.35	380.027
1158.68	396.089
1159	389.494
1159.33	388.294
1159.65	390.835
1159.97	383.327
1160.3	385.461
1160.62	389.458
1160.95	391.169
1161.27	384.657
1161.59	384.579
1161.92	389.931
1162.24	384.711
1162.57	379.449
1162.89	386.558
1163.21	389.827
1163.54	393.864
1163.86	389.62
1164.19	388.603
1164.51	389.077
1164.83	387.492
1165.16	387.949
1165.48	390.505
1165.81	394.241
1166.13	384.712
1166.45	391.44
1166.78	391.602
1167.1	385.441
1167.42	386.873
1167.75	385.92
1168.07	391.951
1168.4	388.186
1168.72	385.157
1169.04	385.803
1169.37	378.501
1169.69	384.245
1170.01	389.132
1170.34	376.942
1170.66	377.286
1170.98	381.723
1171.31	384.228
1171.63	389.439
1171.95	390.214
1172.28	388.203
1172.6	389.22
1172.92	389.15
1173.25	389.184
1173.57	383.32
1173.89	386.399
1174.22	391.106
1174.54	387.897
1174.86	380.925
1175.19	393.989
1175.51	389.01
1175.83	383.206
1176.15	385.626
1176.48	390.195
1176.8	389.554
1177.12	387.485
1177.45	390.194
1177.77	387.841
1178.09	383.679
1178.42	385.675
1178.74	383.823
1179.06	389.793
1179.39	389.278
1179.71	384.538
1180.03	385.959
1180.35	390.672
1180.68	392.969
1181	389.523
1181.32	390.887
1181.65	389.616
1181.97	391.26
1182.29	389.165
1182.62	389.466
1182.94	389.3
1183.26	390.431
1183.58	390.276
1183.91	389.422
1184.23	387.882
1184.55	385.747
1184.87	384.141
1185.2	385.527
1185.52	386.732
1185.84	382.663
1186.16	387.328
1186.49	385.399
1186.81	394.562
1187.13	387.123
1187.45	390.456
1187.78	391.265
1188.1	388.368
1188.42	384.515
1188.74	384.221
1189.07	385.111
1189.39	387.836
1189.71	389.611
1190.03	386.774
1190.35	385.491
1190.68	383.499
1191	391.105
1191.32	388.748
1191.64	384.549
1191.97	386.556
1192.29	389.721
1192.61	391.43
1192.93	382.012
1193.25	388.302
1193.58	388.65
1193.9	386.266
1194.22	386.318
1194.54	388.171
1194.86	391.378
1195.19	385.251
1195.51	383.783
1195.83	385.599
1196.15	389.37
1196.47	386.949
1196.8	388.25
1197.12	391.097
1197.44	387.434
1197.76	386.835
1198.08	382.656
1198.41	388.262
1198.73	386.242
1199.05	386.464
1199.37	386.513
1199.69	390.621
1199.96	394
