100.116	344.139
100.491	344.323
100.866	342.903
101.243	346.266
101.618	344.154
101.994	344.328
102.369	343.735
102.744	348.545
103.121	345.029
103.496	345.239
103.871	343.548
104.247	347.338
104.622	344.962
104.997	346.867
105.372	344.359
105.749	346.288
106.124	347.062
106.499	350.108
106.874	349.75
107.249	345.116
107.624	344.898
107.999	350.369
108.374	349.488
108.751	349.403
109.126	344.253
109.5	345.482
109.875	344.798
110.25	341.982
110.625	343.755
111	342.177
111.375	344.818
111.749	346.601
112.124	345.374
112.501	339.418
112.876	347.9
113.25	350.105
113.625	346.286
114	342.726
114.374	348.878
114.749	351.952
115.124	346.447
115.498	347.596
115.873	347.499
116.248	348.736
116.622	347.296
116.997	350.216
117.371	348.828
117.746	344.664
118.12	346.893
118.495	346.508
118.869	347.066
119.244	346.337
119.618	351.093
119.993	348.571
120.367	347.885
120.742	345.261
121.116	347.245
121.49	348.602
121.865	345.502
122.239	346.155
122.614	347.897
122.988	347.319
123.362	351.981
123.737	349.741
124.111	346.882
124.485	345.675
124.859	347.87
125.234	347.31
125.608	347.548
125.982	349.609
126.356	349.987
126.73	347.474
127.105	348.714
127.477	347.735
127.851	346.282
128.225	353.539
128.599	345.06
128.973	344.382
129.347	347.369
129.721	347.38
130.095	345.906
130.469	348.07
130.843	347.571
131.217	351.688
131.589	350.562
131.963	347.311
132.337	346.449
132.711	343.339
133.085	351.764
133.459	346.288
133.833	348.002
134.204	347.141
134.578	346.355
134.952	346.784
135.326	349.986
135.7	347.276
136.074	343.171
136.447	350.973
136.819	348.47
137.193	347.829
137.567	348.645
137.94	344.922
138.314	348.391
138.686	350.756
139.059	350.313
139.433	347.939
139.807	348.272
140.18	343.336
140.552	348.916
140.925	348.14
141.299	344.662
141.673	346.534
142.046	345.79
142.418	349.87
142.791	349.51
143.165	347.678
143.538	351.649
143.91	349.224
144.283	346.418
144.656	347.702
145.03	348.779
145.401	347.155
145.775	342.967
146.148	344.291
146.521	345.62
146.893	349.202
147.266	347.31
147.639	346.03
148.013	346.134
148.384	351.215
148.757	347.364
149.13	345.574
149.502	344.685
149.875	344.517
150.248	349.102
150.619	343.951
150.992	349.315
151.366	350.421
151.739	348.756
152.11	350.112
152.483	347.708
152.856	351.432
153.227	349.894
153.6	349.89
153.973	347.628
154.344	344.912
154.717	350.362
155.088	347.829
155.461	351.023
155.834	346.942
156.205	347.444
156.578	347.786
156.951	345.644
157.322	347.023
157.695	348.676
158.068	348.502
158.439	348.632
158.812	345.036
159.182	350.816
159.555	348.705
159.928	346.666
160.299	344.151
160.672	344.896
161.042	345.141
161.415	349.961
161.786	351.65
162.158	350.498
162.531	347.134
162.902	348.315
163.275	348.848
163.645	349.618
164.018	348.268
164.388	347.189
164.761	347.064
165.132	345.959
165.504	349.003
165.877	348.177
166.247	346.872
166.62	347.727
166.99	350.698
167.363	350.775
167.733	348.754
168.106	347.723
168.476	343.592
168.849	348.873
169.219	345.991
169.592	348.078
169.962	348.663
170.334	347.901
170.705	345.225
171.077	348.208
171.447	348.318
171.82	348.952
172.19	350.103
172.562	349.162
172.932	347.474
173.303	346.263
173.675	350.324
174.045	348.639
174.417	352.07
174.788	345.589
175.16	349.647
175.53	346.649
175.902	345.85
176.272	345.891
176.642	350.074
177.014	348.665
177.384	349.464
177.757	349.203
178.127	347.048
178.497	349.525
178.869	349.076
179.239	349.847
179.611	348.452
179.981	346.075
180.351	351.001
180.723	347.486
181.092	350.379
181.464	352.359
181.834	349.377
182.204	348.178
182.576	349.383
182.946	349.229
183.316	345.558
183.688	344.488
184.057	349.05
184.427	348.351
184.799	351.664
185.169	353.046
185.538	347.374
185.91	345.394
186.28	346.722
186.65	347.238
187.021	345.534
187.391	349.013
187.761	347.283
188.132	347.637
188.502	346.208
188.872	344.667
189.243	346.643
189.613	346.605
189.982	348.252
190.352	348.508
190.723	342.417
191.093	345.249
191.462	346.968
191.834	346.811
192.203	349.573
192.573	349.117
192.942	347.017
193.314	349.336
193.683	346.841
194.053	347.15
194.422	350.177
194.793	354.936
195.163	350.266
195.532	349.792
195.901	345.985
196.273	347.932
196.642	348.95
197.011	347.81
197.381	346.767
197.75	347.086
198.121	345.251
198.49	346.847
198.859	349.752
199.229	350.921
199.598	348.658
199.969	346.02
200.338	347.041
200.707	345.425
201.076	348.324
201.445	348.787
201.815	346.227
202.186	346.342
202.555	348.893
202.924	349.209
203.293	350.563
203.662	351.918
204.031	349.572
204.4	350.376
204.771	351.605
205.14	346.58
205.509	348.801
205.878	351.085
206.246	347.687
206.615	349.849
206.984	346.109
207.353	346.849
207.724	349.59
208.093	347.179
208.462	348.612
208.83	346.977
209.199	344.808
209.568	350.156
209.937	348.797
210.305	346.925
210.674	347.495
211.043	347.242
211.411	347.891
211.78	346.917
212.149	346.646
212.52	350.872
212.888	351.15
213.257	349.514
213.625	344.575
213.994	347.638
214.363	347.885
214.731	347.667
215.1	350.744
215.468	345.77
215.837	348.84
216.205	348.814
216.574	348.836
216.942	350.104
217.311	349.431
217.679	347.814
218.047	345.346
218.416	351.533
218.784	345.957
219.153	348.435
219.521	351.366
219.889	349.269
220.258	348.629
220.626	346.989
220.994	347.155
221.363	346.572
221.731	347.326
222.099	350.131
222.467	349.76
222.834	352.175
223.202	346.245
223.57	345.32
223.938	345.138
224.302	344.343
224.672	343.861
225.04	351.282
225.411	351.629
225.779	350.973
226.149	344.715
226.519	346.57
226.887	355.021
227.257	347.893
227.626	346.083
227.996	348.319
228.366	350.68
228.734	351.804
229.104	350.273
229.472	346.309
229.842	349.572
230.21	348.718
230.58	351.121
230.95	346.686
231.318	349.176
231.688	346.626
232.056	344.87
232.426	346.861
232.793	347.73
233.163	347.495
233.531	349.794
233.901	351.43
234.269	347.357
234.639	349.436
235.006	352.175
235.376	348.871
235.746	345.016
236.114	350.563
236.484	351.072
236.851	347.035
237.221	354.269
237.589	348.333
237.956	347.272
238.326	349.166
238.694	351.893
239.063	346.154
239.431	352.765
239.801	344.697
240.168	349.793
240.538	348.396
240.905	347.001
241.275	346.555
241.642	349.201
242.012	349.541
242.379	349.906
242.747	346.252
243.116	351.009
243.484	350.279
243.853	349.841
244.221	350.337
244.59	350.233
244.957	352.629
245.325	346.785
245.694	352.949
246.062	348.29
246.431	353.089
246.798	347.036
247.165	346.183
247.535	352.945
247.902	351.059
248.271	347.576
248.639	346.706
249.006	352.216
249.375	349.566
249.742	347.143
250.109	353.049
250.479	346.562
250.846	347.799
251.213	347.675
251.582	349.069
251.949	351.654
252.316	346.877
252.685	351.352
253.052	347.914
253.419	347.462
253.789	347.366
254.156	349.684
254.523	349.641
254.892	349.921
255.259	350.851
255.625	351.502
255.994	347.28
256.361	346.027
256.728	343.567
257.097	346.335
257.464	348.455
257.831	349.438
258.198	351.64
258.567	349.528
258.933	348.106
259.3	347.529
259.667	351.053
260.036	355.294
260.403	347.779
260.769	349.535
261.136	343.941
261.505	350.067
261.872	351.867
262.238	354.214
262.605	350.33
262.974	346.143
263.34	348.647
263.707	351.965
264.073	350.54
264.442	347.273
264.809	350.179
265.175	349.412
265.542	351.514
265.908	350.13
266.277	349.105
266.643	350.408
267.01	351.165
267.376	347.199
267.743	345.851
268.109	347.95
268.478	348.065
268.844	344.804
269.211	347.106
269.577	351.083
269.943	354.474
270.31	351.401
270.678	345.134
271.044	347.406
271.411	349.198
271.777	348.551
272.143	350.936
272.51	347.747
272.876	350.572
273.244	350.066
273.61	350.513
273.977	345.466
274.343	346.933
274.709	351.13
275.075	351.776
275.441	350.593
275.807	352.439
276.174	352.109
276.54	349.992
276.908	351.155
277.274	351.441
277.64	346.52
278.006	348.118
278.372	348.666
278.738	349.158
279.104	344.915
279.47	344.607
279.836	351.89
280.202	349.441
280.568	350.222
280.934	353.424
281.3	349.388
281.666	352.181
282.032	350.417
282.397	347.853
282.763	346.755
283.129	351.777
283.495	350.15
283.861	352.358
284.227	352.532
284.592	349.8
284.958	347.204
285.324	348.288
285.69	351.785
286.055	353.617
286.421	350.969
286.787	351.34
287.153	349.572
287.518	350.376
287.884	350.326
288.25	348.68
288.615	349.907
288.981	350.673
289.346	347.666
289.712	347.415
290.078	350.626
290.443	349.875
290.809	354.194
291.174	349.638
291.54	346.029
291.905	349.225
292.271	351.237
292.636	351.552
292.999	352.133
293.365	348.916
293.73	349.965
294.096	349.486
294.461	345.724
294.827	348.869
295.192	348.328
295.557	346.119
295.923	347.955
296.288	350.708
296.651	348.206
297.016	347.62
297.382	347.385
297.747	349.141
298.112	347.837
298.477	349.946
298.843	347.005
299.206	351.018
299.571	345.774
299.936	349.968
300.301	345.918
300.667	348.388
301.032	351.172
301.395	350.537
301.76	351.166
302.125	349.874
302.49	350.411
302.855	350.087
303.22	351.757
303.583	350.372
303.948	345.596
304.313	348.056
304.678	352.239
305.043	351.929
305.406	349.407
305.771	346.636
306.136	345.795
306.501	351.219
306.864	348.999
307.228	353.651
307.593	351.16
307.958	347.596
308.321	347.756
308.686	346.012
309.051	351.293
309.415	346.993
309.778	350.154
310.143	352.65
310.508	348.498
310.872	350.043
311.235	350.262
311.6	350.448
311.965	347.173
312.329	349.082
312.692	348.561
313.056	346.418
313.421	349.897
313.784	349.652
314.148	347.344
314.513	344.859
314.875	347.778
315.24	347.797
315.605	347.284
315.967	348.995
316.332	352.547
316.696	348.847
317.058	347.975
317.423	348.155
317.787	348.535
318.15	348.965
318.514	347.949
318.879	349.86
319.241	350.046
319.605	350.334
319.97	348.747
320.332	348.287
320.697	351.437
321.059	351.295
321.423	349.122
321.787	349.439
322.15	347.477
322.514	350.19
322.878	348.361
323.24	345.655
323.605	345.133
323.967	347.671
324.331	344.297
324.693	344.865
325.057	346.508
325.421	347.557
325.784	351.035
326.148	349.529
326.51	349.924
326.874	350.676
327.236	350.696
327.6	349.719
327.964	350.594
328.326	351.389
328.69	351.981
329.052	349.561
329.416	347.443
329.778	347.885
330.142	349.752
330.504	347.657
330.868	350.456
331.23	348.877
331.594	348.783
331.955	350.45
332.319	345.833
332.681	345.401
333.045	348.737
333.407	353.578
333.771	348.921
334.132	348.758
334.496	350.499
334.858	353.584
335.222	348.496
335.583	350.028
335.947	348.131
336.309	352.002
336.673	350.342
337.034	349.579
337.396	351.039
337.76	350.033
338.121	350.862
338.485	352.89
338.846	345.715
339.21	349.339
339.572	348.126
339.933	348.464
340.297	350.427
340.658	354.311
341.022	348.012
341.383	351.042
341.421	351.472
341.784	351.002
342.148	347.321
342.511	346.792
342.875	350.119
343.238	351.29
343.602	349.395
343.965	345.499
344.328	350.258
344.692	348.235
345.055	345.899
345.421	353.004
345.784	350.379
346.147	350.67
346.511	352.366
346.874	346.119
347.237	345.759
347.601	347.982
347.964	351.47
348.327	349.074
348.691	346.252
349.054	352.299
349.417	348.574
349.78	351.691
350.143	350.408
350.507	354.876
350.87	343.691
351.233	348.578
351.596	348.286
351.959	345.49
352.322	352.051
352.685	349.699
353.049	346.563
353.412	351.237
353.773	349.01
354.136	346.833
354.499	350.662
354.862	347.802
355.225	348.125
355.588	351.037
355.951	350.683
356.314	350.464
356.677	345.933
357.039	345.789
357.402	351.17
357.765	350.563
358.128	350.758
358.491	346.648
358.852	351.969
359.215	345.205
359.578	349.56
359.94	347.365
360.303	351.808
360.666	346.959
361.029	350.675
361.391	350.326
361.754	347.489
362.115	348.126
362.478	351.396
362.84	350.717
363.203	345.871
363.566	348.803
363.928	346.174
364.291	346.891
364.651	346.949
365.014	346.159
365.377	349.176
365.739	352.164
366.102	352.706
366.464	347.752
366.825	351.23
367.187	351.383
367.55	347.052
367.912	349.077
368.275	354.825
368.635	353.914
368.998	352.25
369.36	353.328
369.723	348.165
370.085	350.802
370.445	350.476
370.808	345.536
371.17	349.785
371.533	350.31
371.893	350.138
372.255	351.169
372.617	353.223
372.98	351.969
373.34	352.474
373.702	348.34
374.064	350.661
374.427	348.782
374.787	348.247
375.149	346.971
375.511	348.347
375.873	352.899
376.234	353.358
376.596	354.725
376.958	353.205
377.318	350.414
377.68	352.063
378.042	350.69
378.404	346.368
378.764	351.415
379.126	354.071
379.488	348.43
379.848	353.352
380.21	357.15
380.572	351.789
380.932	350.322
381.294	350.196
381.656	350.025
382.016	350.479
382.378	346.024
382.74	346.659
383.1	350.555
383.462	351.668
383.824	345.152
384.183	346.475
384.545	346.441
384.905	348.244
385.267	348.414
385.629	347.759
385.988	346.239
386.35	352.062
386.712	350.879
387.072	350.739
387.433	346.669
387.793	346.934
388.155	348.35
388.516	350.853
388.876	347.019
389.238	350.268
389.597	347.701
389.959	349.645
390.318	350.401
390.68	351.117
391.042	349.511
391.401	349.546
391.763	353.046
392.122	351.207
392.484	349.481
392.843	356.706
393.205	355.914
393.564	351.705
393.925	348.5
394.285	350.153
394.646	350.765
395.008	351.421
395.367	351.76
395.729	352.921
396.088	348.216
396.449	347.855
396.809	349.037
397.17	347.855
397.529	350.337
397.89	347.088
398.25	349.95
398.611	352.845
398.97	346.399
399.332	345.122
399.691	346.819
400.05	350.735
400.411	347.07
400.77	347.479
401.131	348.168
401.491	349.485
401.852	349.195
402.211	351.231
402.572	351.035
402.931	350.393
403.29	354.325
403.651	356.925
404.01	348.072
404.371	350.331
404.73	351.442
405.091	348.945
405.45	351.067
405.809	352.918
406.17	354.146
406.529	350.022
406.89	348.793
407.249	352.009
407.608	353.414
407.969	348.683
408.328	347.409
408.688	345.644
409.047	347.897
409.406	349.925
409.767	352.957
410.126	352.305
410.485	350.081
410.845	350.392
411.204	352.755
411.563	351.585
411.924	351.002
412.282	349.89
412.641	351.324
413.002	353.026
413.36	355.233
413.719	355.63
414.08	351.626
414.438	351.877
414.797	354.044
415.158	357.367
415.516	358.775
415.875	360.299
416.235	363.49
416.594	370.424
416.952	375.29
417.311	379.128
417.671	379.125
418.03	378.541
418.388	380.611
418.749	376.37
419.107	373.572
419.466	369.407
419.824	360.799
420.184	358.924
420.543	352.799
420.901	353.304
421.26	353.242
421.62	350.891
421.978	353.623
422.337	353.779
422.695	349.77
423.053	351.077
423.413	351.726
423.772	351.156
424.13	351.999
424.488	354.045
424.846	348.296
425.207	353.62
425.565	352.13
425.923	352.949
426.281	355.919
426.639	354.543
426.999	348.692
427.357	354.332
427.716	352.402
428.074	351.676
428.432	355.466
428.79	349.031
429.15	355.805
429.508	356.077
429.866	353.04
430.224	358.763
430.582	356.358
430.94	358.111
431.298	357.418
431.658	352.64
432.016	350.173
432.374	354.108
432.732	351.884
433.089	354.788
433.447	351.433
433.805	349.753
434.163	353.712
434.523	354.401
434.881	351.223
435.238	354.158
435.596	350.126
435.954	351.585
436.312	351.428
436.67	351.355
437.027	354.634
437.385	351.183
437.743	349.489
438.1	351.254
438.458	350.634
438.816	350.382
439.173	351.308
439.531	354.088
439.891	354.982
440.248	354.087
440.606	351.902
440.963	351.744
441.321	354.673
441.679	350.981
442.036	349.577
442.394	346.618
442.751	349.679
443.109	352.368
443.466	350.687
443.824	351.305
444.181	353.504
444.538	353.098
444.896	352.447
445.253	348.109
445.611	351.828
445.968	348.182
446.325	349.499
446.683	353.583
447.04	352.773
447.397	354.382
447.753	354.639
448.11	355.565
448.467	354.863
448.825	355.829
449.182	358.041
449.539	357.596
449.896	355.095
450.253	352.906
450.611	354.785
450.968	354.288
451.325	351.723
451.682	352.782
452.039	351.665
452.396	350.989
452.752	350.348
453.109	354.593
453.466	350.409
453.823	350.518
454.18	351.601
454.211	351.689
454.568	351.925
454.927	351.675
455.286	349.662
455.643	351.844
456.002	352.144
456.359	353.897
456.718	350.733
457.075	354.901
457.434	349.779
457.791	351.752
458.15	353.925
458.509	350.696
458.866	351.479
459.224	350.986
459.581	351.67
459.94	348.37
460.297	352.688
460.656	353.624
461.013	350.249
461.372	348.69
461.728	348.098
462.087	350.922
462.444	350.383
462.803	350.493
463.159	345
463.518	351.552
463.875	348.244
464.233	350.906
464.59	354.605
464.949	352.816
465.305	354.911
465.664	349.965
466.021	350.901
466.377	346.716
466.736	346.276
467.092	346.867
467.451	351.373
467.808	350.604
468.166	347.802
468.523	350.845
468.881	348.792
469.238	350.003
469.594	348.756
469.953	349.677
470.309	353.593
470.668	347.062
471.024	346.367
471.38	351.694
471.739	352.535
472.095	348.489
472.454	352.807
472.81	349.373
473.166	347.878
473.525	345.201
473.881	346.83
474.237	351.879
474.595	352.853
474.952	347.448
475.31	347.342
475.666	349.112
476.022	349.901
476.381	349.599
476.737	344.503
477.093	352.82
477.451	349.829
477.807	347.251
478.163	351.155
478.522	350.296
478.878	353.883
479.234	353.651
479.592	351.297
479.948	346.824
480.304	352.341
480.662	354.671
481.018	349.958
481.374	350.575
481.73	350.926
482.088	352.435
482.444	351.334
482.8	351.57
483.158	349.792
483.514	350.257
483.87	349.14
484.226	351.627
484.584	351.81
484.94	350.64
485.295	348.547
485.651	348.353
486.009	350.732
486.365	348.049
486.721	348.229
487.077	350.777
487.434	348.744
487.79	349.332
488.146	353.321
488.502	348.332
488.857	347.36
489.215	347.171
489.571	349.191
489.926	355.68
490.282	355.315
490.638	351.532
490.995	349.783
491.351	349.658
491.707	352.326
492.062	353.132
492.418	351.749
492.775	350.521
493.131	350.195
493.486	348
493.842	347.827
494.197	349.555
494.553	352.854
494.908	352.862
495.266	350.801
495.621	348.863
495.977	350.899
496.332	351.419
496.688	348.205
497.043	347.671
497.398	347.846
497.756	349.57
498.111	347.78
498.466	350.788
498.822	350.757
499.177	349.021
499.532	348.115
499.888	342.093
500.243	348.856
500.598	352.91
500.953	347.78
501.311	349.092
501.666	349.658
502.021	353.13
502.376	350.717
502.732	348.596
503.087	348.616
503.442	346.462
503.797	346.137
504.152	347.226
504.507	352.014
504.862	351.777
505.217	350.97
505.572	355.135
505.927	350.63
506.282	350.121
506.638	352.22
506.993	354.271
507.348	354.433
507.702	353.044
508.057	351.96
508.412	348.102
508.767	350.281
509.122	351.536
509.477	348.225
509.832	348.717
510.187	353.454
510.542	346.109
510.897	348.972
511.252	349.787
511.606	353.568
511.961	351.815
512.316	351.665
512.671	352.83
513.026	349.16
513.38	351.535
513.735	351.115
514.09	353.495
514.445	350.058
514.799	350.329
515.154	354.776
515.509	351.628
515.863	352.27
516.216	350.172
516.57	354.397
516.925	348.193
517.28	350.101
517.634	354.641
517.989	353.21
518.343	345.345
518.698	354.813
519.053	353.456
519.407	352.81
519.76	350.93
520.114	355.011
520.469	348.332
520.823	346.95
521.177	351.558
521.532	352.503
521.886	348.327
522.239	355.523
522.593	350.219
522.948	351.45
523.302	354.49
523.656	348.501
524.011	352.74
524.365	351.68
524.717	352.356
525.072	352.479
525.426	350.659
525.78	355.253
526.134	349.712
526.487	349.742
526.841	347.839
527.195	346.717
527.549	347.448
527.903	351.826
528.256	354.561
528.61	356.882
528.964	350.387
529.318	355.059
529.672	348.88
530.024	351.901
530.378	351.408
530.732	348.313
531.086	351.764
531.439	353.441
531.793	353.713
532.147	352.755
532.501	345.926
532.853	348.732
533.207	352.238
533.561	351.348
533.912	353.893
534.266	350.807
534.62	350.578
534.974	351.74
535.326	351.345
535.68	350.697
536.034	351.232
536.386	352.652
536.74	352.815
537.094	353.773
537.447	352.415
537.799	349.825
538.153	347.966
538.507	348.884
538.858	348.167
539.212	353.319
539.566	352.348
539.918	352.787
540.271	353.28
540.625	348.55
540.977	351.177
541.33	356.172
541.682	351.399
542.036	348.278
542.389	348.084
542.741	349.572
543.094	353.827
543.448	346.784
543.8	348.94
544.153	351.39
544.505	352.197
544.858	351.923
545.212	350.16
545.563	349.408
545.917	353.81
546.268	351.591
546.622	352.276
546.975	351.73
547.327	353.982
547.68	349.07
548.031	350.152
548.385	351.093
548.738	350.442
549.089	348.917
549.443	354.005
549.794	350.088
550.147	351.978
550.499	350.412
550.852	349.028
551.203	351.535
551.557	351.812
551.908	346.487
552.261	353.071
552.612	349.642
552.966	350.614
553.317	348.718
553.67	353.06
554.021	353.758
554.374	351.41
554.725	352.911
555.078	349.926
555.43	351.244
555.783	354.132
556.134	351.187
556.487	351.019
556.838	354.202
557.191	351.052
557.542	354.491
557.895	352.18
558.246	351.335
558.599	350.991
558.95	351.385
559.303	354.822
559.654	350.131
560.005	352.212
560.358	350.87
560.709	352.328
561.062	348.212
561.412	353.257
561.765	351.175
562.116	348.482
562.467	351.299
562.82	351.743
563.171	352.491
563.523	351.525
563.874	351.1
564.225	352.616
564.578	353.559
564.929	350.32
565.281	352.204
565.632	349.089
565.983	349.328
566.335	351.735
566.686	351.713
567.037	349.891
567.389	350.035
567.74	348.636
567.924	351.472
568.277	353.517
568.63	355.004
568.982	352.655
569.335	354.659
569.687	355.85
570.04	349.674
570.393	353.038
570.745	355.241
571.098	355.663
571.45	357.858
571.803	353.623
572.155	350.762
572.508	354.422
572.86	350.733
573.212	351.753
573.565	354.642
573.917	349.366
574.27	356.086
574.622	355.078
574.974	356.068
575.327	356.59
575.679	350.574
576.031	354.729
576.384	358.961
576.736	353.892
577.088	364.09
577.441	365.16
577.793	361.783
578.145	361.094
578.497	359.723
578.85	359.335
579.202	360.123
579.554	359.506
579.906	355.56
580.256	350.023
580.609	350.233
580.961	352.051
581.313	348.872
581.665	348.86
582.017	352.326
582.369	354.975
582.721	355.01
583.073	349.366
583.425	347.547
583.775	348.577
584.127	349.479
584.479	349.521
584.831	351.761
585.183	350.763
585.535	348.397
585.887	354.75
586.237	351.86
586.589	353.565
586.941	352.351
587.293	352.978
587.645	350.05
587.997	350.18
588.346	350.245
588.698	351.544
589.05	352.676
589.402	349.684
589.754	353.285
590.106	351.467
590.455	349.951
590.807	355.195
591.159	351.187
591.51	349.353
591.862	349.528
592.212	351.264
592.564	347.812
592.915	352.609
593.267	351.756
593.617	355.239
593.968	351.66
594.32	352.154
594.671	354.348
595.023	352.84
595.373	349.819
595.724	354.987
596.076	353.211
596.425	354.957
596.777	351.868
597.128	349.795
597.48	352.326
597.829	352.955
598.181	352.616
598.532	353.948
598.884	355.485
599.233	356.785
599.585	356.057
599.936	352.984
600.285	345.703
600.637	347.476
600.988	352.48
601.337	352.529
601.689	351.507
602.04	344.791
602.389	352.277
602.741	352.529
603.092	352.037
603.441	351.502
603.792	347.788
604.144	347.159
604.493	352.716
604.844	353.105
605.195	355.32
605.544	350.113
605.896	348.3
606.247	347.354
606.596	349.844
606.947	352.608
607.298	355.091
607.647	353.167
607.998	350.907
608.347	352.354
608.699	349.672
609.05	354.669
609.399	356.381
609.75	357.582
610.099	358.061
610.45	350.166
610.801	354.601
611.15	353.567
611.501	352.553
611.849	358.151
612.2	355.003
612.549	354.035
612.9	352.511
613.251	348.946
613.6	348.968
613.951	355.799
614.3	354.804
614.651	350.767
614.999	349.053
615.35	353.303
615.699	359.757
616.05	354.64
616.398	356.259
616.749	351.343
617.098	355.74
617.449	352.529
617.797	350.013
618.148	351.878
618.497	353.009
618.847	348.966
619.196	350.078
619.547	352.69
619.895	353.368
620.246	350.441
620.595	350.635
620.945	349.964
621.294	352.846
621.644	352.859
621.993	352.049
622.343	355.863
622.692	353.83
623.042	353.865
623.391	355.818
623.739	351.276
624.09	349.843
624.438	352.318
624.789	350.798
625.137	351.774
625.488	351
625.836	350.49
626.184	355.048
626.535	352.158
626.883	352.239
627.233	352.767
627.582	353.195
627.93	351.216
628.28	351.565
628.629	347.957
628.979	348.544
629.327	350.599
629.676	353.619
630.026	356.196
630.374	357.723
630.722	352.691
631.072	350.258
631.421	352.552
631.769	351.913
632.119	353.005
632.467	352.33
632.817	350.242
633.165	352.665
633.513	352.712
633.863	353.449
634.212	349.683
634.56	348.515
634.908	351.21
635.258	351.122
635.606	353.714
635.954	351.805
636.304	353.059
636.652	351.376
637	352.857
637.35	352.6
637.698	351.682
638.046	352.436
638.393	349.691
638.743	347.365
639.091	351.845
639.439	351.261
639.787	349.056
640.137	353.109
640.485	358.229
640.832	354.012
641.182	350.902
641.53	351.52
641.878	352.402
642.226	351.585
642.573	354.7
642.923	347.53
643.271	351.951
643.619	351.243
643.966	349.015
644.316	354.551
644.664	352.444
645.011	350.967
645.359	352.737
645.707	351.117
646.056	352.486
646.404	355.247
646.751	351.437
647.099	351.835
647.447	350.907
647.794	349.706
648.144	354.445
648.491	349.347
648.839	350.419
649.186	354.234
649.534	352.225
649.881	349.346
650.231	348.469
650.578	347.371
650.925	350.24
651.273	353.726
651.62	350.393
651.968	348.621
652.315	346.716
652.662	351.211
653.012	354.402
653.359	353.965
653.706	351.136
654.054	353.033
654.401	353.176
654.748	352.359
655.096	352.882
655.443	350.668
655.79	351.352
656.137	347.333
656.487	348.982
656.834	352.251
657.181	351.784
657.528	352.149
657.875	353.291
658.222	349.546
658.57	354.182
658.917	353.249
659.264	351.997
659.611	351.859
659.958	351.215
660.305	352.167
660.652	352.015
660.999	346.931
661.346	351.544
661.693	351.152
662.04	352.193
662.387	352.316
662.734	352.534
663.081	351.406
663.428	351.067
663.775	348.971
664.122	353.689
664.469	351.823
664.816	348.542
665.163	351.646
665.51	357.15
665.856	348.639
666.203	348.168
666.55	349.491
666.897	351.993
667.244	353.589
667.591	354.164
667.937	356.014
668.284	354.802
668.631	351.837
668.978	353.392
669.324	351.883
669.671	352.113
670.016	353.437
670.362	351.564
670.709	354.64
671.056	356.196
671.402	349.408
671.749	354.74
672.096	351.36
672.442	352.112
672.789	355.306
673.135	349.47
673.48	355.855
673.827	352.372
674.173	354.434
674.52	352.024
674.866	351.12
675.213	352.215
675.559	351.743
675.906	345.936
676.25	348.504
676.597	355.108
676.943	354.874
677.289	350.274
677.636	353.095
677.982	351.761
678.327	352.095
678.673	346.624
679.019	349.395
679.322	353.496
679.668	353.21
680.016	349.223
680.363	350.12
680.711	351.687
681.057	353.444
681.405	347.886
681.752	348.643
682.1	351.739
682.448	356.223
682.794	353.251
683.141	349.883
683.489	349.784
683.835	349.217
684.183	350.984
684.529	347.943
684.877	349.439
685.223	352.125
685.572	349.493
685.918	350.366
686.266	351.817
686.612	350.838
686.96	352.553
687.306	352.163
687.654	353.32
688	355.001
688.346	354.743
688.694	355.401
689.04	354.122
689.388	352.322
689.734	353.816
690.082	352.63
690.428	353.817
690.774	349.753
691.121	351.798
691.467	348.486
691.815	353.008
692.161	351.172
692.507	354.472
692.855	352.577
693.201	348.437
693.548	351.871
693.894	355.585
694.24	354.827
694.588	353.666
694.933	350.537
695.279	349.138
695.627	352.897
695.973	352.19
696.318	350.267
696.666	351.562
697.012	354.69
697.357	353.281
697.705	353.036
698.051	350.36
698.396	352.928
698.744	356.931
699.089	356.127
699.435	357.709
699.782	352.985
700.128	352.629
700.474	355.678
700.821	349.156
701.167	348.43
701.512	350.969
701.86	356.333
702.205	354.587
702.55	353.976
702.896	353.552
703.243	353.674
703.589	351.894
703.934	354.262
704.28	351.886
704.627	351.592
704.972	356.439
705.318	353.037
705.663	352.267
706.01	355.559
706.356	350.997
706.701	351.078
707.046	356.373
707.393	350.338
707.739	353.258
708.084	352.736
708.429	348.258
708.774	353.587
709.122	358.427
709.467	349.668
709.812	354.789
710.157	350.945
710.502	351.794
710.849	352.011
711.195	350.237
711.54	353.142
711.885	350.37
712.23	354.52
712.577	352.934
712.922	350.403
713.267	350.827
713.612	354.312
713.957	348.634
714.302	353.719
714.647	352.852
714.994	351.087
715.339	355.763
715.684	356.277
716.029	351.534
716.374	353.224
716.719	351.802
717.064	350.989
717.409	354.595
717.755	349.154
718.1	350.973
718.445	351.414
718.79	352.506
719.135	351.684
719.48	351.564
719.824	350.228
720.169	351.311
720.514	349.649
720.859	352.238
721.204	349.14
721.55	356.705
721.895	351.832
722.24	352.002
722.584	351.944
722.929	350.399
723.274	349.716
723.618	352.89
723.963	350.525
724.308	347.921
724.652	348.726
724.997	351.176
725.341	353.427
725.686	351.061
726.031	350.28
726.375	352.649
726.72	349.116
727.064	351.386
727.409	352.829
727.753	354.514
728.098	352.055
728.442	353.403
728.787	354.153
729.131	353.493
729.475	350.431
729.82	352.611
730.164	351.937
730.509	352.705
730.853	352.568
731.197	351.385
731.542	350.629
731.886	353.858
732.23	351.499
732.575	349.69
732.919	350.764
733.263	349.252
733.606	354.201
733.95	352.484
734.294	354.232
734.638	355.476
734.983	351.529
735.327	349.14
735.671	354.897
736.015	358.11
736.359	356.943
736.703	350.42
737.048	353.674
737.39	355.653
737.734	350.863
738.078	351.459
738.422	353.355
738.766	354.312
739.11	356.179
739.454	359.146
739.798	354.913
740.14	353.422
740.484	351.157
740.828	354.688
741.172	352.926
741.516	354.852
741.86	353.85
742.204	355.157
742.546	355.415
742.89	354.367
743.234	356.248
743.578	356.523
743.922	359.257
744.264	361.89
744.607	360.971
744.951	359.166
745.295	358.269
745.639	359.46
745.981	362.708
746.325	364.308
746.668	365.059
747.012	360.118
747.356	359.7
747.698	356.41
748.041	360.923
748.385	362.702
748.729	365.832
749.07	362.047
749.414	363.977
749.758	368.175
750.101	367.314
750.443	368.62
750.787	368.893
751.13	366.76
751.474	363.507
751.815	368.222
752.159	373.138
752.503	366.909
752.844	365.309
753.188	366.313
753.531	365.165
753.875	361.814
754.216	366.836
754.56	363.121
754.903	360.768
755.245	359.027
755.588	362.034
755.931	359.929
756.273	357.308
756.616	358.601
756.96	358.877
757.301	358.785
757.644	359.734
757.988	360.735
758.329	356.611
758.672	356.063
759.016	356.216
759.357	353.299
759.7	353.525
760.043	353.177
760.385	356.693
760.728	353.345
761.069	351.951
761.412	355.673
761.756	353.952
762.097	354.358
762.44	351.223
762.783	354.051
763.124	354.95
763.467	350.511
763.809	352.003
764.152	352.356
764.493	357.354
764.836	353.015
765.179	352.592
765.52	351.275
765.863	349.469
766.204	352.807
766.547	354.638
766.888	350.438
767.231	352.67
767.574	360.353
767.915	353.742
768.258	351.373
768.599	348.233
768.942	349.757
769.283	349.145
769.626	353.875
769.967	353.629
770.31	351.171
770.65	354.494
770.993	354.69
771.334	354.057
771.677	351.607
772.018	351.35
772.361	349.799
772.701	351.77
773.044	359.678
773.385	353.131
773.728	351.587
774.068	352.917
774.411	353.302
774.752	352.968
775.095	352.67
775.435	351.494
775.778	349.531
776.119	348.453
776.459	353.771
776.802	352.634
777.142	351.504
777.485	347.212
777.826	350.227
778.168	354.992
778.509	358.004
778.849	350.193
779.192	346.791
779.532	348.44
779.875	351.812
780.216	355.076
780.556	351.799
780.898	353.475
781.239	355.124
781.581	356.072
781.922	355.04
782.262	351.867
782.605	352.398
782.945	352.459
783.288	353.811
783.628	355.106
783.968	356.116
784.311	355.705
784.651	352.162
784.991	351.412
785.334	354.093
785.674	354.134
786.014	351.517
786.356	350.794
786.697	351.661
787.037	355.042
787.379	353.863
787.719	347.723
788.06	349.422
788.402	351.676
788.742	352.181
789.082	348.955
789.422	350.529
789.765	352.949
790.105	355.452
790.445	351.516
790.787	351.968
791.127	352.814
791.432	350.15
791.774	351.807
792.116	350.293
792.458	352.597
792.8	353.097
793.142	353.072
793.484	350.611
793.826	346.772
794.168	345.523
794.51	355.233
794.85	350.875
795.191	351.066
795.533	348.809
795.875	352.041
796.217	354.958
796.559	349.51
796.901	356.152
797.243	349.172
797.585	354.105
797.926	355.77
798.268	355.308
798.61	352.239
798.952	350.545
799.292	348.254
799.633	352.545
799.975	356.347
800.317	354.454
800.659	352.242
801	353.431
801.342	347.654
801.684	355.913
802.023	349.874
802.365	349.9
802.707	350.797
803.048	355.508
803.39	353.706
803.732	350.389
804.073	355.703
804.413	353.009
804.754	354.07
805.096	351.243
805.437	351.741
805.779	350.848
806.12	351.028
806.46	348.928
806.801	352.696
807.143	347.781
807.484	351.399
807.826	350.503
808.165	345.052
808.507	346.28
808.848	352.03
809.189	352.647
809.531	348.864
809.87	353.994
810.212	348.819
810.553	350.765
810.894	354.835
811.234	351.6
811.575	350.35
811.916	351.735
812.257	349.653
812.597	352.288
812.938	351.245
813.279	351.095
813.62	355.366
813.96	356.944
814.301	353.443
814.642	347.236
814.983	347.745
815.323	348.274
815.664	353.526
816.005	353.532
816.344	352.104
816.685	354.711
817.026	352.503
817.365	350.618
817.706	352.308
818.047	356.378
818.388	352.705
818.727	350.045
819.068	351.964
819.41	350.285
819.749	350.757
820.09	352.533
820.43	352.475
820.769	354.185
821.11	352.573
821.451	355.33
821.79	352.67
822.131	351.463
822.47	351.576
822.811	349.193
823.152	349.958
823.491	353.356
823.832	353.394
824.172	350.127
824.511	347.31
824.852	350.37
825.191	349.542
825.532	349.997
825.872	351.187
826.211	352.039
826.552	354.687
826.891	351.687
827.231	348.649
827.57	353.526
827.911	351.859
828.251	350.516
828.59	351.492
828.931	350.056
829.269	348.103
829.61	348.795
829.949	347.589
830.289	353.743
830.628	350.845
830.969	349.652
831.309	352.272
831.648	352.235
831.988	349.266
832.327	354.086
832.667	349.266
833.006	351.738
833.346	353.494
833.685	351.955
834.025	351.634
834.364	347.727
834.704	352.234
835.043	348.888
835.383	351.757
835.721	352.584
836.062	349.249
836.4	351.295
836.74	345.838
837.079	353.959
837.419	351.258
837.758	356.535
838.096	353.634
838.436	355.385
838.774	353.6
839.115	350.015
839.453	352.974
839.793	351.39
840.131	349.861
840.472	346.527
840.81	350.487
841.148	352.071
841.488	350.314
841.826	350.231
842.167	351.329
842.505	342.776
842.843	351.234
843.183	349.745
843.521	349.137
843.861	354.408
844.199	348.924
844.537	349.708
844.878	353.216
845.216	353.41
845.556	349.218
845.894	350.854
846.232	351.641
846.572	352.462
846.91	350.99
847.248	348.484
847.588	351.229
847.926	351.889
848.263	346.018
848.603	351.1
848.941	352.686
849.279	351.388
849.619	352.16
849.957	351.161
850.295	354.122
850.635	351.096
850.972	350.945
851.31	350.965
851.65	351.811
851.988	348.706
852.326	348.568
852.664	350.672
853.003	350.934
853.341	354.762
853.679	351.278
854.018	349.051
854.356	352.225
854.694	349.764
855.032	346.337
855.371	350.972
855.709	351.472
856.047	349.239
856.384	352.053
856.724	351.854
857.061	351.839
857.399	352.949
857.737	347.066
858.076	349.285
858.414	346.67
858.751	344.786
859.089	349.525
859.426	349.419
859.766	348.39
860.103	348.251
860.441	351.065
860.778	352.731
861.116	352.057
861.455	345.771
861.793	351.473
862.13	352.214
862.467	352.733
862.805	352.312
863.142	354.309
863.482	355.537
863.819	357.15
864.156	350.039
864.494	352.363
864.831	351.217
865.168	348.169
865.507	353.465
865.845	349.152
866.182	352.67
866.519	353.933
866.857	350.128
867.194	349.168
867.531	349.047
867.868	348.049
868.207	351.168
868.545	349.03
868.882	348.15
869.219	350.428
869.556	354.092
869.893	350.748
870.23	347.39
870.567	350.801
870.904	352.108
871.242	349.522
871.579	351.35
871.916	352.491
872.255	350.805
872.592	348.276
872.929	351.714
873.266	352.041
873.603	350.373
873.94	351.829
874.277	353.304
874.614	352.34
874.951	348.557
875.288	350.324
875.624	349.194
875.961	352.132
876.298	349.972
876.635	353.095
876.972	351.275
877.309	349.409
877.646	354.464
877.983	350.901
878.319	346.22
878.656	350.723
878.993	352.63
879.33	348.616
879.667	351.129
880.003	347.388
880.34	352.036
880.677	349.868
881.013	350.745
881.35	351.798
881.687	350.618
882.023	348.68
882.36	350.38
882.697	352.904
883.031	353.54
883.368	351.357
883.705	351.627
884.041	354.068
884.378	348.851
884.715	351.608
885.051	352.602
885.388	355.44
885.724	355.427
886.061	347.063
886.397	354.376
886.734	351.116
887.068	350.455
887.405	349.416
887.741	350.537
888.078	354.167
888.414	348.554
888.75	349.479
889.087	347.738
889.423	344.466
889.758	345.766
890.094	350.005
890.43	351.121
890.767	353.053
891.103	350.146
891.44	353.066
891.774	348.939
892.11	348.01
892.446	350.263
892.783	351.006
893.119	350.52
893.455	349.614
893.789	351.168
894.126	354.377
894.462	350.679
894.798	348.233
895.134	350.336
895.469	355.516
895.805	351.657
896.141	347.002
896.477	347.929
896.813	350.8
897.147	352.818
897.483	350.684
897.819	350.447
898.156	351.326
898.49	350.479
898.826	349.335
899.162	351.044
899.498	353.757
899.832	351.207
900.168	350.357
900.275	350.902
900.611	348.712
900.949	352.965
901.285	351.89
901.623	355.481
901.959	353.81
902.295	349.308
902.633	352.284
902.969	355.367
903.306	354.418
903.642	351.849
903.98	350.808
904.316	348.573
904.652	348.966
904.99	353.693
905.325	350.711
905.663	347.761
905.999	351.086
906.335	350.994
906.672	350.458
907.008	351.642
907.344	346.718
907.681	349.333
908.017	349.142
908.355	352.818
908.69	351.164
909.026	354.885
909.364	353.414
909.699	351.699
910.035	345.183
910.372	345.606
910.708	352.003
911.044	352.521
911.381	353.53
911.717	356.619
912.052	355.031
912.39	351.406
912.725	351.977
913.061	349.908
913.396	351.731
913.734	351.198
914.069	349.211
914.405	350.601
914.742	356.249
915.078	355.282
915.413	352.037
915.748	352.889
916.086	353.403
916.421	352.86
916.757	351.66
917.094	354.707
917.429	355.038
917.765	351.674
918.1	349.089
918.437	351.621
918.772	349.628
919.108	350.118
919.443	350.682
919.778	350.428
920.115	352.172
920.451	351.563
920.786	350.702
921.121	353.553
921.458	352.318
921.793	348.726
922.129	348.612
922.464	345.931
922.799	351.086
923.136	352.804
923.471	352.894
923.806	355.323
924.141	355.225
924.476	352.042
924.811	349.915
925.148	348.361
925.484	350.217
925.819	345.792
926.154	346.086
926.489	348.69
926.824	354.279
927.159	349.582
927.495	348.437
927.83	348.654
928.165	349.234
928.5	350.081
928.835	351.714
929.17	347.336
929.505	353.644
929.84	352.617
930.177	350.116
930.512	347.676
930.846	344.152
931.181	348.024
931.516	349.294
931.851	353.878
932.186	349.375
932.52	351.229
932.855	348.127
933.19	353.317
933.525	352.539
933.861	352.404
934.196	349.926
934.531	352.963
934.866	355.455
935.2	349.82
935.535	348.63
935.87	345.52
936.204	348.637
936.539	352.724
936.873	351.939
937.208	347.506
937.543	344.988
937.877	343.039
938.212	343.441
938.546	351.323
938.881	352.339
939.215	349.56
939.55	352.547
939.884	350.953
940.219	351.066
940.553	348.979
940.888	344.768
941.222	350.495
941.557	352.669
941.891	349.759
942.226	351.409
942.56	351.287
942.894	349.741
943.229	347.896
943.563	348.209
943.898	348.958
944.232	351.76
944.566	351.71
944.899	349.845
945.233	347.131
945.567	351.48
945.901	350.546
946.236	349.662
946.57	353.742
946.904	352.464
947.238	351.978
947.573	351.315
947.907	348.027
948.241	351.567
948.575	351.272
948.907	351.129
949.242	350.107
949.576	348.376
949.91	351.409
950.244	346.449
950.578	347.528
950.912	348.695
951.246	346.991
951.578	351.787
951.912	349.263
952.247	350.394
952.581	348.191
952.915	348.702
953.249	350.893
953.581	348.926
953.915	353.682
954.249	348.917
954.583	349.681
954.916	351.484
955.25	347.937
955.582	352.583
955.916	347.31
956.25	344.941
956.584	349.755
956.918	351.673
957.25	348.915
957.584	349.718
957.917	346.591
958.251	349.06
958.585	352.126
958.917	352.428
959.251	354.896
959.585	348.321
959.918	350.197
960.25	348.319
960.584	348.133
960.918	351.028
961.251	348.029
961.583	348.773
961.917	350.791
962.25	347.356
962.584	349.164
962.916	352.347
963.249	350.991
963.583	347.76
963.915	345.879
964.248	348.319
964.582	348.882
964.915	349.776
965.247	351.826
965.581	348.966
965.914	350.743
966.246	350.386
966.579	350.639
966.913	348.714
967.244	350.709
967.578	350.938
967.911	346.743
968.243	351.31
968.576	355.192
968.909	352.439
969.241	348.327
969.574	349.52
969.908	352.608
970.239	349.453
970.573	351.032
970.904	353.388
971.237	350.793
971.571	352.805
971.902	349.629
972.235	351.039
972.568	352.069
972.9	351.929
973.233	350.832
973.564	352.546
973.898	348.239
974.231	355.517
974.562	350.316
974.895	350.408
975.227	353.209
975.56	356.791
975.891	349.917
976.224	354.597
976.557	356.614
976.888	354.636
977.221	347.467
977.553	345.944
977.886	346.807
978.217	348.319
978.55	348.379
978.881	349.666
979.214	352.712
979.547	348.294
979.878	347.95
980.211	352.047
980.542	353.222
980.875	352.368
981.206	347.075
981.539	349.966
981.87	352.203
982.203	350.117
982.534	349.011
982.867	350.26
983.198	350.773
983.531	350.243
983.862	349.083
984.195	353.463
984.525	351.475
984.856	350.04
985.189	349.548
985.52	351.523
985.853	352.249
986.184	350.289
986.516	351.668
986.847	352.211
987.18	348.94
987.511	352.349
987.841	352.968
988.174	349.066
988.505	349.938
988.838	350.566
989.168	347.118
989.501	350.796
989.832	352.898
990.162	347.987
990.495	356.4
990.826	352.614
991.158	347.845
991.489	348.317
991.82	349.369
992.152	348.766
992.483	351.543
992.813	349.007
993.146	351.23
993.476	350.414
993.809	350.761
994.139	348.078
994.47	348.833
994.802	345.213
995.133	349.106
995.463	353.336
995.796	352.57
996.126	347.692
996.457	346.372
996.789	351
997.12	350.484
997.45	348.482
997.782	351.278
998.113	351.447
998.443	351.092
998.773	348.867
999.106	348.682
999.436	350.642
999.766	348.236
1000.1	349.425
1000.43	348.685
1000.76	349.546
1001.09	350.616
1001.42	351.292
1001.75	352.048
1002.08	353.072
1002.41	351.077
1002.74	349.401
1003.07	353.03
1003.41	353.451
1003.74	352.286
1004.07	354.01
1004.4	353.844
1004.73	354.912
1005.06	354.321
1005.39	352.013
1005.72	350.193
1006.05	350.026
1006.38	350.686
1006.71	350.913
1007.04	353.369
1007.37	352.628
1007.7	354.011
1007.83	350.443
1008.16	351.588
1008.49	351.698
1008.82	353.551
1009.15	349.229
1009.49	348.694
1009.82	351.985
1010.15	353.912
1010.48	353.59
1010.81	351.993
1011.14	353.179
1011.47	353.385
1011.81	349.249
1012.14	351.108
1012.47	349.641
1012.8	348.672
1013.13	354.032
1013.46	353.932
1013.8	351.985
1014.13	350.043
1014.46	351.092
1014.79	353.5
1015.12	349.289
1015.45	349.174
1015.78	349.591
1016.12	350.706
1016.45	349.101
1016.78	351.881
1017.11	350.072
1017.44	352.74
1017.77	349.339
1018.1	349.798
1018.43	352.971
1018.76	350.32
1019.1	346.828
1019.43	346.867
1019.76	350.45
1020.09	351.062
1020.42	351.019
1020.75	353.194
1021.08	354.023
1021.41	352.488
1021.74	352.636
1022.08	349.748
1022.41	347.088
1022.74	352.018
1023.07	351.621
1023.4	355.053
1023.73	351.096
1024.06	350.646
1024.39	352.727
1024.72	349.688
1025.05	348.038
1025.38	349.809
1025.71	352.35
1026.05	353.287
1026.37	352.839
1026.71	353.495
1027.04	353.445
1027.37	351.472
1027.7	349.919
1028.03	347.818
1028.36	347.621
1028.69	348.44
1029.02	347.555
1029.35	352.293
1029.68	351.871
1030.01	350.347
1030.34	349.816
1030.67	351.309
1031	351.612
1031.33	349.19
1031.66	351.642
1031.99	352.603
1032.32	351.759
1032.66	350.004
1032.98	350.681
1033.32	351.44
1033.65	349.18
1033.98	351.519
1034.31	349.138
1034.64	351.822
1034.97	348.227
1035.3	350.459
1035.63	350.6
1035.96	352.649
1036.29	346.017
1036.62	347.768
1036.95	343.408
1037.28	349.525
1037.61	351.154
1037.94	349.459
1038.27	349.523
1038.6	349.509
1038.93	349.162
1039.26	354.068
1039.59	349.476
1039.92	348.1
1040.25	347.263
1040.58	349.163
1040.91	355.112
1041.23	350.753
1041.57	347.202
1041.9	348.571
1042.22	348.605
1042.56	350.113
1042.88	354.484
1043.21	356.347
1043.54	349.085
1043.87	348.518
1044.2	349.307
1044.53	348.77
1044.86	351.15
1045.19	350.881
1045.52	353.123
1045.85	350.424
1046.18	350.664
1046.51	351.556
1046.84	349.786
1047.17	350.19
1047.5	351.478
1047.83	351.118
1048.16	349.5
1048.49	347.753
1048.81	348.79
1049.15	350.775
1049.47	352.423
1049.8	356.005
1050.13	351.287
1050.46	351.215
1050.79	354.868
1051.12	351.521
1051.45	349.684
1051.78	347.359
1052.11	349.423
1052.44	348.318
1052.77	351.208
1053.1	347.209
1053.42	350.224
1053.75	346.077
1054.08	349.544
1054.41	351.535
1054.74	347.75
1055.07	348.297
1055.4	350.047
1055.73	348.591
1056.06	353.208
1056.38	350.281
1056.71	349.996
1057.04	347.859
1057.37	349.81
1057.7	350.722
1058.03	351.549
1058.36	355.241
1058.69	350.253
1059.02	346.986
1059.34	349.35
1059.67	348.183
1060	348.778
1060.33	348.914
1060.66	351.053
1060.99	348.929
1061.32	345.202
1061.64	349.183
1061.97	353.749
1062.3	351.496
1062.63	349.555
1062.96	349.887
1063.29	354.368
1063.62	351.19
1063.94	353.357
1064.27	349.066
1064.6	347.074
1064.93	348.596
1065.26	347.474
1065.59	347.731
1065.91	351.199
1066.24	354.322
1066.57	351.572
1066.9	352.249
1067.23	354.027
1067.55	352.132
1067.88	349.505
1068.21	352.655
1068.54	350.054
1068.87	348.526
1069.2	349.397
1069.53	354.933
1069.85	347.161
1070.18	351.316
1070.51	350.318
1070.84	348.321
1071.16	349.705
1071.49	353.391
1071.82	353.839
1072.15	350.016
1072.48	354.003
1072.8	357.01
1073.13	352.594
1073.46	349.998
1073.79	347.769
1074.12	350.652
1074.44	351.068
1074.77	352.976
1075.1	350.556
1075.43	351.546
1075.75	353.248
1076.08	346.045
1076.41	352.664
1076.74	357.497
1077.07	358.58
1077.39	353.986
1077.72	349.527
1078.05	353.932
1078.38	349.241
1078.7	350.96
1079.03	353.522
1079.36	352.94
1079.68	352.722
1080.01	349.514
1080.34	352.992
1080.67	349.499
1080.99	345.893
1081.32	353.066
1081.65	348.343
1081.98	349.907
1082.31	351.438
1082.63	351.99
1082.96	353.882
1083.29	353.515
1083.61	352.753
1083.94	346.845
1084.27	346.148
1084.6	348.881
1084.92	351.101
1085.25	349.694
1085.58	349.728
1085.9	352.562
1086.23	353.016
1086.56	351.836
1086.89	348.384
1087.21	353.419
1087.54	349.026
1087.87	349.478
1088.19	353.844
1088.52	347.925
1088.85	350.604
1089.17	354.238
1089.5	350.788
1089.83	352.715
1090.15	351.83
1090.48	352.771
1090.81	349.996
1091.14	351.962
1091.46	351.756
1091.79	356.883
1092.12	352.92
1092.44	353.02
1092.77	349.309
1093.09	348.203
1093.42	350.423
1093.75	351.216
1094.08	348.871
1094.4	350.37
1094.73	352.142
1095.06	350.338
1095.38	348.93
1095.71	350.059
1096.03	353.124
1096.36	350.204
1096.69	350.51
1097.01	356.573
1097.34	354.367
1097.67	353.987
1097.99	355.363
1098.32	356
1098.65	353.244
1098.97	353.391
1099.3	351.379
1099.63	352.661
1099.95	352.562
1100.28	349.683
1100.6	350.893
1100.93	353.03
1101.26	348.746
1101.58	351.886
1101.91	354.257
1102.23	351.248
1102.56	352.471
1102.89	351.427
1103.21	350.624
1103.54	352.674
1103.87	350.604
1104.19	353.824
1104.52	353.065
1104.84	353.698
1105.17	349.629
1105.5	349.357
1105.82	353.995
1106.15	352.551
1106.47	347.762
1106.8	349.179
1107.12	354.543
1107.45	352.977
1107.78	351.281
1108.1	347.907
1108.43	349.158
1108.75	349.533
1109.08	347.584
1109.4	350.035
1109.73	355.529
1110.06	351.988
1110.38	354.539
1110.71	352.767
1111.03	352.459
1111.36	345.388
1111.68	351.56
1112.01	349.489
1112.33	355.955
1112.66	356.076
1112.99	351.17
1113.31	351.288
1113.64	354.388
1113.85	349.957
1114.18	350.008
1114.51	348.079
1114.83	355.658
1115.16	354.063
1115.49	353.991
1115.81	353.609
1116.14	352.296
1116.47	353.82
1116.79	352.461
1117.12	351.78
1117.45	348.476
1117.77	348.583
1118.1	350.879
1118.43	347.217
1118.75	354.463
1119.08	351.834
1119.41	352.226
1119.73	352.004
1120.06	350.005
1120.39	355.864
1120.71	350.59
1121.04	351.914
1121.37	352.011
1121.69	351.979
1122.02	353.287
1122.34	353.172
1122.67	352.829
1123	351.465
1123.32	350.083
1123.65	352.226
1123.98	352.556
1124.3	354.1
1124.63	350.898
1124.95	352.667
1125.28	349.192
1125.61	352.035
1125.93	352.027
1126.26	347.469
1126.58	352.41
1126.91	354.654
1127.24	354.035
1127.56	351.696
1127.89	350.762
1128.21	354.099
1128.54	350.888
1128.87	351.654
1129.19	348.681
1129.52	350.874
1129.84	354.233
1130.17	354.153
1130.49	351.133
1130.82	354.311
1131.15	355.47
1131.47	353.867
1131.8	349.913
1132.12	352.884
1132.45	351.941
1132.78	353.983
1133.1	351.955
1133.43	349.935
1133.75	347.411
1134.08	350.388
1134.4	350.243
1134.73	352.065
1135.06	348.494
1135.38	349.239
1135.71	349.922
1136.03	354.002
1136.36	351.978
1136.68	357.788
1137.01	349.026
1137.33	348.42
1137.66	356.348
1137.99	349.131
1138.31	349.599
1138.64	348.407
1138.96	347.986
1139.29	345.028
1139.61	349.672
1139.94	352.223
1140.26	351.586
1140.59	353.285
1140.91	352.472
1141.24	353.389
1141.56	350.467
1141.89	347.212
1142.21	347.15
1142.54	350.527
1142.86	352.492
1143.19	347.924
1143.51	350.502
1143.84	354.435
1144.16	351.067
1144.49	347.438
1144.81	348.279
1145.14	349.824
1145.46	349.046
1145.79	354.266
1146.11	351.336
1146.44	352.084
1146.76	347.56
1147.09	350.387
1147.41	345.317
1147.74	351.677
1148.06	351.595
1148.39	347.357
1148.71	347.218
1149.04	353.408
1149.36	347.089
1149.69	346.317
1150.01	349.756
1150.34	347.267
1150.66	346.625
1150.98	347.938
1151.31	346.143
1151.63	350.857
1151.96	350.542
1152.28	348.752
1152.61	349.519
1152.93	349.153
1153.26	343.579
1153.58	346.789
1153.91	348.081
1154.23	348.488
1154.55	351.427
1154.88	351.172
1155.2	350.496
1155.53	353.366
1155.85	348.275
1156.18	349.034
1156.5	348.002
1156.83	348.618
1157.15	351.051
1157.47	348.083
1157.8	348.13
1158.12	351.5
1158.45	351.907
1158.77	350.137
1159.1	348.729
1159.42	352.126
1159.74	351.357
1160.07	351.221
1160.39	345.427
1160.72	344.637
1161.04	346.695
1161.36	347.393
1161.69	351.859
1162.01	346.17
1162.34	350.638
1162.66	351.525
1162.98	347.662
1163.31	350.129
1163.63	343.14
1163.96	349.482
1164.28	355.766
1164.6	350.72
1164.93	351.159
1165.25	350.764
1165.57	348.997
1165.9	350.16
1166.22	347.937
1166.54	350.284
1166.87	350.603
1167.19	347.933
1167.52	345.929
1167.84	348.042
1168.16	347.834
1168.49	346.809
1168.81	350.249
1169.13	349.855
1169.46	348.119
1169.78	346.559
1170.1	348.736
1170.43	351.465
1170.75	348.277
1171.07	347.307
1171.4	349.94
1171.72	350.739
1172.04	353.271
1172.37	348.701
1172.69	353.099
1173.01	350.194
1173.34	352.008
1173.66	353.894
1173.98	350.473
1174.31	351.914
1174.63	353.632
1174.95	351.56
1175.28	351.315
1175.6	349.986
1175.92	346.381
1176.25	349.67
1176.57	348.964
1176.89	351.673
1177.22	348.507
1177.54	350.806
1177.86	347.62
1178.18	353.036
1178.51	350.702
1178.83	353.144
1179.15	348.844
1179.48	348.108
1179.8	350.525
1180.12	349.134
1180.44	349.09
1180.77	352.351
1181.09	348.325
1181.41	347.332
1181.74	350.141
1182.06	348.114
1182.38	348.018
1182.7	348.399
1183.03	345.881
1183.35	351.317
1183.67	352.64
1184	350.187
1184.32	351.272
1184.64	352.497
1184.96	349.203
1185.29	350.816
1185.61	349.342
1185.93	348.685
1186.25	348.499
1186.58	350.177
1186.9	350.125
1187.22	353.891
1187.54	350.671
1187.87	348.868
1188.19	347.151
1188.51	348.582
1188.83	345.356
1189.16	350.499
1189.48	350.141
1189.8	349.578
1190.12	351.843
1190.45	351.24
1190.77	349.357
1191.09	348.606
1191.41	351.825
1191.73	350.901
1192.06	346.541
1192.38	346.835
1192.7	347.76
1193.02	350.346
1193.35	350.938
1193.67	349.799
1193.99	347.675
1194.31	350.087
1194.63	352.231
1194.96	351.041
1195.28	348.456
1195.6	349.143
1195.92	350.094
1196.24	349.012
1196.57	345.259
1196.89	347.548
1197.21	349.427
1197.53	345.83
1197.85	347.006
1198.17	347.406
1198.5	350.692
1198.82	353.305
1199.14	351.29
1199.46	348.604
1199.78	347.678
1199.89	348.385
1199.92	348.654
1200	350
