100.103	364
100.48	360
100.86	371.708
101.237	369.091
101.614	368
101.992	366.714
102.369	363.022
102.746	367.95
103.123	372.204
103.503	372.782
103.88	369.336
104.257	365.452
104.634	369.713
105.012	374.995
105.389	382.287
105.766	374.483
106.143	379.199
106.52	376.77
106.899	379.387
107.276	380.386
107.654	379.287
108.031	371.986
108.408	366.35
108.785	371.975
109.162	367.83
109.539	373.139
109.916	371.813
110.293	378.994
110.67	367.803
111.047	372.325
111.423	365.69
111.8	379.468
112.179	375.617
112.556	374.943
112.933	374.862
113.31	368.913
113.687	371.41
114.064	367.968
114.44	373.293
114.817	375.188
115.194	374.055
115.571	372.95
115.948	368.002
116.324	374.653
116.701	362.155
117.078	376.166
117.454	376.044
117.831	371.416
118.208	368.302
118.584	370.598
118.961	374.954
119.338	370.883
119.714	369.307
120.091	377.041
120.467	375.925
120.844	365.02
121.22	369.837
121.597	377.978
121.971	369.047
122.348	378.024
122.724	368.149
123.101	375.758
123.477	377.736
123.853	371.949
124.23	365.908
124.606	369.906
124.983	375.403
125.359	365.511
125.735	374.843
126.112	367.971
126.488	373.204
126.864	371.89
127.238	372.206
127.615	373.972
127.991	377.153
128.367	366.652
128.743	372.864
129.12	371.427
129.496	372.596
129.872	373.243
130.248	373.329
130.622	375.24
130.998	379.301
131.374	372.915
131.751	376.69
132.127	382.566
132.503	375.687
132.879	370.349
133.253	375.921
133.629	371.744
134.005	374.022
134.381	372.994
134.757	366.334
135.133	368.968
135.507	377.663
135.883	368.434
136.258	374.641
136.634	375.031
137.01	370.215
137.384	374.165
137.76	378.064
138.136	381.425
138.512	379.599
138.887	374.37
139.261	379.01
139.637	374.076
140.013	381.34
140.388	374.615
140.762	379.269
141.138	381.745
141.513	384.118
141.889	381.406
142.265	388.68
142.638	403.027
143.014	389.861
143.39	408.445
143.763	412.322
144.139	395.608
144.514	377.612
144.89	379.142
145.263	376.189
145.639	380.262
146.014	378.25
146.39	381.604
146.763	375.994
147.139	378.043
147.514	370.788
147.888	372.486
148.263	374.225
148.638	376.849
149.012	374.78
149.387	371.71
149.762	369.985
150.138	373.049
150.511	368.27
150.886	369.416
151.262	362.383
151.635	368.364
152.01	381.19
152.385	373.858
152.759	370.696
153.134	381.796
153.507	375.512
153.882	381.515
154.257	368.29
154.63	373.718
155.006	372.789
155.381	370.796
155.754	371.216
156.129	374.786
156.504	378.27
156.877	372.705
157.252	383.033
157.625	374.043
158	365.336
158.375	377.572
158.748	371.559
159.123	369.373
159.496	363.565
159.871	366.968
160.244	373.576
160.619	375.146
160.994	371.617
161.366	375.903
161.741	376.748
162.114	380.362
162.489	381.777
162.862	373.14
163.236	377.793
163.611	370.091
163.984	379.041
164.359	376.051
164.731	381.972
165.106	380.994
165.479	372.982
165.854	368.207
166.226	369.068
166.601	367.716
166.973	376.011
167.348	382.581
167.721	373.374
168.095	377.006
168.468	375.63
168.842	379.53
169.215	375.643
169.589	377.348
169.962	384.246
170.336	376.245
170.709	367.688
171.083	374.011
171.456	368.497
171.83	368.189
172.203	368.837
172.577	376.083
172.949	380.82
173.322	372.403
173.696	370.202
174.068	375.015
174.443	378.27
174.815	375.78
175.189	378.267
175.562	376.995
175.936	370.046
176.308	380.203
176.68	377.005
177.055	377.512
177.427	385.307
177.801	374.796
178.173	373.73
178.545	382.031
178.919	383.31
179.292	381.593
179.666	374.818
180.038	379.042
180.41	373.392
180.784	376.895
181.156	377.838
181.528	372.391
181.902	380.417
182.274	379.913
182.648	383.696
183.02	374.296
183.392	378.802
183.766	374.557
184.138	377.291
184.51	380.067
184.884	381.953
185.255	376.971
185.627	383.044
186.001	388.507
186.373	382.019
186.745	388.399
187.119	380.206
187.49	379.097
187.862	379.296
188.236	384.355
188.608	378.534
188.979	381.874
189.351	382.132
189.725	370.28
190.096	374.243
190.468	374.017
190.842	375.091
191.213	372.148
191.585	377.337
191.956	385.642
192.33	383.648
192.702	380.293
193.073	377.007
193.445	379.687
193.818	381.02
194.19	374.769
194.561	373.088
194.933	380.573
195.306	376.297
195.678	378.294
196.049	391.043
196.42	376.286
196.794	377.508
197.165	376.302
197.537	376.49
197.908	376.976
198.279	382.703
198.653	371.214
199.024	380.405
199.395	383.976
199.767	371.418
200.138	377.649
200.511	382.502
200.882	377.636
201.254	371.149
201.625	379.392
201.996	379.493
202.367	383.25
202.74	382.369
203.111	372.821
203.483	378.444
203.854	379.26
204.225	375.385
204.596	370.898
204.967	382.982
205.34	384.764
205.711	375.954
206.082	374.857
206.453	365.233
206.824	384.957
207.195	385.979
207.566	384.045
207.937	376.06
208.308	376.239
208.681	381.9
209.052	370.096
209.423	386.49
209.793	375.298
210.164	385.73
210.535	381.239
210.906	385.731
211.277	384.301
211.647	378.77
212.018	376.843
212.389	377.504
212.76	378
213.133	378.27
213.503	381.589
213.874	379.323
214.245	380.013
214.615	375.177
214.986	378.825
215.357	381.426
215.727	379.615
216.098	383.381
216.468	379.44
216.839	381.305
217.21	378.404
217.58	386.797
217.951	381.267
218.321	384.013
218.692	374.823
219.062	380.446
219.433	377.481
219.803	382.31
220.173	384.248
220.544	381.407
220.914	387.338
221.285	392.677
221.655	375.736
222.025	368.199
222.396	371.257
222.766	386.573
223.137	385.138
223.507	386.623
223.877	382.597
224.245	385.827
224.616	377.781
224.986	378.74
225.356	379.494
225.726	373.782
226.096	376.817
226.467	377.166
226.837	385.606
227.207	384.078
227.577	373.836
227.947	376.516
228.317	382.508
228.688	379.484
229.055	377.988
229.426	390.415
229.796	378.608
230.166	386.118
230.536	379.003
230.906	386.485
231.276	385.428
231.646	385.178
232.014	383.821
232.384	386.192
232.753	389.003
233.123	387.87
233.493	387.647
233.863	382.569
234.233	372.417
234.601	379.636
234.971	379.014
235.341	388.297
235.71	379.82
236.08	381.484
236.45	384.31
236.818	381.323
237.187	385.882
237.557	384.016
237.927	381.535
238.297	381.481
238.664	377.261
239.034	377.832
239.404	386.953
239.773	380.569
240.143	386.156
240.51	390.006
240.88	383.569
241.25	389.459
241.619	387.707
241.987	389.535
242.356	384.483
242.726	385.013
243.095	391.309
243.463	381.871
243.832	385.008
244.202	384.341
244.571	389.003
244.939	381.624
245.308	374.819
245.677	380.23
246.047	383.138
246.414	382.544
246.784	380.251
247.153	383.087
247.522	383.133
247.89	389.838
248.259	386.054
248.628	379.99
248.995	382.997
249.365	381.93
249.734	386.1
250.101	382.731
250.47	387.198
250.839	374.35
251.207	388.495
251.576	378.448
251.945	390.176
252.312	382.119
252.681	387.943
253.05	387.898
253.417	387.461
253.786	388.933
254.156	379.758
254.523	387.721
254.892	385.149
255.261	386.031
255.628	382.229
255.997	376.642
256.363	388.44
256.732	388.205
257.101	386.335
257.468	388.763
257.837	383.737
258.204	387.331
258.573	388.581
258.942	390.067
259.309	385.293
259.678	384.722
260.044	377.324
260.413	384.456
260.782	388.385
261.149	386.312
261.517	378.299
261.884	390.65
262.253	392.018
262.62	381.977
262.988	389.734
263.355	392.393
263.724	384.442
264.092	371.852
264.459	381.772
264.828	388.756
265.194	392.712
265.563	379.786
265.929	379.459
266.298	387.152
266.664	396.897
267.033	390
267.399	391.124
267.768	384.3
268.134	384.899
268.503	383.994
268.869	383.46
269.238	381.335
269.604	388.769
269.973	388.266
270.339	388.065
270.707	390.232
271.074	385.77
271.442	380.239
271.808	387.101
272.177	382.073
272.543	383.028
272.909	390.272
273.278	392.16
273.644	379.294
274.012	382.716
274.378	393.029
274.747	382.144
275.113	386.892
275.479	388.49
275.847	383.406
276.213	390.467
276.582	388.178
276.948	390.198
277.316	386.909
277.682	379.478
278.048	377.709
278.416	384.11
278.782	383.044
279.15	389.745
279.516	382.633
279.882	387.674
280.25	394.806
280.616	392.32
280.982	384.225
281.35	381.09
281.716	383.327
282.082	391.149
282.45	385.237
282.816	389.965
283.184	380.038
283.549	387.379
283.915	386.775
284.283	381.84
284.649	394.702
285.015	388.755
285.383	390.88
285.748	385.366
286.114	383.985
286.48	390.404
286.847	390.676
287.213	388.814
287.579	392.796
287.947	384.11
288.312	383.605
288.678	391.705
289.046	387.986
289.411	386.222
289.777	388.247
290.142	395.197
290.51	392.516
290.875	380.887
291.241	380.747
291.607	385.201
291.974	393.506
292.34	392.148
292.705	384.349
293.07	372.157
293.438	388.866
293.803	389.528
294.169	389.517
294.534	389.863
294.902	389.015
295.267	383.094
295.632	383.786
295.998	391.799
296.363	384.866
296.73	395.795
297.096	383.771
297.461	391.302
297.826	395.964
298.192	391.862
298.559	391.095
298.924	386.61
299.289	393.961
299.655	383.852
300.02	385.87
300.387	389.095
300.752	386.34
301.117	381.41
301.482	385.726
301.847	386.697
302.213	386.962
302.578	395.518
302.945	395.977
303.31	395.759
303.675	387.561
304.04	382
304.405	386.437
304.77	379.997
305.135	382.658
305.5	389.374
305.867	386.527
306.232	386.747
306.597	380
306.962	386.464
307.326	383.724
307.691	387.116
308.056	390.141
308.421	388.102
308.786	384.89
309.151	383.762
309.516	385.517
309.882	391.923
310.247	387.555
310.612	390.671
310.977	388.629
311.341	386.37
311.706	386.272
312.071	376.711
312.435	382.667
312.8	391.457
313.165	384.3
313.529	385.407
313.894	386.114
314.259	392.179
314.623	392.314
314.988	388.63
315.352	389.275
315.717	384.525
316.082	376.948
316.446	378.217
316.811	385.42
317.175	381.377
317.54	389.722
317.904	389.504
318.269	388.316
318.633	391.596
318.997	381.751
319.362	391.247
319.726	389.449
320.091	386.958
320.455	385.784
320.819	388.162
321.184	383.088
321.548	387.258
321.912	386.698
322.277	390.047
322.641	387.262
323.005	382.588
323.367	383.712
323.732	388.494
324.096	388.49
324.46	386.646
324.824	385.916
325.188	382.299
325.553	381.6
325.917	393.285
326.281	395.075
326.645	388.886
327.009	386.479
327.371	385.566
327.735	387.793
328.099	381.174
328.463	378.764
328.827	392.733
329.191	384.052
329.555	397.757
329.919	388.56
330.281	381.123
330.645	383.739
331.009	377.645
331.373	380.592
331.737	397.755
332.101	390.663
332.463	388.601
332.827	379.795
333.191	387.695
333.554	388.566
333.918	386.638
334.282	390.355
334.644	379.671
335.008	388.909
335.371	389.819
335.735	386.287
336.099	389.365
336.461	385.512
336.824	392.569
337.188	386.641
337.552	382.715
337.913	389.263
338.277	389.601
338.641	379.31
339.004	386.576
339.368	387.648
339.729	387.64
340.093	387.134
340.457	381.317
340.82	388.227
341.182	390.734
341.545	393.341
341.909	399.208
342.27	395.564
342.634	387.704
342.997	391.73
343.361	394.28
343.722	388.312
344.085	382.575
344.449	385.836
344.81	389.45
345.174	382.586
345.537	385.936
345.9	386.35
346.262	389.731
346.625	387.084
346.988	383.276
347.35	382.553
347.713	386.375
348.076	390.163
348.437	394.763
348.801	393.355
349.164	392.271
349.525	390.893
349.888	385.012
350.251	387.975
350.612	388.635
350.976	386.661
351.337	394.531
351.7	400.969
352.063	389.433
352.424	393.055
352.787	400.365
353.15	395.657
353.511	386.092
353.874	390.362
354.235	388.293
354.598	388.966
354.961	397.37
355.322	386.767
355.685	386.812
356.046	385.636
356.409	390.505
356.772	384.63
357.133	389.586
357.496	396.865
357.857	390.335
358.219	396.788
358.58	390.827
358.943	388.653
359.304	383.714
359.667	393.152
360.029	389.753
360.39	389.341
360.753	396.763
361.114	388.644
361.476	399.697
361.837	389.202
362.2	386.758
362.56	378.476
362.923	394.39
363.284	384.401
363.646	388.079
364.007	391.237
364.37	381.703
364.73	401.023
365.093	382.944
365.453	392.073
365.816	389.582
366.176	384.156
366.539	401.072
366.899	383.849
367.262	385.005
367.622	383.635
367.985	404.497
368.345	392.492
368.706	390.275
369.068	384.468
369.429	386.451
369.791	389.362
370.151	378.548
370.514	390.106
370.874	401.093
371.234	390.924
371.597	389.827
371.957	386.594
372.319	385.414
372.68	391.187
373.042	390.934
373.402	388.312
373.762	398.149
374.125	389.666
374.485	399.316
374.845	389.499
375.207	384.4
375.567	389.44
375.929	382.882
376.289	387.166
376.65	385.981
377.012	387.86
377.372	392.982
377.732	390.116
378.094	383.067
378.454	387.555
378.814	397.618
379.176	391.823
379.536	387.567
379.896	388.831
380.258	392.139
380.618	402.806
380.978	397.528
381.34	390.549
381.7	387.448
382.06	387.835
382.421	383.095
382.781	384.147
383.141	394.031
383.503	389.68
383.863	387.458
384.223	389.557
384.582	392.261
384.944	392.472
385.304	390.157
385.664	389.255
386.023	389.099
386.385	385.642
386.745	389.698
387.105	398.462
387.464	394.675
387.826	389.953
388.186	388.188
388.545	392.231
388.905	388.439
389.266	387.104
389.626	388.781
389.986	392.528
390.345	394.205
390.707	389.632
391.066	386.232
391.426	389.531
391.785	400.76
392.145	401.441
392.506	385.306
392.866	385.204
393.225	384.246
393.585	393.696
393.944	386.289
394.303	393.05
394.665	390.668
395.024	378.711
395.384	385.088
395.743	382.951
396.102	387.368
396.462	391.548
396.747	389.971
397.11	405.852
397.473	395.912
397.837	388.055
398.2	390.024
398.561	399.937
398.925	397.972
399.288	376.111
399.651	391.917
400.015	391.857
400.378	393.813
400.739	384.072
401.103	392.007
401.466	384.157
401.829	385.859
402.192	403.7
402.553	396.117
402.917	390.076
403.28	386.027
403.643	385.971
404.004	380.15
404.367	385.992
404.73	392.054
405.093	390.053
405.454	395.561
405.817	403.407
406.18	382.376
406.544	401.546
406.904	393.749
407.268	384.065
407.63	397.651
407.993	384.176
408.354	393.669
408.717	392.124
409.08	391.85
409.443	385.726
409.804	386.032
410.167	384.067
410.53	389.83
410.891	391.779
411.254	384.58
411.616	395.779
411.979	390.013
412.34	376.381
412.703	395.159
413.066	394.417
413.426	382.794
413.789	395.405
414.152	382.29
414.512	395.27
414.875	399.572
415.238	399.46
415.599	378.963
415.961	393.971
416.324	390.685
416.684	405.368
417.047	386.69
417.41	405.774
417.77	406.176
418.133	396.948
418.493	392.365
418.856	413.991
419.218	402.388
419.579	389.647
419.941	394.485
420.304	403.523
420.664	387.363
421.027	387.182
421.387	388.496
421.75	402.596
422.112	397.656
422.472	392.51
422.835	384.181
423.195	393.091
423.558	389.315
423.918	393.024
424.28	390.621
424.643	389.398
425.003	394.788
425.365	400.36
425.725	390.586
426.088	393.019
426.448	396.036
426.81	395.196
427.17	392.948
427.532	383.633
427.895	386.519
428.255	402.073
428.617	394.523
428.977	387.028
429.339	391.732
429.699	394.967
430.061	399.623
430.421	395.184
430.783	403.091
431.143	397.184
431.506	403.503
431.866	401.184
432.228	395.544
432.588	396.511
432.95	370.726
433.309	397.26
433.671	391.446
434.031	388.953
434.391	392.799
434.753	392.201
435.113	398.391
435.475	392.637
435.835	385.382
436.197	406.248
436.556	401.553
436.918	382.838
437.278	395.586
437.64	382.036
438	386.477
438.359	395.891
438.721	390.899
439.081	396.826
439.443	396.302
439.802	387.316
440.162	402.33
440.524	383.459
440.883	389.005
441.245	400.353
441.605	392.764
441.964	398.045
442.326	405.037
442.685	384.371
443.047	388.797
443.406	395.165
443.766	405.374
444.128	393.915
444.487	401.318
444.847	384.172
445.208	403.915
445.568	391.608
445.927	395.051
446.288	388.085
446.648	397.025
447.009	395.527
447.369	400.038
447.728	401.44
448.087	391.956
448.449	400.937
448.808	393.943
449.167	379.539
449.529	395.414
449.888	403.646
450.247	393.457
450.609	388.029
450.968	394.084
451.327	392.851
451.688	392.712
452.048	383.551
452.407	384.243
452.766	392.402
453.127	389.239
453.486	392.197
453.845	390.916
454.204	383.222
454.566	392.591
454.925	384.038
455.284	397.744
455.645	389.934
456.004	393.05
456.363	388.875
456.722	391.191
457.081	389.431
457.442	385.102
457.801	394.109
458.16	393.57
458.519	389.48
458.88	384.147
459.239	390.853
459.598	396.006
459.957	394.825
460.315	399.166
460.676	386.742
461.035	394.851
461.394	390.053
461.753	395.37
462.112	388.247
462.473	394
462.831	389.134
463.19	392.049
463.549	386.431
463.908	392.614
464.266	392.223
464.627	380
464.986	384.609
465.344	393.038
465.703	384.964
466.062	394.463
466.42	386.531
466.779	391.494
467.14	387.542
467.498	397.955
467.857	389.656
468.215	391.376
468.574	398.059
468.932	388.419
469.291	399.07
469.649	393.623
470.008	394.3
470.368	383.087
470.727	397.414
471.085	389.34
471.444	399.243
471.802	381.511
472.161	389.932
472.519	389.632
472.877	377.478
473.236	383.338
473.594	379.538
473.953	391.593
474.311	387.071
474.669	384.841
475.027	385.454
475.386	389.6
475.746	382.963
476.104	381.311
476.463	385.817
476.821	396.208
477.179	387.207
477.537	392.309
477.895	383.55
478.254	393.018
478.612	391.376
478.97	386.473
479.328	391.041
479.686	397.761
480.044	392.738
480.402	401.066
480.76	384
481.118	386.094
481.476	385.309
481.834	385.643
482.193	383.293
482.551	383.153
482.909	391.413
483.266	384.425
483.622	381.417
483.98	388.886
484.338	389.347
484.696	386.322
485.054	388.955
485.412	388.283
485.77	382.483
486.128	386.493
486.486	390.021
486.843	391.042
487.201	382.078
487.559	393.946
487.917	382.865
488.275	386.802
488.632	394.248
488.988	388.402
489.346	390.123
489.704	383.171
490.061	392.369
490.419	386.059
490.777	389.878
491.134	378.535
491.492	389.358
491.85	395.228
492.205	397.086
492.563	388.884
492.92	385.124
493.278	392.373
493.636	393.351
493.993	390.816
494.351	389.339
494.706	391.975
495.064	386.056
495.421	382.72
495.779	393.262
496.136	385.536
496.494	389.461
496.849	386.446
497.206	392.252
497.564	380.106
497.921	389.881
498.279	390.871
498.634	391.535
498.991	389.061
499.349	387.402
499.706	395.293
500.063	391.735
500.419	389.804
500.776	391.191
501.133	384.01
501.49	385.034
501.846	385.116
502.203	389.546
502.56	381.337
502.917	388.22
503.272	385.577
503.63	400.558
503.987	385.249
504.344	386.587
504.699	396.205
505.056	390.277
505.413	397.26
505.77	393.751
506.125	392.95
506.482	385.464
506.84	392.231
507.197	387.387
507.552	382.737
507.909	391.226
508.266	389.011
508.62	393.226
508.977	389.931
509.334	404.759
509.689	386.28
510.046	398.615
510.403	392.9
510.758	390.284
511.115	396.581
511.472	391.311
511.827	397.357
512.183	386.063
512.54	398.926
512.895	395.559
513.252	395.167
513.609	391.943
513.963	392.279
514.32	388.479
514.677	392.134
515.032	386.392
515.388	389.173
515.743	385.041
516.1	394.299
516.456	394.056
516.811	387.354
517.168	392.55
517.524	391.09
517.879	389.674
518.235	387.418
518.59	390.017
518.947	393.703
519.301	391.18
519.658	388.486
520.014	388.511
520.369	387.178
520.725	388.108
521.08	382.147
521.436	390.45
521.791	398.516
522.147	387.857
522.503	390.985
522.858	391.863
523.214	393.341
523.569	394.562
523.925	393.522
524.279	392.939
524.636	384.621
524.99	388.437
525.346	393.38
525.701	399.993
526.057	400.536
526.411	395.175
526.768	385.185
527.122	392.312
527.478	391.822
527.832	394.288
528.188	382.895
528.543	385.503
528.899	393.688
529.253	391.871
529.609	392.219
529.963	396.717
530.319	393.59
530.673	391.601
531.03	391.529
531.384	390.414
531.74	388.656
532.094	386.839
532.448	392.109
532.804	394.341
533.158	388.077
533.514	389.908
533.868	381.305
534.224	397.477
534.578	390.098
534.932	398.022
535.288	395.861
535.641	394.085
535.997	386.28
536.351	385.24
536.707	389.641
537.061	396.245
537.415	393.771
537.771	389.378
538.124	394.636
538.478	397.611
538.834	397.764
539.188	392.191
539.544	384.985
539.897	388.261
540.251	392.119
540.607	394.77
540.96	388.594
541.314	390.948
541.67	402.106
542.023	398.488
542.377	401.027
542.733	389.988
543.086	390.04
543.44	400.764
543.796	393.936
544.149	391.027
544.503	389.089
544.858	397.848
545.212	405.959
545.565	393.993
545.921	409.652
546.274	393.158
546.628	390.955
546.981	387.141
547.337	391.051
547.69	395.026
548.044	397.807
548.399	394.162
548.752	399.01
549.106	394.947
549.459	384.764
549.814	392.533
550.168	400.486
550.521	399.274
550.874	394.96
551.23	406.458
551.583	402.501
551.936	408.589
552.29	401.798
552.645	397.61
552.998	407.587
553.351	394.514
553.704	408.977
554.058	401.184
554.413	402.236
554.766	394.72
555.119	409.739
555.472	409.016
555.825	404.466
556.18	403.777
556.534	408.095
556.887	402.349
557.24	408.928
557.593	397.723
557.948	410.999
558.301	417.45
558.654	407.003
559.007	412.041
559.36	402.158
559.713	412.898
560.068	407.878
560.421	410.63
560.774	414.783
561.127	416.206
561.479	415.175
561.832	419.81
562.185	423.061
562.538	430.092
562.893	432.619
563.246	432.779
563.599	429.662
563.951	441.323
564.304	441.566
564.657	450.368
565.01	452.135
565.362	467.403
565.715	484.392
566.068	499.283
566.423	513.867
566.775	539.729
567.128	567.807
567.481	629.691
567.833	696.213
568.186	764.32
568.539	864.488
568.891	950.408
569.244	1041.82
569.596	1110.5
569.949	1171.86
570.301	1192.07
570.654	1150.54
571.006	996.245
571.359	856.648
571.711	721.079
572.064	610.39
572.416	559.292
572.769	513.868
573.121	476.144
573.474	459.644
573.826	446.74
574.179	439.335
574.531	437.935
574.883	426.933
575.236	416.043
575.588	421.256
575.94	418.281
576.293	414.688
576.645	408.517
576.997	406.831
577.35	408.74
577.702	410.172
578.054	414.42
578.406	401.863
578.759	402.48
579.111	405.22
579.463	398.836
579.815	409.341
580.167	394.764
580.52	401.977
580.872	396.394
581.222	394.23
581.574	399.404
581.926	397.89
582.278	390.612
582.63	393.283
582.982	392.7
583.334	396.382
583.686	403.067
584.038	394.794
584.39	394.391
584.74	398.511
585.092	386.634
585.444	392.007
585.796	390.834
586.148	389.846
586.5	385.88
586.852	380.304
587.204	383.809
587.554	389.52
587.906	394.317
588.258	395.817
588.609	388.49
588.961	388.721
589.313	392.434
589.663	393.108
590.015	394.409
590.366	387.173
590.718	396.338
591.07	388.791
591.422	389.476
591.771	390.724
592.123	385.143
592.475	385.608
592.826	386.773
593.178	394.022
593.528	389.197
593.879	385.247
594.231	395.131
594.583	387.476
594.932	386.894
595.284	389.779
595.635	390.581
595.987	386.349
596.336	390.028
596.688	398.518
597.039	390.802
597.391	387.806
597.74	392.721
598.092	386.887
598.443	391.601
598.795	388.001
599.144	391.886
599.496	387.422
599.847	392.427
600.198	394.062
600.548	388.975
600.899	389.765
601.251	394.118
601.6	390
601.951	394.106
602.303	391.599
602.652	383.314
603.003	381.961
603.354	385.176
603.704	392.52
604.055	393.506
604.406	396.403
604.755	390.727
605.107	389.963
605.458	390.833
605.807	385.19
606.158	389.895
606.509	397.848
606.858	391.645
607.209	389.865
607.561	396.377
607.91	390.428
608.261	393.204
608.612	382.533
608.961	385.191
609.312	390.266
609.661	386.638
610.012	391.039
610.363	394.724
610.712	392.402
611.063	387.02
611.412	387.296
611.763	399.926
612.114	387.329
612.463	387.416
612.814	388.171
613.162	393.715
613.513	391.861
613.862	384.559
614.213	395.633
614.564	396.811
614.913	396.794
615.263	390.989
615.612	391.544
615.963	389.203
616.312	395.103
616.663	397.243
617.011	392.557
617.362	399.79
617.711	401.271
618.061	402.612
618.41	391.184
618.761	380.597
619.109	403.199
619.46	403.256
619.809	392.128
620.159	386.401
620.508	390.991
620.859	383.621
621.207	379.189
621.558	382.929
621.906	394.096
622.257	396.275
622.605	388.498
622.956	390.389
623.304	395.042
623.655	381.369
624.003	388.003
624.354	385.977
624.702	385.216
625.051	394.964
625.401	388.838
625.749	396.619
626.1	386.983
626.448	386.357
626.799	387.974
627.147	389.224
627.495	393.74
627.846	378.858
628.194	388.454
628.544	391.495
628.892	385.775
629.241	395.656
629.591	389.979
629.939	394.925
630.289	397.552
630.638	384.855
630.986	381.967
631.336	384.011
631.684	389.027
632.032	386.499
632.383	391.968
632.731	389.74
633.079	383.276
633.429	384.897
633.777	388.747
634.127	393.493
634.475	400.07
634.823	392
635.173	388.3
635.521	394.174
635.869	390.98
636.217	386.829
636.567	386.289
636.915	389.507
637.263	386.84
637.613	387.341
637.961	388.376
638.309	388.943
638.659	393.025
639.007	389.918
639.355	382.388
639.703	386.136
640.052	383.996
640.4	378.773
640.748	384.849
641.098	385.579
641.446	380.998
641.793	385.49
642.141	392.781
642.491	391.843
642.839	389.79
643.186	395.973
643.534	393.495
643.882	392.983
644.232	388.521
644.579	390.433
644.927	389.01
645.275	393.185
645.624	390.77
645.972	386.379
646.319	382.514
646.667	387.993
647.015	386.032
647.364	383.341
647.712	382.365
648.059	386.323
648.407	394.504
648.754	391.859
649.102	390.695
649.451	391.979
649.799	392.18
650.146	385.841
650.494	390.152
650.841	382.39
651.189	386.868
651.538	387.449
651.885	393.129
652.233	388.622
652.58	384.069
652.927	382.819
653.275	393.877
653.622	382.715
653.971	390.725
654.319	391.692
654.666	390.651
655.013	401.303
655.361	383.183
655.708	400.519
656.055	384.588
656.402	388.18
656.75	388.532
657.097	387.301
657.444	390.345
657.793	385.609
658.14	388.502
658.487	396.372
658.834	387.18
659.182	383.552
659.529	397.792
659.876	392.834
660.223	390.647
660.57	396.255
660.917	376.5
661.264	384.094
661.611	387.877
661.958	383.701
662.305	389.539
662.652	381.048
662.999	385.43
663.346	392.677
663.693	388.272
664.04	388.707
664.387	393.286
664.734	389.657
665.081	389.431
665.427	383.061
665.774	388.234
666.121	395.089
666.468	390.766
666.815	395.134
667.162	392.474
667.508	379.292
667.855	383.543
668.202	396.583
668.549	394.044
668.895	385.024
669.242	386.923
669.589	388.7
669.936	388.249
670.282	384.607
670.629	388.211
670.976	389.851
671.322	392.756
671.667	390.629
672.014	387.972
672.36	382.56
672.707	386.954
673.053	393.735
673.4	391.096
673.746	389.665
674.093	390
674.44	388.113
674.786	391.009
675.131	387.613
675.477	382.771
675.823	387.023
676.17	387.912
676.516	391.908
676.863	390.528
677.209	386.062
677.554	386.857
677.9	391.888
678.247	395.649
678.593	392.751
678.939	391.056
679.286	385.34
679.632	388.257
679.976	395.297
680.323	389.411
680.669	381.358
681.015	383.442
681.361	387.468
681.606	399.923
681.954	384.08
682.304	384.019
682.652	391.97
683.002	388.058
683.351	382.021
683.701	388.085
684.049	385.998
684.399	385.976
684.747	386.219
685.097	400.074
685.445	386.062
685.796	393.807
686.144	405.645
686.494	405.843
686.842	393.809
687.19	392.021
687.54	384.469
687.888	386.201
688.238	381.934
688.586	391.984
688.936	395.755
689.284	386.146
689.634	392.323
689.982	386.126
690.33	388.179
690.68	399.466
691.027	393.96
691.377	394.101
691.725	389.967
692.075	399.857
692.423	377.131
692.771	393.634
693.121	403.298
693.468	407.137
693.818	396.151
694.166	397.591
694.514	386.441
694.863	397.823
695.211	400.179
695.559	386.345
695.909	393.828
696.256	391.164
696.606	393.615
696.954	398.995
697.301	393.875
697.651	390.381
697.999	393.192
698.346	393.449
698.696	389.997
699.043	386.424
699.391	393.436
699.741	399.535
700.088	375.64
700.436	389.308
700.785	393.497
701.133	393.674
701.48	390.584
701.83	400.133
702.177	382.612
702.525	402.068
702.872	400.096
703.221	397.29
703.569	403.66
703.916	390.243
704.266	392.815
704.613	404.872
704.96	412.869
705.308	385.461
705.657	397.799
706.004	384.805
706.352	390.041
706.699	395.718
707.048	395.18
707.396	395.765
707.743	397.796
708.09	398.968
708.439	392.905
708.786	377.255
709.134	399.238
709.481	398.028
709.83	389.854
710.177	400.161
710.524	402.446
710.871	394.386
711.219	394.075
711.568	395.076
711.915	387.919
712.262	397.122
712.609	390.239
712.956	378.383
713.305	401.059
713.652	400.319
713.999	388.348
714.346	380.752
714.693	384.35
715.04	387.963
715.389	394.813
715.736	391.424
716.083	391.222
716.43	392.143
716.777	388.806
717.124	398.766
717.472	396.031
717.819	404.747
718.166	397.782
718.513	398.82
718.86	393.942
719.207	394.379
719.553	385.524
719.9	386.861
720.247	386.183
720.596	395.833
720.943	388.558
721.289	395.993
721.636	404.638
721.983	387.201
722.329	393.622
722.676	403.55
723.023	381.551
723.369	394.269
723.716	395.504
724.063	391.595
724.411	390.969
724.758	395.893
725.104	389.297
725.451	401.058
725.798	399.97
726.144	397.622
726.491	412.913
726.837	404.174
727.184	392.49
727.53	397.197
727.877	388.531
728.223	389.1
728.57	394
728.916	402.224
729.262	394.752
729.609	400.161
729.955	400.69
730.302	386.823
730.648	406.065
730.994	409.386
731.341	398.487
731.687	398.848
732.033	402.579
732.38	405.371
732.726	415.935
733.072	407.793
733.419	411.613
733.765	422.881
734.111	424.906
734.457	421.239
734.803	414.288
735.15	409.65
735.496	431.297
735.842	419.233
736.186	430.755
736.532	417.238
736.879	414.482
737.225	416.86
737.571	404.706
737.917	403.971
738.263	402.494
738.609	398.159
738.955	407.163
739.301	406.731
739.647	402.815
739.993	398.516
740.337	405.091
740.683	396.067
741.029	410.252
741.375	396.046
741.721	398.345
742.067	400.031
742.413	407.937
742.759	401.298
743.103	398.457
743.449	407.704
743.794	399.232
744.14	399.01
744.486	394.706
744.832	394.407
745.178	391.207
745.522	403.9
745.867	410.134
746.213	400.889
746.559	394.308
746.905	402.559
747.25	409.446
747.594	408.481
747.94	407.905
748.286	403.842
748.631	400.446
748.977	408.814
749.321	411.739
749.666	401.698
750.012	412.152
750.358	396.208
750.701	406.778
751.047	401.466
751.392	414.733
751.738	412.726
752.083	400.991
752.427	398.138
752.773	413.053
753.118	406.315
753.464	405.65
753.807	408.857
754.153	400.162
754.498	401.748
754.843	396.909
755.187	393.058
755.532	401.302
755.878	408.495
756.221	388.212
756.567	401.511
756.912	405.202
757.257	400.558
757.601	408.931
757.946	401.437
758.291	397.273
758.635	407.017
758.98	391.674
759.325	399.088
759.668	396.434
760.014	393.537
760.359	397.776
760.702	397.069
761.047	397.345
761.393	401.021
761.736	386.898
762.081	396.826
762.426	383.211
762.769	402.608
763.114	399.198
763.459	392.017
763.803	399.73
764.148	405.452
764.493	397.897
764.836	386.727
765.181	392.183
765.524	397.235
765.869	392.781
766.214	396.125
766.557	400.923
766.902	389.92
767.247	399.871
767.59	399.604
767.935	395.216
768.278	387.344
768.623	392.88
768.966	398.11
769.311	402.176
769.655	391.767
769.998	396.746
770.343	395.864
770.686	398.918
771.031	397.636
771.374	389.621
771.719	392.3
772.063	394.046
772.406	402.708
772.751	395.938
773.094	397.876
773.438	396.72
773.781	402.615
774.126	399.391
774.469	396.708
774.813	409.194
775.156	399.345
775.501	404.662
775.843	399.877
776.188	403.132
776.531	392.748
776.875	395.299
777.218	393.348
777.562	396.66
777.905	406.907
778.249	402.6
778.592	392.748
778.937	394.511
779.279	402.309
779.624	395.771
779.966	395.423
780.311	392.174
780.653	393.916
780.995	399.543
781.34	398.028
781.682	400.897
782.027	402.444
782.369	394.953
782.714	396.029
783.056	404.595
783.398	395.1
783.743	403.044
784.085	393.545
784.429	398.047
784.772	387.871
785.114	387.322
785.458	400.8
785.801	403.919
786.145	386.427
786.487	400.545
786.829	415.211
787.174	399.967
787.516	404.727
787.86	402.778
788.202	393.028
788.544	405.923
788.888	395.005
789.231	400.405
789.573	401.701
789.917	403.693
790.259	401.081
790.601	394.395
790.945	401.981
791.287	400.398
791.629	397.194
791.973	400.906
792.315	396.916
792.657	409.565
793.001	399.501
793.343	402.231
793.685	402.117
794.029	403.343
794.371	399.316
794.713	395.615
795.057	401.397
795.399	405.361
795.741	397.303
796.083	398.704
796.427	396.603
796.768	399.523
797.11	405.856
797.452	398.154
797.796	394.204
798.138	401.736
798.48	400.764
798.823	401.045
799.165	390.059
799.507	396.203
799.849	397.42
800.19	403.309
800.534	395.996
800.876	399.49
801.218	405.675
801.559	399.079
801.903	408.176
802.245	404.105
802.586	400.106
802.928	393.483
803.269	403.746
803.613	398.005
803.955	396.232
804.296	401.394
804.638	396.308
804.979	409.892
805.323	391.987
805.664	396.809
806.006	394.303
806.347	398.841
806.689	400.816
807.03	399.083
807.374	396.526
807.715	399.927
808.057	404.059
808.398	396.962
808.74	398.888
809.081	404.319
809.422	411.607
809.766	393.717
810.107	396.088
810.448	414.224
810.79	397.656
811.131	405.033
811.472	396.373
811.814	408.665
812.155	399.013
812.496	397.157
812.839	397.755
813.181	404.247
813.522	388.083
813.863	397.206
814.204	392.348
814.545	400.47
814.887	405.349
815.228	402.662
815.569	403.727
815.91	403.234
816.251	399.558
816.592	402.476
816.933	396.046
817.275	390.89
817.616	402.949
817.957	400.434
818.3	408.808
818.641	396.787
818.982	404.678
819.323	397.234
819.664	394.945
820.005	401.293
820.346	402.568
820.687	404.4
821.028	400.005
821.369	397.296
821.709	407.765
822.05	398.562
822.391	397.142
822.732	391.985
823.073	406.709
823.414	405.416
823.755	398.54
824.096	405.121
824.434	398.828
824.775	399.659
825.116	399.838
825.457	399.518
825.798	405.249
826.138	398.995
826.479	403.884
826.82	401.545
827.161	393.465
827.501	387.648
827.842	393.917
828.183	397.274
828.523	392.584
828.864	402.423
829.205	403.168
829.543	406.436
829.884	400.429
830.224	400.828
830.565	399.649
830.906	392.723
831.246	399.422
831.587	402.245
831.927	403.312
832.268	399.554
832.606	393.393
832.947	393.813
833.287	397.848
833.628	406.132
833.968	398.513
834.309	400.919
834.649	396.26
834.987	398.88
835.328	403.691
835.668	401.332
836.009	402.194
836.349	400.307
836.689	392
837.028	403.355
837.368	397.002
837.708	398.618
838.049	399.915
838.389	402.118
838.729	409.904
839.068	403.965
839.408	399.6
839.748	398.514
840.088	400.542
840.428	398.673
840.767	395.406
841.107	389.677
841.447	398.332
841.787	397.191
842.125	393.474
842.466	398.958
842.806	403.959
843.146	393.017
843.484	397.819
843.824	401.801
844.164	396.794
844.504	394.786
844.842	388.808
845.182	394.159
845.522	402.09
845.862	401.046
846.2	396.27
846.54	399.675
846.88	388.208
847.218	405.503
847.558	398.977
847.898	393.656
848.236	397.761
848.576	404.407
848.916	395.135
849.256	394.896
849.594	398.251
849.933	397.144
850.273	394.498
850.611	404.952
850.951	402.182
851.291	403.768
851.628	405.839
851.968	396.413
852.308	398.154
852.646	395.249
852.986	403.071
853.323	402.337
853.663	403.524
854.003	397.828
854.34	403.534
854.68	398.662
855.02	405.724
855.357	402.119
855.697	394.935
856.035	402.159
856.374	399.132
856.714	399.906
857.052	405.413
857.391	398.487
857.729	399.88
858.068	396.76
858.408	394.331
858.745	400.013
859.085	401.564
859.422	399.619
859.762	393.342
860.099	401.462
860.439	404.168
860.778	406.563
861.116	394.195
861.455	395.05
861.793	392.899
862.132	402.206
862.469	390.644
862.809	395.583
863.146	398.024
863.485	392.81
863.823	399.247
864.162	403.695
864.499	392.152
864.839	393.026
865.176	401.617
865.515	402.89
865.853	401.861
866.192	405.364
866.529	404.634
866.868	401.265
867.206	405.689
867.545	399.298
867.882	404.481
868.221	404.637
868.558	404.635
868.897	397.866
869.235	401.024
869.574	403.038
869.911	400.444
870.248	401.526
870.587	407.045
870.924	405.106
871.263	400.447
871.6	412.823
871.939	408.876
872.276	410.354
872.615	407.872
872.952	403.856
873.289	399.625
873.628	408.725
873.965	402.656
874.304	403.525
874.641	400.128
874.978	408.03
875.317	408.325
875.654	408.583
875.991	405.839
876.33	395.733
876.667	404.311
877.005	408.663
877.342	411.413
877.679	400.841
878.018	399.24
878.355	410.185
878.691	412.561
879.03	415.907
879.367	409.295
879.704	400.32
880.042	397.1
880.379	399.855
880.716	398.239
881.055	405.63
881.391	402.176
881.728	411.204
882.067	403.375
882.403	403.76
882.74	396.135
883.078	401.235
883.415	405.474
883.752	409.639
884.088	402.479
884.427	413.481
884.763	409.518
885.1	400.129
885.439	401.533
885.775	401.526
886.112	398.668
886.448	408.391
886.787	403.883
887.123	408.269
887.46	408.633
887.796	402.487
888.134	400.7
888.471	408.122
888.807	403.601
889.144	396.497
889.48	399.953
889.818	405.565
890.155	400.91
890.491	412.21
890.827	413.666
891.166	398.589
891.502	408.741
891.838	402.09
892.175	406.052
892.511	416.415
892.849	410.296
893.185	402.764
893.522	396.994
893.858	406.104
894.194	402.669
894.53	404.422
894.869	405.373
895.205	406.808
895.541	408.736
895.877	401.355
896.213	398.691
896.549	405.716
896.885	412.135
897.223	407.147
897.56	406.555
897.896	408.692
898.232	404.058
898.568	403.107
898.904	408
899.24	407.181
899.576	408.98
899.914	415.397
900.25	402.716
900.586	401.22
900.922	410.237
901.258	407.819
901.594	411.558
901.93	410.42
902.266	407.65
902.601	405.616
902.937	403.864
903.273	401.259
903.609	405.747
903.945	402.996
904.281	404.388
904.619	407.197
904.954	405.47
905.29	404.365
905.626	398.07
905.962	395.725
906.297	410.295
906.633	415.487
906.969	405.616
907.305	400.501
907.64	412.116
907.976	411.567
908.312	401.191
908.648	398.395
908.983	405.513
909.319	404.88
909.654	409.622
909.99	402.03
910.326	402.871
910.661	417.363
910.997	408.588
911.332	403.464
911.668	406.569
912.004	402.465
912.339	418.342
912.675	409.359
913.01	402.945
913.344	399.708
913.679	404.707
914.015	408.535
914.35	403.019
914.686	413.283
915.021	409.114
915.356	395.992
915.692	412.374
916.027	400.87
916.363	402.262
916.698	412.802
917.033	408.1
917.369	409.537
917.702	410.085
918.037	412.416
918.373	397.283
918.708	409.428
919.043	402.791
919.379	405.438
919.714	408.228
920.049	409.438
920.382	405.002
920.718	406.411
921.053	405.005
921.388	404.769
921.723	390.491
922.058	409.371
922.394	412.528
922.727	398.689
923.062	406.104
923.397	388.654
923.732	413.746
924.067	406.12
924.402	410.374
924.735	406.862
925.071	396.91
925.406	401.297
925.741	405.298
926.076	403.1
926.409	408.05
926.744	400.54
927.079	407.021
927.414	405.19
927.747	399.933
928.082	399.377
928.417	404.718
928.751	398.788
929.086	404.832
929.419	400.497
929.754	403.615
930.089	412.78
930.424	410.137
930.757	408.761
931.092	405.649
931.427	389.215
931.761	392.653
932.094	400.501
932.429	404.924
932.764	403.461
933.097	406.925
933.431	404.272
933.766	397.536
934.101	395.519
934.434	396.577
934.768	398.735
935.103	394.772
935.436	401.028
935.77	406.72
936.105	403.085
936.438	405.311
936.772	402.166
937.107	399.394
937.44	407.405
937.774	408.379
938.109	406.806
938.441	404.917
938.776	404.792
939.11	400.191
939.443	404.291
939.777	404.597
940.112	402.499
940.445	396.526
940.779	405.755
941.112	406.686
941.446	408.398
941.78	397.424
942.113	405.344
942.447	414.68
942.78	421.739
943.114	410.443
943.448	402.283
943.781	404.133
944.115	399.671
944.448	395.558
944.782	404.328
945.116	407.433
945.449	407.726
945.783	405.453
946.115	398.347
946.449	408.366
946.782	408.853
947.116	394.92
947.45	400.696
947.783	403.559
948.117	409.88
948.449	401.182
948.783	406.967
949.115	400.177
949.45	398.465
949.782	402.735
950.116	408.318
950.448	410.416
950.782	393.012
951.114	404.209
951.448	407.289
951.78	396.95
952.114	419.317
952.447	398.279
952.781	415.778
953.113	392.41
953.447	403.752
953.779	405.893
954.113	409.693
954.445	411.745
954.462	411.845
954.798	397.977
955.134	407.912
955.472	401.971
955.808	402.209
956.143	409.674
956.479	392.157
956.815	409.756
957.153	429.185
957.489	405.963
957.824	404.057
958.16	392.608
958.496	401.975
958.832	405.436
959.167	400.055
959.505	399.992
959.841	413.697
960.176	406.132
960.512	394.506
960.848	407.504
961.183	407.699
961.519	398.196
961.855	403.912
962.192	394.428
962.528	403.869
962.863	405.381
963.199	402.144
963.534	409.83
963.87	400.14
964.206	394.011
964.541	411.286
964.877	394.773
965.212	419.355
965.548	402.424
965.885	400.088
966.22	405.387
966.556	407.396
966.891	400
967.227	411.44
967.562	401.891
967.898	402.12
968.233	404.264
968.568	394.316
968.904	419.919
969.239	403.798
969.574	406.301
969.91	404.455
970.245	424.763
970.58	400.565
970.916	391.56
971.251	402.772
971.586	401.791
971.921	409.332
972.257	405.619
972.592	400.938
972.927	396.238
973.262	404.796
973.597	419.709
973.932	409.75
974.268	406.012
974.603	404.921
974.938	411.879
975.273	408.25
975.608	395.376
975.943	412.862
976.278	410.249
976.613	392.752
976.948	407.029
977.284	394.501
977.619	392.551
977.952	421.601
978.287	404.098
978.622	408.944
978.957	394.108
979.292	408.36
979.626	404.064
979.961	405.307
980.296	402.238
980.631	403.582
980.966	393.77
981.301	416.938
981.634	412.754
981.969	402.766
982.304	403.252
982.639	400.238
982.973	409.198
983.308	410.862
983.643	420.298
983.978	391.542
984.311	407.061
984.645	404.563
984.98	402.95
985.315	391.389
985.65	391.588
985.984	402.866
986.319	400.929
986.652	415.506
986.987	404.573
987.321	411.482
987.656	401.19
987.99	395.535
988.325	414.567
988.658	405.415
988.992	393.809
989.327	410.182
989.662	399.8
989.996	392.202
990.329	415.513
990.663	399.522
990.998	405.722
991.332	415.27
991.667	393.638
991.999	394.041
992.334	419.668
992.668	398.475
993.003	408.733
993.335	394.425
993.67	399.757
994.004	399.759
994.339	403.466
994.671	404.753
995.005	402.905
995.34	412.188
995.674	407.065
996.006	405.144
996.341	405.578
996.675	420.861
997.007	413.694
997.342	403.632
997.676	408.798
998.01	395.028
998.343	398.036
998.677	403.238
999.011	412.61
999.343	410.734
999.678	396.004
1000.01	409.441
1000.34	407.718
1000.68	415.755
1001.01	392.78
1001.34	394.138
1001.68	407.002
1002.01	409.337
1002.34	410.266
1002.68	415.034
1003.01	403.795
1003.35	410.094
1003.68	417.229
1004.01	389.439
1004.35	406.18
1004.68	409.187
1005.01	416.324
1005.35	419.569
1005.68	408.803
1006.01	414.69
1006.35	401.054
1006.68	405.804
1007.01	402.224
1007.35	412.915
1007.68	414.635
1008.01	413.852
1008.34	402.022
1008.68	415.253
1009.01	398.207
1009.34	407.421
1009.68	412.339
1010.01	405.322
1010.34	393.353
1010.68	405.156
1011.01	413.931
1011.34	401.706
1011.67	407.095
1012.01	403.096
1012.34	407.894
1012.67	412.635
1013.01	404.365
1013.34	410.337
1013.67	409.155
1014	405.414
1014.34	408.099
1014.67	411.447
1015	401.866
1015.33	396.813
1015.67	406.375
1016	411.676
1016.33	403.353
1016.66	408.628
1017	394.524
1017.33	402.699
1017.66	409.55
1017.99	412.599
1018.33	405.173
1018.66	406.58
1018.99	403.594
1019.33	400.338
1019.66	416.467
1019.99	406.055
1020.32	404.55
1020.65	402.667
1020.99	407.135
1021.32	411.221
1021.65	398.694
1021.98	402.155
1022.32	402.218
1022.65	408.745
1022.98	411.719
1023.31	414.574
1023.65	413.153
1023.98	401.772
1024.31	409.595
1024.64	398.871
1024.97	401.167
1025.31	392.949
1025.64	410.551
1025.97	397.252
1026.3	397.581
1026.63	394.184
1026.97	410.437
1027.3	401.35
1027.63	412.044
1027.96	404.694
1028.29	415.396
1028.63	411.649
1028.96	416.906
1029.29	414.126
1029.62	400.271
1029.95	392.975
1030.28	406.825
1030.62	401.567
1030.95	416.039
1031.28	404.248
1031.61	404.624
1031.94	406.555
1032.27	407.062
1032.61	408.11
1032.94	405.214
1033.27	405.673
1033.6	404.203
1033.93	403.317
1034.26	400.988
1034.59	406.009
1034.93	401.51
1035.26	405.931
1035.59	406.829
1035.92	414.908
1036.25	407.394
1036.58	410.179
1036.92	409.247
1037.25	395.226
1037.58	400.307
1037.91	405.515
1038.24	405.678
1038.57	410.017
1038.9	408.325
1039.23	401.352
1039.57	406.145
1039.9	403.781
1040.23	400.919
1040.56	411.277
1040.89	401.508
1041.22	399.702
1041.55	400.785
1041.88	402.549
1042.22	408.243
1042.55	412.231
1042.88	398.222
1043.21	402.41
1043.54	396.639
1043.87	395.526
1044.2	407.301
1044.53	399.603
1044.86	393.149
1045.19	391.48
1045.53	404.85
1045.86	404.948
1046.19	401.244
1046.52	402.789
1046.85	399.786
1047.18	404.897
1047.51	405.885
1047.84	407.774
1048.17	404.317
1048.5	401.784
1048.83	406
1049.16	398.418
1049.49	414.404
1049.83	393.441
1050.16	400.435
1050.49	398.587
1050.82	405.516
1051.15	396.897
1051.48	397.073
1051.81	393.487
1052.14	402.613
1052.47	403.613
1052.8	408.316
1053.13	401.109
1053.46	403.45
1053.79	400.112
1054.12	403.006
1054.45	405.332
1054.78	399.886
1055.11	392.279
1055.44	398.801
1055.77	397.292
1056.1	397.495
1056.43	394.941
1056.76	399.48
1057.09	393.121
1057.42	402.309
1057.75	404.45
1058.08	405.339
1058.41	401.274
1058.74	408.521
1059.07	398.774
1059.4	412.94
1059.73	394.371
1060.06	412.668
1060.39	401.407
1060.72	403.354
1061.05	398.501
1061.38	406.094
1061.71	398.495
1062.04	392.025
1062.37	396.199
1062.7	392.623
1063.03	402.985
1063.36	400.604
1063.69	396.602
1064.02	401.782
1064.35	400.083
1064.68	403.051
1065.01	399.235
1065.34	394.254
1065.67	390.503
1066	392.512
1066.33	406.641
1066.66	403.678
1066.99	407.085
1067.32	390.694
1067.65	402.795
1067.98	399.028
1068.31	398.79
1068.64	398.465
1068.97	394.086
1069.3	389.308
1069.62	393.409
1069.95	397.868
1070.28	400.187
1070.61	400.716
1070.94	396.926
1071.27	397.32
1071.6	395.76
1071.93	396.232
1072.26	406.721
1072.59	395.065
1072.92	402.121
1073.25	407.4
1073.58	394.605
1073.91	395.186
1074.23	391.796
1074.56	396.983
1074.89	398.833
1075.22	396.953
1075.55	401.822
1075.88	402.15
1076.21	395.02
1076.54	410.699
1076.87	403.16
1077.2	405.083
1077.53	398.471
1077.85	391.32
1078.18	398.545
1078.51	401.998
1078.84	392.017
1079.17	399.854
1079.5	401.328
1079.83	405.28
1080.16	404.452
1080.49	403.094
1080.81	397.686
1081.14	396.137
1081.47	404.605
1081.8	396.138
1082.13	403.19
1082.46	397.695
1082.79	398.052
1083.11	393.577
1083.44	404.843
1083.77	398.174
1084.1	400.285
1084.43	400.66
1084.76	396.388
1085.09	399.309
1085.41	397.204
1085.74	402.046
1086.07	390.584
1086.4	407.158
1086.73	399.462
1087.06	391.519
1087.39	399.001
1087.71	393.783
1088.04	407.701
1088.37	399.328
1088.7	389.829
1089.03	397.792
1089.36	400.38
1089.68	396.64
1090.01	391.522
1090.34	399.675
1090.67	396.695
1091	395.991
1091.32	401.25
1091.65	399.879
1091.98	398.97
1092.31	393.829
1092.64	409.699
1092.96	402.083
1093.29	404.469
1093.62	394.269
1093.95	399.111
1094.28	398.21
1094.6	402.834
1094.93	401.994
1095.26	395.097
1095.59	404.967
1095.92	398.003
1096.24	401.938
1096.57	401.106
1096.9	402.938
1097.23	400.161
1097.56	406.816
1097.88	406.003
1098.21	407.062
1098.54	402.295
1098.87	405.738
1099.19	397.487
1099.52	400.192
1099.85	402.304
1100.18	407.99
1100.5	392.926
1100.83	405.549
1101.16	394.295
1101.49	398.668
1101.82	394.669
1102.14	408.277
1102.47	400.556
1102.8	397.599
1103.13	408.538
1103.45	403.093
1103.78	402.763
1104.11	405.522
1104.43	396.505
1104.76	399.009
1105.09	399.719
1105.42	396.072
1105.74	402.442
1106.07	403.99
1106.4	398.91
1106.73	391.761
1107.05	416.08
1107.38	404.986
1107.71	404.326
1108.03	395.828
1108.36	401.547
1108.69	399.631
1109.02	398.148
1109.34	392.138
1109.67	399.795
1110	403.582
1110.32	395.687
1110.65	399.432
1110.98	406.934
1111.31	403.129
1111.63	400.371
1111.96	396.536
1112.29	403.993
1112.61	396.973
1112.94	399.489
1113.27	397.492
1113.59	402.936
1113.92	402.004
1114.25	397.133
1114.57	400.533
1114.9	400.238
1115.23	396.403
1115.55	398.564
1115.88	392.085
1116.21	408.608
1116.53	404.272
1116.86	392.927
1117.19	391.382
1117.51	404.66
1117.84	397.649
1118.17	404.453
1118.49	402.61
1118.82	401.673
1119.15	408.025
1119.47	402.372
1119.8	401.897
1120.13	405.517
1120.45	394
1120.78	401.802
1121.11	413.773
1121.43	410.247
1121.76	402.549
1122.08	401.382
1122.41	399.302
1122.74	403.677
1123.06	400.795
1123.39	396.811
1123.72	400.803
1124.04	398.171
1124.37	401.493
1124.69	409.298
1125.02	407.544
1125.35	402.02
1125.67	398.378
1126	404.891
1126.32	411.153
1126.65	402.86
1126.98	405.305
1127.3	405.863
1127.63	407.76
1127.95	390.552
1128.28	402.832
1128.61	392.162
1128.93	403.138
1129.26	402.053
1129.58	408.965
1129.91	402.966
1130.24	399.024
1130.56	390.043
1130.89	402.79
1131.21	407.802
1131.54	399.358
1131.87	394.1
1132.19	406.61
1132.52	399.153
1132.84	400.411
1133.17	399.166
1133.49	404.951
1133.82	400.903
1134.14	396.493
1134.47	397.259
1134.8	393.86
1135.12	395.149
1135.45	403.66
1135.77	400.992
1136.1	405.343
1136.42	399.601
1136.75	398
1137.07	407.556
1137.4	399.115
1137.73	394.901
1138.05	394.098
1138.38	396.742
1138.7	401.493
1139.03	400.9
1139.35	397.177
1139.68	397.872
1140	395.195
1140.33	395.294
1140.65	407.367
1140.98	399.02
1141.3	399.038
1141.63	392.071
1141.95	394.766
1142.28	399.096
1142.6	399.844
1142.93	408.811
1143.25	398.574
1143.58	394.939
1143.9	395.831
1144.23	407.71
1144.55	406.632
1144.88	396.676
1145.2	396.521
1145.53	391.855
1145.85	391.603
1146.18	396.539
1146.5	394.516
1146.83	401.008
1147.15	394.527
1147.48	395.402
1147.8	399.509
1148.13	399.646
1148.45	393.56
1148.78	394.677
1149.1	401.867
1149.43	396.131
1149.75	404.001
1150.07	398.591
1150.4	403.857
1150.72	390.138
1151.05	398.346
1151.37	402.827
1151.7	400.287
1152.02	410.286
1152.35	393.686
1152.67	394.399
1153	405.692
1153.32	391.895
1153.64	402.847
1153.97	402.137
1154.29	402.663
1154.62	401.686
1154.94	402.228
1155.27	399.754
1155.59	397.993
1155.92	401.535
1156.24	404.815
1156.56	400
1156.89	396.628
1157.21	396.543
1157.54	396.197
1157.86	400.864
1158.18	398.54
1158.51	395.379
1158.83	392.747
1159.16	395.886
1159.48	393.345
1159.81	407.245
1160.13	395.159
1160.45	405.781
1160.78	403.639
1161.1	403.761
1161.43	398.008
1161.75	407.781
1162.07	392
1162.4	397.002
1162.72	393.016
1163.04	393.997
1163.37	400.972
1163.69	406.857
1164.02	394.23
1164.34	393.921
1164.66	402.875
1164.99	403.523
1165.31	399.509
1165.64	401.518
1165.96	393.793
1166.28	393.822
1166.61	399.895
1166.93	403.981
1167.25	394.265
1167.58	394.383
1167.9	398.144
1168.22	404.247
1168.55	392.948
1168.87	398.779
1169.19	406.51
1169.52	406.004
1169.84	412.779
1170.17	392.504
1170.49	403.039
1170.81	398.853
1171.14	406.688
1171.46	389.532
1171.78	391.462
1172.11	390.733
1172.43	397.14
1172.75	396.573
1173.08	396.156
1173.4	399.694
1173.72	398.029
1174.04	399.618
1174.37	401.917
1174.69	397.716
1175.01	397.362
1175.34	395.459
1175.66	406.518
1175.98	395.843
1176.31	401.15
1176.63	392.347
1176.95	394.993
1177.28	400.112
1177.6	394.029
1177.92	390.824
1178.24	402.36
1178.57	392.724
1178.89	407.899
1179.21	402.962
1179.54	399.512
1179.86	404.476
1180.18	394.794
1180.51	395.85
1180.83	402.015
1181.15	399.85
1181.47	400.957
1181.8	404.241
1182.12	396.898
1182.44	400.794
1182.76	403.371
1183.09	402.393
1183.41	403.846
1183.73	393.909
1184.05	403.417
1184.38	403.533
1184.7	400.663
1185.02	405.365
1185.34	403.43
1185.67	402.464
1185.99	405.02
1186.31	401.505
1186.63	410.951
1186.96	399.28
1187.28	398.309
1187.6	401.974
1187.92	403.506
1188.25	394.675
1188.57	397.993
1188.89	400.834
1189.21	395.216
1189.54	403.199
1189.86	410.049
1190.18	398.112
1190.5	401.236
1190.82	398.574
1191.15	398.639
1191.47	405.572
1191.79	401.067
1192.11	404.9
1192.43	406.353
1192.76	398.093
1193.08	404.127
1193.4	401.071
1193.72	404.796
1194.05	402.922
1194.37	403.042
1194.69	405.029
1195.01	404.936
1195.33	396.061
1195.65	405.649
1195.98	403.627
1196.3	400.708
1196.62	403.909
1196.94	399.899
1197.26	396.61
1197.59	392.814
1197.91	395.782
1198.23	399.578
1198.55	401.608
1198.87	411.472
1199.19	403.402
1199.52	404.795
1199.84	407.898
1199.88	412
