100.116	350.635
100.491	355.078
100.866	353.921
101.243	350.342
101.618	354.08
101.994	349.92
102.369	350.131
102.744	355.667
103.121	351.887
103.496	356.597
103.871	357.958
104.247	356.097
104.622	354.772
104.997	356.299
105.372	361.144
105.749	359.281
106.124	363.138
106.499	362.613
106.874	360.442
107.249	361.665
107.624	359.346
107.999	357.621
108.374	360.748
108.751	354.97
109.126	357.008
109.5	356.741
109.875	356.575
110.25	355.477
110.625	357.831
111	356.738
111.375	357.824
111.749	356.933
112.124	356.995
112.501	356.647
112.876	358.688
113.25	358.135
113.625	362.513
114	355.993
114.374	360.768
114.749	357.855
115.124	357.088
115.498	359.859
115.873	361.013
116.248	357.473
116.622	358.472
116.997	359.671
117.371	360.803
117.746	354.644
118.12	355.529
118.495	357.64
118.869	356.437
119.244	354.616
119.618	357.181
119.993	360.025
120.367	356.049
120.742	353.076
121.116	358.982
121.49	358.404
121.865	360.245
122.239	358.737
122.614	366.841
122.988	359.896
123.362	359.494
123.737	356.294
124.111	358.662
124.485	359.97
124.859	355.068
125.234	354.808
125.608	354.232
125.982	357.433
126.356	356.071
126.73	351.352
127.105	360.727
127.477	355.81
127.851	358.875
128.225	361.81
128.599	357.17
128.973	356.816
129.347	359.346
129.721	359.424
130.095	355.342
130.469	358.766
130.843	362.09
131.217	359.315
131.589	358.119
131.963	355.662
132.337	354.556
132.711	360.345
133.085	357.865
133.459	361.696
133.833	360.746
134.204	358.627
134.578	363.078
134.952	358.879
135.326	358.99
135.7	358.006
136.074	357.584
136.447	359.466
136.819	360.377
137.193	358.367
137.567	358.056
137.94	354.871
138.314	359.211
138.686	361.823
139.059	355.698
139.433	362.909
139.807	360.638
140.18	356.843
140.552	357.405
140.925	360.832
141.299	368.946
141.673	373.706
142.046	373.152
142.418	381.563
142.791	387.939
143.165	400.058
143.538	394.423
143.91	394.47
144.283	372.173
144.656	366.831
145.03	362.091
145.401	356.931
145.775	362.169
146.148	358.788
146.521	358.122
146.893	363.633
147.266	359.457
147.639	357.94
148.013	361.178
148.384	362.607
148.757	359.452
149.13	362.312
149.502	356.092
149.875	361.372
150.248	359.273
150.619	357.417
150.992	358.406
151.366	357.266
151.739	359.128
152.11	354.728
152.483	358.66
152.856	356.406
153.227	358.304
153.6	359.799
153.973	360.544
154.344	359.79
154.717	363.301
155.088	357.849
155.461	361.043
155.834	359.364
156.205	361.843
156.578	359.639
156.951	359.808
157.322	356.537
157.695	357.255
158.068	362.457
158.439	358.644
158.812	359.283
159.182	359.467
159.555	356.655
159.928	358.767
160.299	359.024
160.672	360.296
161.042	361.917
161.415	360.241
161.786	357.933
162.158	358.875
162.531	358.831
162.902	357.543
163.275	357.426
163.645	358.363
164.018	358.579
164.388	359.132
164.761	360.611
165.132	359.771
165.504	358.038
165.877	360.143
166.247	360.163
166.62	361.311
166.99	365.286
167.363	362.269
167.733	357.257
168.106	357.784
168.476	362.969
168.849	361.419
169.219	361.614
169.592	359.905
169.962	358.172
170.334	360.686
170.705	364.844
171.077	359.91
171.447	361.041
171.82	360.153
172.19	360.581
172.562	358.924
172.932	360.912
173.303	360.324
173.675	357.548
174.045	359.003
174.417	359.653
174.788	359.251
175.16	360.395
175.53	363.058
175.902	362.245
176.272	362.85
176.642	362.853
177.014	359.493
177.384	361.692
177.757	363.817
178.127	363.087
178.497	362.415
178.869	359.839
179.239	362.052
179.611	358.575
179.981	361.688
180.351	362.094
180.723	361.346
181.092	361.988
181.464	361.499
181.834	360.052
182.204	359.516
182.576	365.448
182.946	360.34
183.316	363.309
183.688	360.59
184.057	361.854
184.427	361.997
184.799	361.34
185.169	362.084
185.538	361.121
185.91	360.484
186.28	359.231
186.65	364.441
187.021	360.707
187.391	360.499
187.761	357.649
188.132	365.037
188.502	361.86
188.872	361.422
189.243	364.414
189.613	366.318
189.982	362.664
190.352	363.413
190.723	365.541
191.093	360.564
191.462	360.99
191.834	361.803
192.203	359.138
192.573	359.49
192.942	359.338
193.314	360.499
193.683	359.714
194.053	365.38
194.422	362.726
194.793	364.986
195.163	365.573
195.532	363.823
195.901	364.245
196.273	360.405
196.642	362.346
197.011	364.12
197.381	362.591
197.75	358.609
198.121	360.826
198.49	362.593
198.859	360.08
199.229	362.778
199.598	363.243
199.969	357.03
200.338	359.3
200.707	361.905
201.076	361.365
201.445	361.309
201.815	364.293
202.186	362.337
202.555	359.692
202.924	359.578
203.293	366.321
203.662	361.364
204.031	359.267
204.4	358.718
204.771	360.004
205.14	363.383
205.509	364.412
205.878	363.198
206.246	362.365
206.615	362.191
206.984	358.433
207.353	358.025
207.724	359.585
208.093	362.007
208.462	362.812
208.83	366.257
209.199	360.294
209.568	362.312
209.937	361.135
210.305	362.443
210.674	362.736
211.043	363.71
211.411	365.019
211.78	365.936
212.149	366.008
212.52	362.864
212.888	362.878
213.257	363.607
213.625	365.92
213.994	368.132
214.363	362.091
214.731	364.049
215.1	365.485
215.468	364.05
215.837	360.888
216.205	363.633
216.574	367.594
216.942	367.698
217.311	362.141
217.679	365.565
218.047	363.136
218.416	361.66
218.784	361.337
219.153	363.563
219.521	367.315
219.889	361.43
220.258	361.936
220.626	364.864
220.994	362.927
221.363	365.566
221.731	361.597
222.099	361.18
222.467	359.433
222.834	362.892
223.202	361.743
223.57	363.82
223.938	367.509
224.302	364.199
224.672	359.703
225.04	364.978
225.411	364.11
225.779	364.828
226.149	360.8
226.519	365.999
226.887	365.156
227.257	365.998
227.626	364.783
227.996	364.237
228.366	362.084
228.734	365.574
229.104	363.798
229.472	367.696
229.842	364.139
230.21	362.219
230.58	363.801
230.95	361.379
231.318	363.864
231.688	368.176
232.056	368.11
232.426	370.639
232.793	362.377
233.163	367.01
233.531	360.246
233.901	362.039
234.269	365.008
234.639	366.113
235.006	367.296
235.376	360.291
235.746	366.478
236.114	362.748
236.484	362.454
236.851	364.958
237.221	364.908
237.589	370.7
237.956	357.549
238.326	362.277
238.694	362.609
239.063	369.87
239.431	369.209
239.801	364.463
240.168	364.007
240.538	365.632
240.905	369.399
241.275	372.602
241.642	370.06
242.012	365.755
242.379	368.308
242.747	363.098
243.116	367.589
243.484	368.163
243.853	366.721
244.221	367.209
244.59	365.725
244.957	366.867
245.325	362.7
245.694	368.367
246.062	367.022
246.431	365.771
246.798	366.782
247.165	368.987
247.535	364.782
247.902	371.071
248.271	367.15
248.639	359.179
249.006	364.21
249.375	363.806
249.742	365.614
250.109	367.701
250.479	368.933
250.846	367.245
251.213	364.038
251.582	367.294
251.949	373.01
252.316	369.942
252.685	366.714
253.052	369.19
253.419	369.091
253.789	368.118
254.156	366.598
254.523	367.416
254.892	367.297
255.259	369.027
255.625	371.591
255.994	366.261
256.361	366.217
256.728	365.902
257.097	361.995
257.464	362.086
257.831	363.964
258.198	368.191
258.567	369.393
258.933	367.515
259.3	371.134
259.667	369.081
260.036	372.383
260.403	372.096
260.769	371.192
261.136	371.785
261.505	367.558
261.872	371.071
262.238	366.699
262.605	367.491
262.974	365.648
263.34	369.077
263.707	369.24
264.073	369.813
264.442	365.255
264.809	364.989
265.175	365.684
265.542	364.771
265.908	365.07
266.277	365.693
266.643	364.357
267.01	370.403
267.376	369.71
267.743	367.862
268.109	368.525
268.478	368.405
268.844	369.665
269.211	374.492
269.577	373.083
269.943	368.077
270.31	369.394
270.678	369.943
271.044	371.462
271.411	367.896
271.777	376.141
272.143	373.722
272.51	370.453
272.876	368.642
273.244	370.534
273.61	369.565
273.977	366.328
274.343	366.583
274.709	367.991
275.075	368.061
275.441	369.521
275.807	371.128
276.174	369.615
276.54	368.017
276.908	368.659
277.274	368.03
277.64	369.853
278.006	374.776
278.372	371.694
278.738	368.201
279.104	371.798
279.47	368.794
279.836	369.179
280.202	369.262
280.568	368.294
280.934	369.533
281.3	371.984
281.666	364.523
282.032	366.297
282.397	370.623
282.763	373.537
283.129	374.633
283.495	371.419
283.861	372.583
284.227	374.347
284.592	368.38
284.958	369.553
285.324	371.456
285.69	371.55
286.055	371.262
286.421	370.646
286.787	365.784
287.153	369.274
287.518	372.547
287.884	368.77
288.25	371.663
288.615	371.087
288.981	367.168
289.346	368.525
289.712	368.185
290.078	371.882
290.443	370.556
290.809	369.354
291.174	366.9
291.54	367.023
291.905	368.322
292.271	369.528
292.636	370.011
292.999	365.428
293.365	367.961
293.73	370.684
294.096	372.583
294.461	366.889
294.827	366.85
295.192	370.143
295.557	375.593
295.923	368.331
296.288	373.293
296.651	372.996
297.016	373.995
297.382	371.677
297.747	365.505
298.112	371.439
298.477	370.993
298.843	368.394
299.206	372.156
299.571	369.391
299.936	369.054
300.301	370.315
300.667	375.36
301.032	371.185
301.395	369.202
301.76	367.694
302.125	370.882
302.49	371.586
302.855	372.007
303.22	367.41
303.583	367.651
303.948	369.933
304.313	372.513
304.678	368.645
305.043	371.833
305.406	373.594
305.771	368.871
306.136	374.342
306.501	371.896
306.864	373.298
307.228	369.788
307.593	373.041
307.958	376.983
308.321	376.194
308.686	373.613
309.051	368.225
309.415	366.601
309.778	365.337
310.143	372.92
310.508	369.776
310.872	372.089
311.235	374.082
311.6	375.93
311.965	370.819
312.329	370.788
312.692	369.011
313.056	374.942
313.421	377.664
313.784	372.369
314.148	372.894
314.513	372.523
314.875	371.139
315.24	371.139
315.605	365.827
315.967	369.483
316.332	374.984
316.696	372.928
317.058	371.595
317.423	371.876
317.787	374.32
318.15	374.703
318.514	373.54
318.879	372.93
319.241	370.219
319.605	373.128
319.97	371.727
320.332	369.509
320.697	369.321
321.059	369.751
321.423	372.696
321.787	369.28
322.15	370.361
322.514	372.293
322.878	373.969
323.24	372.385
323.605	368.952
323.967	368.068
324.331	369.524
324.693	371.736
325.057	372.142
325.421	372.421
325.784	371.766
326.148	373.646
326.51	374.71
326.874	376.314
327.236	373.805
327.6	372.762
327.964	375.478
328.326	373.537
328.69	375.976
329.052	377.78
329.416	372.791
329.778	373.106
330.142	372.306
330.504	372.188
330.868	374.54
331.23	376.329
331.594	372.317
331.955	370.288
332.319	375.245
332.681	377.388
333.045	376.191
333.407	371.137
333.771	368.66
334.132	371.619
334.496	374.982
334.858	371.116
335.222	369.005
335.583	371.13
335.947	378.778
336.309	379.81
336.673	377.463
337.034	376.201
337.396	375.265
337.76	375.755
338.121	376.558
338.485	370.922
338.846	371.445
339.21	370.576
339.572	378.256
339.933	373.562
340.297	371.234
340.658	372.799
341.022	371.46
341.383	374.295
341.421	374.485
341.784	379.38
342.148	372.637
342.511	370.057
342.875	373.439
343.238	374.961
343.602	373.993
343.965	373.866
344.328	375.677
344.692	369.398
345.055	371.355
345.421	372.072
345.784	377.785
346.147	378.675
346.511	373.441
346.874	369.307
347.237	371.698
347.601	374.235
347.964	375.215
348.327	374.3
348.691	375.491
349.054	375.74
349.417	374.441
349.78	373.533
350.143	374.874
350.507	374.734
350.87	377.126
351.233	372.765
351.596	368.936
351.959	371.451
352.322	371.26
352.685	373.089
353.049	376.505
353.412	372.61
353.773	375.987
354.136	375.703
354.499	376.766
354.862	377.313
355.225	378.804
355.588	375.67
355.951	372.606
356.314	375.931
356.677	381.344
357.039	374.501
357.402	377.558
357.765	377.693
358.128	376.353
358.491	373.979
358.852	371.906
359.215	376.546
359.578	377.098
359.94	374.676
360.303	376.582
360.666	382.048
361.029	376.447
361.391	376.853
361.754	375.912
362.115	377.07
362.478	375.717
362.84	378.442
363.203	378.878
363.566	372.646
363.928	375.11
364.291	376.213
364.651	377.27
365.014	377.643
365.377	374.524
365.739	378.024
366.102	376.403
366.464	380.013
366.825	380.791
367.187	377.934
367.55	374.754
367.912	378.902
368.275	379.415
368.635	380.894
368.998	377.393
369.36	378.583
369.723	379.487
370.085	376.511
370.445	374.364
370.808	377.716
371.17	376.561
371.533	375.835
371.893	378.285
372.255	380.712
372.617	381.166
372.98	382.186
373.34	376.96
373.702	379.646
374.064	378.592
374.427	380.937
374.787	380.733
375.149	378.056
375.511	380.252
375.873	380.895
376.234	376.521
376.596	379.98
376.958	383.162
377.318	379.234
377.68	378.798
378.042	378.834
378.404	371.823
378.764	373.563
379.126	372.703
379.488	374.646
379.848	379.09
380.21	376.452
380.572	379.688
380.932	375.548
381.294	378.595
381.656	373.92
382.016	374.422
382.378	376.567
382.74	373.32
383.1	371.863
383.462	373.843
383.824	374.156
384.183	379.525
384.545	371.881
384.905	372.17
385.267	378.2
385.629	372.181
385.988	378.136
386.35	382.131
386.712	380.876
387.072	372.173
387.433	375.964
387.793	375.702
388.155	372.596
388.516	372.054
388.876	376.696
389.238	376.869
389.597	380.382
389.959	379.819
390.318	371.326
390.68	374.293
391.042	384.137
391.401	385.535
391.763	375.177
392.122	375.673
392.484	378.724
392.843	377.602
393.205	373.474
393.564	381.11
393.925	373.082
394.285	374.175
394.646	374.804
395.008	376.528
395.367	377.537
395.729	379.1
396.088	380.681
396.449	381.867
396.809	384.003
397.17	378.779
397.529	382.129
397.89	378.037
398.25	383.5
398.611	377.656
398.97	377.017
399.332	377.314
399.691	380.999
400.05	378.091
400.411	378.127
400.77	378.926
401.131	377.397
401.491	374.049
401.852	381.574
402.211	376.312
402.572	374.151
402.931	379.549
403.29	379.616
403.651	377.242
404.01	377.256
404.371	381.238
404.73	383.84
405.091	377.819
405.45	377.162
405.809	376.673
406.17	378.444
406.529	380.074
406.89	378.252
407.249	374.038
407.608	378.261
407.969	374.512
408.328	375.131
408.688	377.99
409.047	374.407
409.406	377.305
409.767	377.131
410.126	374.537
410.485	377.106
410.845	377.639
411.204	377.788
411.563	381.281
411.924	381.947
412.282	382.115
412.641	379.451
413.002	378.685
413.36	376.234
413.719	379.443
414.08	383.063
414.438	380.836
414.797	377.787
415.158	380.2
415.516	383.57
415.875	388.892
416.235	394.187
416.594	398.012
416.952	400.142
417.311	399.041
417.671	405.109
418.03	404.601
418.388	404.894
418.749	406.162
419.107	397.347
419.466	390.83
419.824	389.297
420.184	383.57
420.543	380.265
420.901	382.511
421.26	384.89
421.62	384.285
421.978	381.145
422.337	383.005
422.695	384.431
423.053	383.405
423.413	382.698
423.772	379.935
424.13	376.707
424.488	375.308
424.846	378.991
425.207	378.49
425.565	384.133
425.923	380.435
426.281	373.564
426.639	378.534
426.999	378.422
427.357	378.363
427.716	385.822
428.074	382.685
428.432	381.712
428.79	383.404
429.15	380.136
429.508	380.233
429.866	382.98
430.224	385.463
430.582	385.302
430.94	387.25
431.298	380.763
431.658	378.126
432.016	380.136
432.374	383.025
432.732	384.101
433.089	382.334
433.447	376.883
433.805	377.599
434.163	383.067
434.523	380.2
434.881	376.803
435.238	376.576
435.596	375.584
435.954	379.061
436.312	382.11
436.67	379.539
437.027	377.165
437.385	381.564
437.743	379.029
438.1	374.769
438.458	369.919
438.816	385.799
439.173	376.658
439.531	376.871
439.891	379.891
440.248	384.743
440.606	382.247
440.963	382.969
441.321	375.929
441.679	377.029
442.036	374.986
442.394	382.916
442.751	379.696
443.109	380.962
443.466	380.869
443.824	381.838
444.181	376.03
444.538	379.342
444.896	378.98
445.253	378.186
445.611	380.064
445.968	377.075
446.325	375.931
446.683	379.721
447.04	381.33
447.397	380.274
447.753	385.339
448.11	384.021
448.467	381.532
448.825	378.72
449.182	380.484
449.539	381.589
449.896	382.993
450.253	382.209
450.611	385.64
450.968	378.237
451.325	373.098
451.682	375.607
452.039	377.999
452.396	375.613
452.752	378.881
453.109	382.321
453.466	373.595
453.823	372.087
454.18	373.064
454.211	373.121
454.568	375.786
454.927	380.065
455.286	375.292
455.643	371.459
456.002	374.035
456.359	372.48
456.718	378.848
457.075	377.596
457.434	378.188
457.791	375.169
458.15	380.756
458.509	376.543
458.866	380.367
459.224	379.007
459.581	375.476
459.94	376.626
460.297	375.105
460.656	377.586
461.013	377.671
461.372	376.991
461.728	380.731
462.087	380.862
462.444	372.098
462.803	378.16
463.159	372.188
463.518	378.093
463.875	375.544
464.233	375.659
464.59	377.414
464.949	380.621
465.305	379.309
465.664	378.793
466.021	377.215
466.377	374.098
466.736	373.344
467.092	370.963
467.451	372.306
467.808	377.459
468.166	376.028
468.523	378.237
468.881	372.626
469.238	374.447
469.594	375.862
469.953	378.718
470.309	378.681
470.668	376.642
471.024	372.943
471.38	375.945
471.739	374.658
472.095	377.694
472.454	372.074
472.81	375.093
473.166	373.257
473.525	377.888
473.881	374.851
474.237	371.002
474.595	375.891
474.952	375.395
475.31	373.517
475.666	374.418
476.022	373.856
476.381	371.482
476.737	373.685
477.093	375.77
477.451	379.46
477.807	379.133
478.163	376.949
478.522	372.607
478.878	375.506
479.234	372.679
479.592	373.99
479.948	374.807
480.304	377.06
480.662	369.819
481.018	367.857
481.374	371.958
481.73	381.327
482.088	381.161
482.444	373.504
482.8	371.032
483.158	376.776
483.514	380.063
483.87	372.53
484.226	373.198
484.584	371.975
484.94	371.836
485.295	372.079
485.651	374.665
486.009	380.44
486.365	374.672
486.721	377.134
487.077	374.749
487.434	377.254
487.79	375.635
488.146	375.697
488.502	374.704
488.857	375.471
489.215	374.077
489.571	371.529
489.926	377.986
490.282	376.118
490.638	376.91
490.995	372.739
491.351	370.955
491.707	376.002
492.062	373.889
492.418	378.025
492.775	377.437
493.131	376.409
493.486	377.08
493.842	376.864
494.197	377.103
494.553	379.907
494.908	378.816
495.266	379.147
495.621	374.139
495.977	372.336
496.332	377.651
496.688	374.254
497.043	369.884
497.398	377.235
497.756	376.504
498.111	376.759
498.466	376.78
498.822	377.805
499.177	374.911
499.532	369.721
499.888	374.482
500.243	375.194
500.598	379.647
500.953	371.867
501.311	371.49
501.666	376.984
502.021	378.773
502.376	378.14
502.732	374.764
503.087	375.057
503.442	376.385
503.797	376.812
504.152	381.91
504.507	377.501
504.862	376.298
505.217	374.117
505.572	375.111
505.927	374.321
506.282	371.394
506.638	376.292
506.993	377.475
507.348	380.77
507.702	378.446
508.057	379.686
508.412	377.41
508.767	376.542
509.122	376.797
509.477	373.839
509.832	378.054
510.187	375.53
510.542	375.646
510.897	374.002
511.252	379.748
511.606	377.092
511.961	377.151
512.316	377.259
512.671	377.632
513.026	372.268
513.38	377.074
513.735	374.295
514.09	375.336
514.445	381
514.799	376.741
515.154	379.528
515.509	375.715
515.863	376.348
516.216	375.167
516.57	374.047
516.925	370.353
517.28	380.258
517.634	374.759
517.989	377.779
518.343	381.518
518.698	381.341
519.053	374.346
519.407	379.991
519.76	378.287
520.114	375.204
520.469	378.945
520.823	382.829
521.177	378.92
521.532	378.59
521.886	377.107
522.239	375.51
522.593	379.343
522.948	380.981
523.302	383.977
523.656	378.4
524.011	379.955
524.365	374.876
524.717	380.844
525.072	382.789
525.426	373.621
525.78	385.68
526.134	378.655
526.487	380.563
526.841	376.651
527.195	376.1
527.549	379.762
527.903	379.757
528.256	376.397
528.61	382.199
528.964	381.58
529.318	382.515
529.672	381.668
530.024	376.821
530.378	378.056
530.732	383.545
531.086	381.029
531.439	379.945
531.793	378.56
532.147	381.064
532.501	383.169
532.853	379.772
533.207	383.57
533.561	382.615
533.912	379.373
534.266	379.179
534.62	382.627
534.974	380.529
535.326	380.857
535.68	381.683
536.034	382.592
536.386	379.948
536.74	379.546
537.094	378.371
537.447	381.671
537.799	382.491
538.153	380.905
538.507	379.273
538.858	378.224
539.212	378.604
539.566	376.138
539.918	375.385
540.271	383.055
540.625	379.543
540.977	379.737
541.33	380.696
541.682	379.816
542.036	382.683
542.389	385.962
542.741	385.399
543.094	383.098
543.448	379.878
543.8	380.26
544.153	384.119
544.505	379.967
544.858	384.118
545.212	388.661
545.563	385.752
545.917	385.293
546.268	384.665
546.622	380.456
546.975	382.274
547.327	385.214
547.68	385.158
548.031	381.036
548.385	385.151
548.738	381.691
549.089	382.814
549.443	386.329
549.794	383.732
550.147	383.793
550.499	387.04
550.852	387.178
551.203	387.015
551.557	385.314
551.908	385.88
552.261	387.497
552.612	392.171
552.966	382.281
553.317	383.816
553.67	383.445
554.021	388.632
554.374	381.151
554.725	398.493
555.078	386.207
555.43	394.635
555.783	392.703
556.134	389.468
556.487	386.742
556.838	385.93
557.191	389.206
557.542	396.029
557.895	392.633
558.246	390.026
558.599	398.785
558.95	399.741
559.303	398.713
559.654	402.054
560.005	411.921
560.358	412.523
560.709	401.988
561.062	403.957
561.412	406.394
561.765	402.87
562.116	408.031
562.467	416.476
562.82	409.785
563.171	414.321
563.523	421.877
563.874	419.908
564.225	429.714
564.578	429.454
564.929	441.711
565.281	453.878
565.632	458.253
565.983	476.218
566.335	482.089
566.686	503.239
567.037	536.814
567.389	566.098
567.74	609.867
567.924	650.713
568.277	724.359
568.63	808.924
568.982	919.143
569.335	1021.78
569.687	1136.97
570.04	1258.1
570.393	1317.44
570.745	1316.69
571.098	1220.8
571.45	1074.49
571.803	902.634
572.155	746.571
572.508	640.163
572.86	556.439
573.212	513.961
573.565	479.032
573.917	456.085
574.27	444.619
574.622	426.238
574.974	412.862
575.327	412.679
575.679	412.315
576.031	410.845
576.384	405.622
576.736	401.591
577.088	398.563
577.441	394.351
577.793	395.208
578.145	393.904
578.497	387.271
578.85	391.035
579.202	383.437
579.554	384.673
579.906	379.278
580.256	380.024
580.609	381.477
580.961	372.63
581.313	376.854
581.665	381.256
582.017	381.341
582.369	379.563
582.721	375.087
583.073	376.628
583.425	374.265
583.775	373.872
584.127	375.81
584.479	376.04
584.831	370.678
585.183	373.152
585.535	375.171
585.887	374.645
586.237	372.506
586.589	365.785
586.941	376.285
587.293	371.388
587.645	368.479
587.997	371.17
588.346	365.476
588.698	373.911
589.05	377.837
589.402	371.838
589.754	371.29
590.106	368.778
590.455	372.525
590.807	373.173
591.159	374.822
591.51	375.513
591.862	366.542
592.212	370.246
592.564	372.808
592.915	370.965
593.267	366.945
593.617	372.632
593.968	370.634
594.32	372.907
594.671	369.957
595.023	369.421
595.373	368.385
595.724	375.341
596.076	370.32
596.425	372.587
596.777	367.12
597.128	370.246
597.48	372.638
597.829	374.841
598.181	371.12
598.532	372.454
598.884	372.815
599.233	370.389
599.585	366.514
599.936	367.041
600.285	372.336
600.637	371.428
600.988	371.149
601.337	368.832
601.689	369.726
602.04	369.158
602.389	373.12
602.741	371.316
603.092	370.845
603.441	365.055
603.792	373.531
604.144	372.131
604.493	371.619
604.844	374.32
605.195	366.693
605.544	368.555
605.896	374.508
606.247	367.088
606.596	371.331
606.947	367.922
607.298	367.52
607.647	368.6
607.998	372.609
608.347	371.941
608.699	367.746
609.05	368.367
609.399	369.764
609.75	369.444
610.099	367.59
610.45	368.037
610.801	362.09
611.15	374.297
611.501	367.518
611.849	371.537
612.2	367.912
612.549	371.951
612.9	367.044
613.251	368.463
613.6	369.567
613.951	369.062
614.3	374.31
614.651	367.879
614.999	366.08
615.35	371.785
615.699	366.158
616.05	361.97
616.398	372.943
616.749	367.311
617.098	369.403
617.449	373.014
617.797	368.766
618.148	369.423
618.497	369.32
618.847	366.811
619.196	366.698
619.547	372.702
619.895	369.803
620.246	372.679
620.595	371.781
620.945	365.387
621.294	365.884
621.644	366.762
621.993	368.066
622.343	367.78
622.692	368.239
623.042	371.247
623.391	366.965
623.739	375.033
624.09	373.458
624.438	365.431
624.789	369.196
625.137	364.336
625.488	369.229
625.836	376.058
626.184	375.459
626.535	368.178
626.883	367.58
627.233	372.884
627.582	373.954
627.93	368.587
628.28	366.15
628.629	369.406
628.979	369.488
629.327	368.454
629.676	368.853
630.026	366.397
630.374	367.87
630.722	363.574
631.072	362.888
631.421	364.194
631.769	366.88
632.119	369.879
632.467	370.548
632.817	368.567
633.165	371.869
633.513	370.311
633.863	367.218
634.212	366.633
634.56	366.07
634.908	366.852
635.258	367.042
635.606	365.511
635.954	366.604
636.304	370.018
636.652	366.407
637	364.83
637.35	366.729
637.698	367.275
638.046	367.805
638.393	363.722
638.743	366.248
639.091	366.952
639.439	365.697
639.787	362.277
640.137	367.939
640.485	371.317
640.832	373.573
641.182	370.924
641.53	366.267
641.878	366.683
642.226	366.462
642.573	371.421
642.923	370.905
643.271	370.051
643.619	370.469
643.966	372.335
644.316	366.811
644.664	366.077
645.011	365.255
645.359	363.637
645.707	366.251
646.056	365.902
646.404	366.262
646.751	368.665
647.099	365.642
647.447	365.185
647.794	368.758
648.144	368.893
648.491	369.113
648.839	363.633
649.186	366.456
649.534	361.547
649.881	360.31
650.231	365.757
650.578	366.759
650.925	368.745
651.273	369.146
651.62	368.57
651.968	364.86
652.315	370.033
652.662	367.296
653.012	362.875
653.359	364.948
653.706	365.479
654.054	365.05
654.401	363.202
654.748	366.811
655.096	363.614
655.443	363.019
655.79	366.596
656.137	371.355
656.487	368.44
656.834	366.861
657.181	368.391
657.528	364.836
657.875	363.702
658.222	365.822
658.57	367.628
658.917	369.165
659.264	367.959
659.611	362.216
659.958	367.958
660.305	373.202
660.652	371.225
660.999	362.014
661.346	366.698
661.693	373.587
662.04	369.916
662.387	372.726
662.734	366.379
663.081	365.33
663.428	366.478
663.775	366.436
664.122	367.768
664.469	367.131
664.816	360.146
665.163	367.152
665.51	366.891
665.856	365.406
666.203	370.785
666.55	366.971
666.897	366.328
667.244	369.532
667.591	365.28
667.937	364.947
668.284	364.786
668.631	370.242
668.978	366.074
669.324	370.987
669.671	366.489
670.016	362.388
670.362	364.759
670.709	367.454
671.056	362.789
671.402	362.659
671.749	363.238
672.096	365.888
672.442	366.117
672.789	364.791
673.135	363.719
673.48	362.445
673.827	366.727
674.173	367.037
674.52	369.347
674.866	364.533
675.213	364.179
675.559	367.93
675.906	371.867
676.25	362.881
676.597	366.775
676.943	364.82
677.289	368.679
677.636	364.382
677.982	363.615
678.327	363.275
678.673	362.845
679.019	365.325
679.322	363.222
679.668	367.835
680.016	370.804
680.363	368.401
680.711	365.494
681.057	363.23
681.405	361.411
681.752	365.734
682.1	365.777
682.448	367.918
682.794	365.527
683.141	367.387
683.489	366.476
683.835	366.133
684.183	364.654
684.529	364.105
684.877	368.241
685.223	368.36
685.572	370.061
685.918	366.014
686.266	368.529
686.612	370.211
686.96	369.258
687.306	371.837
687.654	370.737
688	363.185
688.346	362.301
688.694	364.939
689.04	364.213
689.388	365.648
689.734	362.546
690.082	363.526
690.428	361.192
690.774	365.169
691.121	366.867
691.467	366.002
691.815	365.024
692.161	364.675
692.507	364.862
692.855	369.798
693.201	366.305
693.548	367.308
693.894	368.174
694.24	368.389
694.588	366.237
694.933	366.308
695.279	365.831
695.627	366.751
695.973	369.375
696.318	364.761
696.666	367.818
697.012	365.896
697.357	369.791
697.705	367.405
698.051	364.813
698.396	365.21
698.744	365.471
699.089	364.662
699.435	362.088
699.782	369.134
700.128	364.16
700.474	367.224
700.821	362.427
701.167	365.386
701.512	364.253
701.86	364.627
702.205	365.598
702.55	367.094
702.896	367.747
703.243	361.512
703.589	362.717
703.934	367.214
704.28	365.939
704.627	365.911
704.972	366.005
705.318	366.214
705.663	367.136
706.01	364.865
706.356	364.368
706.701	363.16
707.046	367.624
707.393	368.626
707.739	356.048
708.084	365.539
708.429	371.66
708.774	361.182
709.122	367.136
709.467	363.297
709.812	367.561
710.157	369.272
710.502	360.966
710.849	365.749
711.195	359.479
711.54	364.378
711.885	369.438
712.23	368.329
712.577	366.9
712.922	365.189
713.267	362.023
713.612	363.675
713.957	366.188
714.302	361.765
714.647	360.217
714.994	368.609
715.339	364.422
715.684	369.879
716.029	363.562
716.374	367.622
716.719	369.862
717.064	361.771
717.409	363.361
717.755	362.377
718.1	368.269
718.445	368.461
718.79	368.293
719.135	365.803
719.48	371.824
719.824	365.494
720.169	365.296
720.514	367.121
720.859	366.683
721.204	366.4
721.55	364.086
721.895	367.699
722.24	369.069
722.584	367.503
722.929	365.48
723.274	370.267
723.618	370.325
723.963	366.704
724.308	367.438
724.652	366.236
724.997	365.47
725.341	363.002
725.686	367.937
726.031	369.068
726.375	369.928
726.72	370.564
727.064	369.244
727.409	367.092
727.753	368.504
728.098	366.925
728.442	368.566
728.787	370.745
729.131	371.698
729.475	372.007
729.82	373.729
730.164	372.183
730.509	371.16
730.853	371.305
731.197	371.858
731.542	374.01
731.886	376.436
732.23	377.383
732.575	380.496
732.919	383.922
733.263	386.006
733.606	386.566
733.95	392.41
734.294	388.167
734.638	390.179
734.983	391.044
735.327	392.274
735.671	395.936
736.015	392.343
736.359	395.092
736.703	394.077
737.048	389.386
737.39	389.051
737.734	387.909
738.078	385.583
738.422	378.647
738.766	382.994
739.11	382.323
739.454	379.332
739.798	373.768
740.14	372.323
740.484	381.749
740.828	378.925
741.172	382.866
741.516	382.466
741.86	374.036
742.204	367.945
742.546	375.272
742.89	373.964
743.234	374.33
743.578	374.676
743.922	377.53
744.264	376.792
744.607	380.118
744.951	380.917
745.295	374.289
745.639	371.524
745.981	378.336
746.325	381.732
746.668	378.808
747.012	379.774
747.356	378.101
747.698	376.786
748.041	378.841
748.385	381.923
748.729	381.213
749.07	378.276
749.414	383.524
749.758	381.431
750.101	384.685
750.443	381.55
750.787	382.384
751.13	376.311
751.474	382.491
751.815	380.78
752.159	380.551
752.503	378.907
752.844	380.377
753.188	383.816
753.531	381.311
753.875	382.287
754.216	374.097
754.56	380.344
754.903	376.426
755.245	372.811
755.588	372.904
755.931	369.241
756.273	371.316
756.616	375.039
756.96	373.352
757.301	372.644
757.644	372.152
757.988	376.421
758.329	374.558
758.672	374.627
759.016	371.386
759.357	372.986
759.7	374.157
760.043	372.734
760.385	371.67
760.728	366.342
761.069	370.868
761.412	370.707
761.756	373.134
762.097	371.884
762.44	370.789
762.783	372.868
763.124	369.893
763.467	364.264
763.809	364.849
764.152	370.567
764.493	373.367
764.836	367.474
765.179	365.043
765.52	368.275
765.863	366.94
766.204	365.867
766.547	367.323
766.888	365.398
767.231	365.276
767.574	366.343
767.915	370.381
768.258	371.836
768.599	367.574
768.942	368.135
769.283	370.952
769.626	371.507
769.967	368.083
770.31	370.184
770.65	369.154
770.993	368.478
771.334	370.589
771.677	370.39
772.018	365.806
772.361	371.18
772.701	374.825
773.044	374.11
773.385	371.761
773.728	371.051
774.068	367.582
774.411	373.154
774.752	371.985
775.095	371.099
775.435	372.486
775.778	369.04
776.119	370.433
776.459	373.029
776.802	370.918
777.142	370.865
777.485	369.582
777.826	369.555
778.168	369.681
778.509	368.122
778.849	369.55
779.192	370.983
779.532	368.892
779.875	369.936
780.216	369.484
780.556	369.638
780.898	371.257
781.239	366.608
781.581	371.056
781.922	370.925
782.262	368.697
782.605	372.595
782.945	367.232
783.288	367.986
783.628	376.343
783.968	371.696
784.311	372.817
784.651	372.212
784.991	373.176
785.334	371.526
785.674	366.568
786.014	364.939
786.356	370.899
786.697	371.926
787.037	372.922
787.379	369.35
787.719	371.153
788.06	372.056
788.402	372.277
788.742	373.565
789.082	371.08
789.422	371.407
789.765	369.21
790.105	370.636
790.445	366.839
790.787	369.458
791.127	370.012
791.432	370.192
791.774	367.756
792.116	370.838
792.458	371.058
792.8	370.298
793.142	363.489
793.484	374.846
793.826	373.437
794.168	373.317
794.51	378.015
794.85	374.626
795.191	368.894
795.533	368.602
795.875	373.323
796.217	370.259
796.559	377.727
796.901	377.209
797.243	374.615
797.585	369.681
797.926	375.124
798.268	374.788
798.61	372.236
798.952	369.26
799.292	372.995
799.633	370.345
799.975	376.187
800.317	373.248
800.659	373.538
801	371.413
801.342	370.169
801.684	372.862
802.023	371.511
802.365	375.97
802.707	372.756
803.048	370.763
803.39	369.522
803.732	370.709
804.073	373.117
804.413	373.826
804.754	376.241
805.096	369.266
805.437	377.367
805.779	371.611
806.12	372.115
806.46	370.042
806.801	369.786
807.143	372.25
807.484	373.467
807.826	373.163
808.165	371.833
808.507	369.916
808.848	376.809
809.189	372.717
809.531	367.681
809.87	372.005
810.212	371.931
810.553	370.747
810.894	376.498
811.234	374.975
811.575	376.016
811.916	370.248
812.257	374.961
812.597	376.641
812.938	370.999
813.279	373.491
813.62	369.356
813.96	375.426
814.301	372.845
814.642	368.866
814.983	371.187
815.323	372.056
815.664	376.115
816.005	372.97
816.344	373.524
816.685	373.604
817.026	372.186
817.365	371.87
817.706	375.734
818.047	374.587
818.388	370.311
818.727	367.733
819.068	372.121
819.41	375.497
819.749	373.578
820.09	370.635
820.43	374.193
820.769	373.87
821.11	370.063
821.451	376.233
821.79	376.861
822.131	371.387
822.47	374.369
822.811	370.628
823.152	374.022
823.491	373.707
823.832	369.149
824.172	373.653
824.511	376.207
824.852	371.84
825.191	371.223
825.532	367.793
825.872	370.856
826.211	373.477
826.552	373.52
826.891	372.323
827.231	375.713
827.57	371.991
827.911	374.672
828.251	376.582
828.59	373.182
828.931	371.588
829.269	370.118
829.61	369.182
829.949	375.458
830.289	374.47
830.628	372.407
830.969	370.707
831.309	373.294
831.648	368.686
831.988	367.58
832.327	365.407
832.667	369.337
833.006	372.715
833.346	366.459
833.685	369.891
834.025	371.335
834.364	368.195
834.704	371.009
835.043	374.943
835.383	371.605
835.721	374.142
836.062	374.086
836.4	373.069
836.74	373.788
837.079	369.872
837.419	372.997
837.758	371.637
838.096	369.427
838.436	372.633
838.774	369.173
839.115	370.785
839.453	374.012
839.793	375.496
840.131	373.274
840.472	373.528
840.81	371.042
841.148	377.778
841.488	374.023
841.826	370.754
842.167	370.789
842.505	375.874
842.843	375.483
843.183	372.258
843.521	374.195
843.861	371.444
844.199	368.979
844.537	375.627
844.878	376.831
845.216	369.019
845.556	370.97
845.894	373.783
846.232	372.696
846.572	378.486
846.91	377.632
847.248	369.856
847.588	371.858
847.926	374.088
848.263	372.597
848.603	371.774
848.941	374.889
849.279	373.405
849.619	372.833
849.957	373.606
850.295	376.75
850.635	372.181
850.972	371.311
851.31	375.435
851.65	372.804
851.988	374.724
852.326	372.822
852.664	375.151
853.003	371.05
853.341	372.99
853.679	374.767
854.018	372.906
854.356	370.473
854.694	368.471
855.032	373.956
855.371	374.649
855.709	373.06
856.047	371.557
856.384	368.941
856.724	373.615
857.061	374.902
857.399	374.617
857.737	373.949
858.076	372.245
858.414	374.927
858.751	371.355
859.089	373.785
859.426	377.886
859.766	375.182
860.103	370.666
860.441	369.079
860.778	373.724
861.116	370.678
861.455	372.806
861.793	372.564
862.13	367.833
862.467	371.54
862.805	374.12
863.142	374.711
863.482	376.482
863.819	375.041
864.156	372.591
864.494	378.448
864.831	378.697
865.168	376.642
865.507	375.728
865.845	371.546
866.182	372.91
866.519	374.127
866.857	372.629
867.194	373.788
867.531	367.038
867.868	369.076
868.207	371.94
868.545	371.426
868.882	372.889
869.219	374.931
869.556	373.877
869.893	369.359
870.23	372.803
870.567	377.349
870.904	375.827
871.242	374.924
871.579	377.853
871.916	373.446
872.255	373.438
872.592	372.415
872.929	377.235
873.266	375.869
873.603	373.314
873.94	373.302
874.277	370.381
874.614	375.626
874.951	375.616
875.288	372.941
875.624	371.497
875.961	375.561
876.298	372.192
876.635	370.859
876.972	369.575
877.309	371.184
877.646	375.579
877.983	372.208
878.319	368.018
878.656	374.422
878.993	377.29
879.33	375.296
879.667	377.69
880.003	373.497
880.34	379.648
880.677	378.165
881.013	377.813
881.35	374.557
881.687	382.638
882.023	378.354
882.36	372.728
882.697	370.845
883.031	379.231
883.368	377.145
883.705	373.75
884.041	374.539
884.378	375.084
884.715	377.352
885.051	377.217
885.388	368.666
885.724	374.817
886.061	376.792
886.397	374.429
886.734	372.852
887.068	373.876
887.405	375.679
887.741	375.476
888.078	378.239
888.414	376.217
888.75	380.111
889.087	375.732
889.423	381.247
889.758	377.425
890.094	380.086
890.43	376.413
890.767	379.096
891.103	381.675
891.44	374.448
891.774	376.903
892.11	380.23
892.446	373.974
892.783	380.429
893.119	381.892
893.455	377.571
893.789	378.44
894.126	380.754
894.462	380.378
894.798	378.568
895.134	375.461
895.469	379.613
895.805	380.401
896.141	377.775
896.477	374.161
896.813	375.588
897.147	380.416
897.483	379.644
897.819	379.173
898.156	375.914
898.49	377.662
898.826	378.464
899.162	373.315
899.498	375.228
899.832	380.4
900.168	382.316
900.275	382.748
900.611	378.318
900.949	378.087
901.285	378.876
901.623	383.238
901.959	377.906
902.295	377.28
902.633	381.162
902.969	377.867
903.306	378.702
903.642	381.884
903.98	382.831
904.316	385.045
904.652	376.857
904.99	377.191
905.325	380.148
905.663	379.484
905.999	378.562
906.335	377.014
906.672	378.503
907.008	375.951
907.344	375.412
907.681	380.796
908.017	374.942
908.355	379.831
908.69	377.95
909.026	378.399
909.364	373.016
909.699	376.666
910.035	379.806
910.372	379.973
910.708	382.063
911.044	381.857
911.381	381.432
911.717	375.85
912.052	377.088
912.39	382.382
912.725	379.405
913.061	373.72
913.396	378.318
913.734	381.862
914.069	382.814
914.405	383.163
914.742	379.793
915.078	379.689
915.413	380.958
915.748	381.001
916.086	385.823
916.421	380.533
916.757	376.911
917.094	381.054
917.429	382.771
917.765	381.337
918.1	377.967
918.437	379.19
918.772	385.305
919.108	381.552
919.443	379.877
919.778	379.926
920.115	383.256
920.451	379.702
920.786	375.254
921.121	376.142
921.458	379.398
921.793	378.389
922.129	379.37
922.464	384.496
922.799	378.984
923.136	375.943
923.471	379.812
923.806	382.874
924.141	383.643
924.476	375.617
924.811	377.025
925.148	385.025
925.484	382.243
925.819	381.711
926.154	378.442
926.489	381.422
926.824	376.18
927.159	379.094
927.495	378.029
927.83	378.479
928.165	380.747
928.5	385.329
928.835	388.075
929.17	383.638
929.505	380.251
929.84	383.259
930.177	382.155
930.512	378.236
930.846	382.373
931.181	379.718
931.516	382.555
931.851	380.923
932.186	379.536
932.52	377.558
932.855	382.71
933.19	378.786
933.525	375.33
933.861	382.018
934.196	381.773
934.531	381.797
934.866	385.625
935.2	377.266
935.535	378.369
935.87	372.675
936.204	378.335
936.539	384.469
936.873	381.714
937.208	379.877
937.543	381.7
937.877	375.928
938.212	386.109
938.546	379.881
938.881	385.417
939.215	382.318
939.55	381.355
939.884	383.198
940.219	379.52
940.553	380.605
940.888	382.975
941.222	376.769
941.557	379.754
941.891	379.366
942.226	374.134
942.56	379.512
942.894	377.382
943.229	381.817
943.563	382.832
943.898	383.267
944.232	378.767
944.566	380.458
944.899	379.986
945.233	382.066
945.567	379.209
945.901	380.599
946.236	379.489
946.57	377.523
946.904	376.84
947.238	381.649
947.573	378.191
947.907	381.465
948.241	381.226
948.575	377.632
948.907	379.037
949.242	381.589
949.576	379.212
949.91	382.851
950.244	381.242
950.578	378.027
950.912	380.024
951.246	380.401
951.578	379.479
951.912	377.409
952.247	374.766
952.581	382.669
952.915	381.656
953.249	382.092
953.581	379.848
953.915	385.756
954.249	384.333
954.583	381.837
954.916	379.766
955.25	383.661
955.582	379.596
955.916	379.334
956.25	381.271
956.584	378.619
956.918	382.553
957.25	383.984
957.584	379.129
957.917	375.895
958.251	381.301
958.585	383.874
958.917	380.491
959.251	379.156
959.585	378.112
959.918	375.946
960.25	377.642
960.584	380.841
960.918	382.065
961.251	381.758
961.583	377.988
961.917	382.363
962.25	383.232
962.584	376.645
962.916	382.134
963.249	384.097
963.583	373.624
963.915	378.567
964.248	378.892
964.582	379.306
964.915	380.025
965.247	381.957
965.581	385
965.914	376.682
966.246	378.37
966.579	384.013
966.913	374.761
967.244	377.364
967.578	380.7
967.911	387.096
968.243	385.577
968.576	381.614
968.909	377.073
969.241	379.619
969.574	382.533
969.908	378.167
970.239	379.54
970.573	380.493
970.904	378.313
971.237	383.788
971.571	381.615
971.902	380.939
972.235	381.334
972.568	375.252
972.9	380.797
973.233	383.443
973.564	384.988
973.898	384.83
974.231	376.916
974.562	382.903
974.895	374.854
975.227	385.311
975.56	382.331
975.891	385.752
976.224	382.087
976.557	386.726
976.888	381.595
977.221	383.935
977.553	383.918
977.886	375.045
978.217	385.221
978.55	387.25
978.881	384.268
979.214	385.292
979.547	384.24
979.878	379.938
980.211	379.695
980.542	383.408
980.875	384.976
981.206	379.634
981.539	380.523
981.87	390.005
982.203	389.581
982.534	384.435
982.867	383.33
983.198	385.641
983.531	386.398
983.862	386.177
984.195	378.395
984.525	385.698
984.856	381.86
985.189	386.351
985.52	384.445
985.853	381.282
986.184	378.388
986.516	388.241
986.847	377.481
987.18	380.251
987.511	391.108
987.841	386.35
988.174	383.451
988.505	382.987
988.838	386.571
989.168	378.123
989.501	384.088
989.832	382.894
990.162	390.992
990.495	386.808
990.826	384.765
991.158	384.647
991.489	382.374
991.82	387.794
992.152	381.639
992.483	379.975
992.813	384.525
993.146	384.461
993.476	386.332
993.809	395.194
994.139	383.422
994.47	386.326
994.802	387.945
995.133	386.309
995.463	389.96
995.796	383.803
996.126	384.723
996.457	390.54
996.789	386.344
997.12	380.394
997.45	381.057
997.782	380.457
998.113	383.745
998.443	382.839
998.773	382.051
999.106	386.543
999.436	382.963
999.766	381.165
1000.1	384.757
1000.43	382.949
1000.76	380.174
1001.09	385.153
1001.42	383.997
1001.75	386.972
1002.08	384.345
1002.41	381.794
1002.74	384.739
1003.07	383.878
1003.41	386.39
1003.74	389.789
1004.07	385.662
1004.4	385.406
1004.73	384.177
1005.06	381.544
1005.39	385.147
1005.72	385.423
1006.05	378.843
1006.38	381.386
1006.71	383.065
1007.04	388.733
1007.37	387.572
1007.7	382.693
1007.83	379.958
1008.16	381.872
1008.49	384.752
1008.82	385.37
1009.15	385.17
1009.49	386.103
1009.82	385.369
1010.15	384.807
1010.48	382.246
1010.81	377.641
1011.14	381.778
1011.47	383.18
1011.81	380.774
1012.14	383.92
1012.47	382.034
1012.8	380.536
1013.13	380.514
1013.46	378.013
1013.8	384.729
1014.13	385
1014.46	387.568
1014.79	383.721
1015.12	385.441
1015.45	389.349
1015.78	383.2
1016.12	382.296
1016.45	383.646
1016.78	390.13
1017.11	388.499
1017.44	382.632
1017.77	382.297
1018.1	383.053
1018.43	385.468
1018.76	388.107
1019.1	390.542
1019.43	390.955
1019.76	385.533
1020.09	384.009
1020.42	384.07
1020.75	386.625
1021.08	384.44
1021.41	378.744
1021.74	380.627
1022.08	386.41
1022.41	386.937
1022.74	381.744
1023.07	378.564
1023.4	379.344
1023.73	383.713
1024.06	382.551
1024.39	380.237
1024.72	383.398
1025.05	382.46
1025.38	381.113
1025.71	383.083
1026.05	385.364
1026.37	384.211
1026.71	383.421
1027.04	385.848
1027.37	386.042
1027.7	385.084
1028.03	380.852
1028.36	384.801
1028.69	384.343
1029.02	383.641
1029.35	382.43
1029.68	383.302
1030.01	381.62
1030.34	381.955
1030.67	383.593
1031	383.708
1031.33	378.018
1031.66	380.981
1031.99	385.662
1032.32	378.522
1032.66	380.271
1032.98	383.336
1033.32	379.071
1033.65	385.787
1033.98	380.19
1034.31	379.346
1034.64	382.178
1034.97	380.806
1035.3	381.065
1035.63	385.666
1035.96	381.171
1036.29	385.229
1036.62	380.611
1036.95	382.215
1037.28	377.241
1037.61	379.192
1037.94	382.138
1038.27	378.38
1038.6	376.254
1038.93	378.07
1039.26	384.399
1039.59	380.164
1039.92	386.625
1040.25	384.482
1040.58	387.91
1040.91	382.046
1041.23	378.419
1041.57	380.794
1041.9	385.32
1042.22	384.215
1042.56	379.026
1042.88	381.659
1043.21	382.138
1043.54	384.144
1043.87	383.206
1044.2	386.475
1044.53	382.634
1044.86	384.264
1045.19	380.582
1045.52	383.03
1045.85	378.092
1046.18	382.319
1046.51	386.257
1046.84	379.342
1047.17	378.244
1047.5	381.197
1047.83	380.244
1048.16	379.324
1048.49	387.864
1048.81	385.665
1049.15	385.418
1049.47	383.678
1049.8	378.842
1050.13	376.124
1050.46	377.718
1050.79	383.924
1051.12	380.145
1051.45	379.705
1051.78	378.707
1052.11	380.517
1052.44	382.047
1052.77	387.182
1053.1	382.438
1053.42	386.377
1053.75	381.715
1054.08	382.201
1054.41	380.277
1054.74	380.708
1055.07	383.744
1055.4	380.18
1055.73	383.855
1056.06	385.768
1056.38	386.948
1056.71	378.828
1057.04	379.451
1057.37	384.107
1057.7	378.144
1058.03	383.896
1058.36	379.234
1058.69	378.946
1059.02	382.824
1059.34	378.915
1059.67	382.938
1060	376.231
1060.33	378.823
1060.66	382.32
1060.99	380.491
1061.32	381.38
1061.64	385.978
1061.97	380.329
1062.3	379.744
1062.63	380.145
1062.96	385.712
1063.29	381.351
1063.62	382.793
1063.94	376.939
1064.27	384.899
1064.6	378.829
1064.93	383.561
1065.26	381.406
1065.59	379.203
1065.91	382.933
1066.24	386.213
1066.57	382.14
1066.9	380.56
1067.23	379.151
1067.55	378.74
1067.88	378.046
1068.21	378.551
1068.54	376.28
1068.87	377.156
1069.2	379.258
1069.53	385.629
1069.85	384.81
1070.18	380.434
1070.51	383.869
1070.84	384.84
1071.16	384.569
1071.49	384.885
1071.82	386.159
1072.15	383.965
1072.48	381.036
1072.8	380.076
1073.13	379.438
1073.46	388.378
1073.79	389.814
1074.12	383.866
1074.44	383.728
1074.77	385.451
1075.1	384.666
1075.43	379.404
1075.75	378.756
1076.08	382.376
1076.41	382.526
1076.74	381.556
1077.07	383.242
1077.39	376.094
1077.72	380.494
1078.05	380.074
1078.38	383.772
1078.7	387.982
1079.03	385.664
1079.36	379.395
1079.68	381.981
1080.01	386.203
1080.34	383.895
1080.67	380.647
1080.99	381.956
1081.32	380.684
1081.65	382.044
1081.98	378.636
1082.31	382.44
1082.63	379.218
1082.96	381.188
1083.29	386.377
1083.61	382.6
1083.94	386.078
1084.27	380.142
1084.6	378.169
1084.92	382.817
1085.25	380.545
1085.58	383.17
1085.9	382.216
1086.23	380.993
1086.56	383.69
1086.89	383.541
1087.21	378.688
1087.54	383.88
1087.87	384.823
1088.19	384.539
1088.52	388.586
1088.85	384.427
1089.17	380.647
1089.5	379.233
1089.83	376.36
1090.15	380.92
1090.48	380.288
1090.81	384.964
1091.14	383.355
1091.46	383.536
1091.79	383.054
1092.12	385.377
1092.44	384.191
1092.77	381.726
1093.09	385.9
1093.42	382.427
1093.75	382.272
1094.08	381.694
1094.4	380.984
1094.73	382.127
1095.06	380.326
1095.38	378.748
1095.71	383.138
1096.03	385.472
1096.36	382.955
1096.69	384.206
1097.01	384.15
1097.34	387.864
1097.67	389.968
1097.99	386.097
1098.32	382.901
1098.65	382.617
1098.97	383.733
1099.3	381.743
1099.63	383.002
1099.95	382.077
1100.28	385.336
1100.6	386.846
1100.93	384.533
1101.26	382.296
1101.58	380.875
1101.91	382.748
1102.23	381.724
1102.56	382.867
1102.89	385.333
1103.21	384.338
1103.54	382.131
1103.87	379.946
1104.19	381.526
1104.52	387.008
1104.84	386.952
1105.17	384.827
1105.5	385.791
1105.82	388.781
1106.15	385.795
1106.47	386.172
1106.8	382.234
1107.12	383.757
1107.45	383.102
1107.78	376.832
1108.1	379.815
1108.43	383.456
1108.75	381.544
1109.08	381.458
1109.4	385.165
1109.73	381.261
1110.06	383.382
1110.38	383.781
1110.71	379.223
1111.03	379.311
1111.36	386.456
1111.68	385.195
1112.01	382.823
1112.33	380.65
1112.66	386.826
1112.99	382.724
1113.31	379.895
1113.64	380.669
1113.85	380.581
1114.18	385.522
1114.51	379.235
1114.83	379.388
1115.16	381.284
1115.49	383.298
1115.81	380.506
1116.14	378.915
1116.47	382.034
1116.79	378.609
1117.12	379.361
1117.45	383.443
1117.77	384.087
1118.1	379.049
1118.43	381.128
1118.75	382.016
1119.08	386.22
1119.41	384.49
1119.73	382.597
1120.06	380.596
1120.39	379.24
1120.71	380.861
1121.04	381.454
1121.37	382.003
1121.69	379.992
1122.02	384.43
1122.34	379.605
1122.67	381.616
1123	377.912
1123.32	385.938
1123.65	378.628
1123.98	375.969
1124.3	380.111
1124.63	379.589
1124.95	376.556
1125.28	381.246
1125.61	386.621
1125.93	377.807
1126.26	381.315
1126.58	378.542
1126.91	384.266
1127.24	379.672
1127.56	379.675
1127.89	378.771
1128.21	377.544
1128.54	376.558
1128.87	382.371
1129.19	382.188
1129.52	377.672
1129.84	378.715
1130.17	382.531
1130.49	379.681
1130.82	378.816
1131.15	381.06
1131.47	385.28
1131.8	378.947
1132.12	377.44
1132.45	378.784
1132.78	377.561
1133.1	378.926
1133.43	378.969
1133.75	375.594
1134.08	380.325
1134.4	378.032
1134.73	378.547
1135.06	380.414
1135.38	380.178
1135.71	383.49
1136.03	378.296
1136.36	374.443
1136.68	375.898
1137.01	377.133
1137.33	375.785
1137.66	379.032
1137.99	374.595
1138.31	375.851
1138.64	378.66
1138.96	380.803
1139.29	378.786
1139.61	372.606
1139.94	373.864
1140.26	381.401
1140.59	378.211
1140.91	378.52
1141.24	378.509
1141.56	379.306
1141.89	377.865
1142.21	378.821
1142.54	383.622
1142.86	374.529
1143.19	379.103
1143.51	374.32
1143.84	373.116
1144.16	377.566
1144.49	381.996
1144.81	381.454
1145.14	377.77
1145.46	378.885
1145.79	378.55
1146.11	378.59
1146.44	377.669
1146.76	373.575
1147.09	375.385
1147.41	377.651
1147.74	376.303
1148.06	372.684
1148.39	377.233
1148.71	375.552
1149.04	379.542
1149.36	375.11
1149.69	377.354
1150.01	375.087
1150.34	375.427
1150.66	377.398
1150.98	373.71
1151.31	381.013
1151.63	375.313
1151.96	373.051
1152.28	373.746
1152.61	374.509
1152.93	373.388
1153.26	372.127
1153.58	372.702
1153.91	376.247
1154.23	378.622
1154.55	378.344
1154.88	375.586
1155.2	376.535
1155.53	375.372
1155.85	376.602
1156.18	372.545
1156.5	372.48
1156.83	372.634
1157.15	374.972
1157.47	371.415
1157.8	369.987
1158.12	370.183
1158.45	372.508
1158.77	372.364
1159.1	373.894
1159.42	373.822
1159.74	377.889
1160.07	377.67
1160.39	373.267
1160.72	370.425
1161.04	373.579
1161.36	371.869
1161.69	369.967
1162.01	370.353
1162.34	371.429
1162.66	368.958
1162.98	367.75
1163.31	373.504
1163.63	366.663
1163.96	370.659
1164.28	373.518
1164.6	374.385
1164.93	371.417
1165.25	370.273
1165.57	375.116
1165.9	369.864
1166.22	377.842
1166.54	375.973
1166.87	374.832
1167.19	373.284
1167.52	370.401
1167.84	377.287
1168.16	372.991
1168.49	371.215
1168.81	368.231
1169.13	375.642
1169.46	374.341
1169.78	374.993
1170.1	371.192
1170.43	374.798
1170.75	375.65
1171.07	368.926
1171.4	369.102
1171.72	370.139
1172.04	372.058
1172.37	374.258
1172.69	370.699
1173.01	375.126
1173.34	368.788
1173.66	374.472
1173.98	369.611
1174.31	375.953
1174.63	370.624
1174.95	374.022
1175.28	375.714
1175.6	373.072
1175.92	372.893
1176.25	374.209
1176.57	367.722
1176.89	374.197
1177.22	368.806
1177.54	369.61
1177.86	373.804
1178.18	368.827
1178.51	373.943
1178.83	379.942
1179.15	373.169
1179.48	371.148
1179.8	369.653
1180.12	370.085
1180.44	370.693
1180.77	372.477
1181.09	375.047
1181.41	373.708
1181.74	375.241
1182.06	373.737
1182.38	370.595
1182.7	365.656
1183.03	367.915
1183.35	371.115
1183.67	370.881
1184	373.938
1184.32	369.922
1184.64	373.053
1184.96	370.068
1185.29	369.179
1185.61	372.101
1185.93	376.669
1186.25	374.071
1186.58	372.109
1186.9	371.664
1187.22	366.437
1187.54	375.923
1187.87	371.115
1188.19	372.008
1188.51	372.386
1188.83	372.871
1189.16	368.353
1189.48	367.945
1189.8	371.371
1190.12	371.14
1190.45	371.709
1190.77	370.526
1191.09	373.612
1191.41	370.988
1191.73	375.102
1192.06	370.446
1192.38	371.47
1192.7	373.161
1193.02	371.725
1193.35	371.42
1193.67	374.697
1193.99	372.748
1194.31	371.83
1194.63	372.187
1194.96	370.528
1195.28	369.375
1195.6	373.762
1195.92	366.695
1196.24	367.805
1196.57	372.258
1196.89	375.142
1197.21	370.477
1197.53	369.752
1197.85	372.512
1198.17	371.538
1198.5	370.503
1198.82	370.381
1199.14	369.62
1199.46	369.268
1199.78	377.735
1199.89	377.706
1199.92	377.022
1200	372
